"","United States of America","Canada","Bahamas","Cuba","Haiti","Dominican Republic","Jamaica","Trinidad and Tobago","Barbados","Dominica","Grenada","St. Lucia","St. Vincent and the Grenadines","Antigua & Barbuda","St. Kitts and Nevis","Mexico","Belize","Guatemala","Honduras","El Salvador","Nicaragua","Costa Rica","Panama","Colombia","Venezuela","Guyana","Suriname","Ecuador","Peru","Brazil","Bolivia","Paraguay","Chile","Argentina","Uruguay","United Kingdom","Ireland","Netherlands","Belgium","Luxembourg","France","Switzerland","Spain","Portugal","German Federal Republic","German Democratic Republic","Poland","Austria","Hungary","Czechoslovakia","Italy","Malta","Albania","Yugoslavia","Greece","Cyprus","Bulgaria","Romania","Russia","Finland","Sweden","Norway","Denmark","Iceland","Cape Verde","Sao Tome and Principe","Guinea-Bissau","Equatorial Guinea","Gambia","Mali","Senegal","Benin","Mauritania","Niger","Ivory Coast","Guinea","Burkina Faso","Liberia","Sierra Leone","Ghana","Togo","Cameroon","Nigeria","Gabon","Central African Republic","Chad","Congo","Democratic Republic of the Congo","Uganda","Kenya","Tanzania","Burundi","Rwanda","Somalia","Djibouti","Ethiopia","Angola","Mozambique","Zambia","Zimbabwe","Malawi","South Africa","Lesotho","Botswana","Swaziland","Madagascar","Comoros","Mauritius","Seychelles","Morocco","Algeria","Tunisia","Libya","Sudan","Iran","Turkey","Iraq","Egypt","Syria","Lebanon","Jordan","Israel","Saudi Arabia","Yemen Arab Republic","Yemen People's Republic","Kuwait","Bahrain","Qatar","United Arab Emirates","Oman","Afghanistan","China","Mongolia","Taiwan","North Korea","South Korea","Japan","India","Bhutan","Pakistan","Bangladesh","Myanmar","Sri Lanka","Maldives","Nepal","Thailand","Cambodia","Laos","Vietnam","Malaysia","Singapore","Brunei","Philippines","Indonesia","Australia","Papua New Guinea","New Zealand","Vanuatu","Solomon Islands","Fiji","Samoa"
"United States of America",0,7545.789,534.855,3.1878,238.7746,822.4151,352.537,186.5302,190.631,25.1935,22.1596,58.7873,42.6329,60.14,43.885,10480.295,79.1525,51.5628,105.216,204.533,22.357,350.3734,76.691,954.8702,3801.8106,20.4039,117.6542,1010.3838,17.1588,4395.7715,27.3996,56.7151,155.465,647.1903,119.04,3435.668,1181.0855,3633.1474,286.1157,16.7147,1128.949,1089.1883,2857.3664,8.6896,0,102.196,269.2455,225.1794,139.0173,35.5665,4392.9232,3.6799,2.7965,107.021,11.9991,111.6181,133.2055,186.6153,3913.5778,89.3728,1200.3747,435.1764,165.9377,64.7531,0,3.9979,2.0351,0.231,9.5838,4.201,79.8595,7.2806,9.1859,9.8071,165.0793,116.9433,17.2981,103.869,54.9652,7.7075,23.288,386.476,5193.4932,398.9212,3.1904,38.538,507.7666,237.1907,18.1688,34.4644,28.735,2.4951,4.455,22.6584,2.9747,21.247,1898.8853,24.0974,20.2384,47.7355,20.7558,72.843,15.922,13.016,5.901,30.305,7.7876,150.9325,1.8561,391.4907,879.719,162.936,0.054,93.3564,51.186,615.175,1266.0724,1063.335,57.8231,71.4672,284.0172,968.115,3971.6455,204.3339,7.4695,207.9887,146.384,60.1246,190.769,64.2408,1.9466,5037.4051,1.6706,14304.737,0.5745,5098.02,48856.867,1241.5042,9.397,530.0391,189.4447,6.4511,353.8669,10.0802,45.0148,1793.7663,0.2888,0.4849,10.516,1124.1929,656.3252,28.6748,1175.6499,1657.7273,5991.2691,154.0293,89.517,14.7901,2.9148,14.3949,7.7434
"Canada",7545.789,0,9.0698,85.2165,7.4832,0.8246,76.3184,45.7032,38.1692,6.8181,3.1529,6.511,3.1529,7.915,3.7276,1183.2519,3.5414,15.0672,13.7368,17.4195,53.2991,30.6677,11.1682,32.7861,390.6829,14.2804,0.3365,57.2674,58.7351,481.0823,0.7755,0.0502,55.1842,98.202,64.7413,501.0158,21.8947,28.1741,117.2692,6.8508,496.6228,314.7066,177.6948,8.1353,0,24.7957,61.0444,167.5495,33.6617,33.7183,722.5288,11.6506,0.9357,44.3657,10.4036,4.2813,0.811,32.0933,530.1592,131.9719,478.5485,217.1301,98.9987,1.3218,0,0.4456,0.486,0.0313,0.1161,6.5857,18.9626,0.6039,0.5324,6.9475,6.1073,12.9309,2.9582,5.2923,14.6963,29.3845,33.3399,47.5989,451.8719,5.8724,0.1144,0.7174,1.183,8.3363,1.0077,2.5326,15.2192,0.3194,0.6027,2.6182,0.2766,14.2221,75.542,7.9007,10.357,8.9049,5.6161,102.1122,1.92,5.0981,31.9039,0.7211,0.0216,5.1703,0.3553,119.6637,296.6739,48.5326,16.9877,8.7705,232.1079,102.5377,265.6311,23.931,3.3714,2.6554,13.8476,49.2093,15.5266,9.2155,0.9966,36.3985,1.0077,4.3407,1.632,10.924,0.0358,20.4794,0,1420.684,1.4983,636.0499,266.5274,39.4855,0.018,13.8255,52.5692,0.9117,16.3005,0.5162,0.3235,43.8082,0.0034,0.1672,11.5281,80.0544,201.8695,1.6394,12.0391,131.9969,503.779,35.9418,28.125,0.0226,0.0251,12.5389,0.162
"Bahamas",534.855,9.0698,0,0.0332,0.1727,0.4477,3.823,1.0297,0.8576,0.0003,0,0.0427,0,0,0.0064,43.2127,0.028,2.138,0.133,0,0,0.8869,8.1875,45.6874,67.252,0.0433,0,4.507,4.2595,8.691,0,25.318,0,7.7227,0.239,14.2674,0.9567,14.9741,0.8031,0.0469,0.3717,3.4331,0.7716,6.16,0,0,2.2757,4.3146,0,0,13.9313,0.0008,0,0.29,0.5788,0.0433,0,4.888,4.364,15.907,1.0665,340.3558,43.9357,0.1626,0,0,9,0,9,9,2.9526,0,0,9,0,0,0,0,0.0011,0.0001,0,0,223.7001,25.941,0,0,0,0,0,0,0,0,0,0,0,9,0.5496,0,0,0.0898,0,0,0,0,0,0,0,0,9,0,4.05,0,0,0,0,1.421,70.711,0.019,1.046,5.2245,0,2.2,1205.2597,9,0,0,0,9,0,9.0052,0,2.24,0,0,0.0164,1.4511,4.0788,0.191,0,0.045,0,0,0.0011,9,0,0.6742,0,0,0,0.4291,30.934,0,0.2363,7.4838,4.5388,9.0013,0.612,9,0,0,0
"Cuba",3.1878,85.2165,0.0332,0,0,0,0,21.5867,0.1396,0.0002,0.0003,0,0.0004,0,0,95.8298,0,0,0,0,9.1392,0.4883,2.6425,29.013,542.806,3.1048,0.0394,0,9.7493,52.8896,0.1007,0,0,204.3365,16.6855,41.0877,1.7414,78.4066,33.0871,1.9329,9.7959,27.5959,146.06,20.4716,0,61.5686,5.1752,2.4664,41.5373,4.0919,44.6293,0.0879,0,55.4578,0.052,0.401,0,14.7653,0,8.0441,27.973,0.9036,16.7455,0.0017,0,0,0.619,0,9,0,0.0116,9.0013,0.0029,0,0.348,9,9,0,9,4.9262,0,0,0.0293,0.0142,0,0,0.0865,9,0,0,0,0,9,0,0,2.1982,9,9,0,0.0251,0,0,0,0,0,9,9,0,0,0.42,80.702,10.728,0,0,0,0.473,0,11.7504,15.2664,0,0,0,6.4367,0,3.5475,0,0,0,0,9.0026,0,23.0079,0,0,0,0,84.5739,1.8353,0,0,9,9,0,0,0,35.9108,9,0,6.2646,18.6584,0,9,0.011,6.3264,2.7866,9,0.0542,0,0,0,0
"Haiti",238.7746,7.4832,0.1727,0,0,1.7103,0.6254,14.1466,0.0562,0.002,9.009,0,0.0111,0,9.008,0.149,0,0.5135,0,0.121,0,0.3833,1.6668,0.3703,6.5283,0,0.2695,0,0.276,3.0065,0.0022,0,0.0287,0.8667,0.537,1.7975,0.1993,8.513,6.3869,0.3731,4.918,0.6859,0.3068,0.2477,0,0,0.0898,0.3342,0.0697,0.5083,16.7066,0,0,0.06,0.0089,0.0042,0,0.2053,0,0.1023,0.0256,1.3587,0.4957,0.0004,0,0,0,0,0,9,0,9,0,9,0.0063,9,0,0,9,0,0,0,0,0,9,0,0,0,0,9,0,9,9,0,9,9,0,9,0.5523,0,0,0,0,0,0,0,9,0,0,0.002,0,0.0008,0,0,0,0.213,0,0.0164,0,0,0,0.9979,9.0248,9,0,9,0,0,0,0,0,3.3036,0,0,0,1.6126,13.1568,0.072,0,0.13,0,0,0.1088,0,0,0.1828,0,0,0,0,0.3409,0,0,0,0.3398,0,0.4634,9,0,9,9
"Dominican Republic",822.4151,0.8246,0.4477,0,1.7103,0,3.0304,3.079,1.398,0.596,1.3984,0.9658,0.35,0.021,0,179.2146,0.0017,8.4049,2.4836,2.8373,0.0775,3.7882,38.3786,10.6138,247.3455,0.1588,2.6493,0.1155,7.9383,35.0438,0.0032,1.4145,6.1508,9.4503,0.431,4.3032,1.639,17.2365,16.3735,0.9565,3.9713,5.0671,4.5095,0.456,0,5.8745,0.0289,0.7421,0.0577,0.2309,19.3802,0.2003,9,0.1918,0.3828,0.0141,0,0.0433,32.1503,29.0229,11.884,7.3005,1.6774,0.3795,0,9,0,0,0,0,1.3462,9,0,0,0.1724,0,0,0,0,0,9,0,0,0,0,0,9,9,0,0,9,9,0,0,9,9,9,0,0,0,9,4.8064,0,0,0,0,0,0,0,9.145,0,0.4022,0,9,0,0.0662,0.2021,0.103,9,0,0,1.9053,0,0,9,9,0,9,0,0,0,0.6351,9,29.6181,1.1403,23.6265,268.6958,0.7307,0,0.0111,0.02,0,0.0103,0,0,0.7006,0,9,0,0.0254,0.6062,0,0.0662,0.1732,2.6463,0.0038,13.0035,9,0,0.0013,9
"Jamaica",352.537,76.3184,3.823,0,0.6254,3.0304,0,26.5579,7.5185,4.8893,1.4183,0.0657,0.1588,2.26,1.5037,39.3338,2.0315,0.156,0.017,0.735,0.02,6.924,7.44,2.0947,101.0748,0.8793,1.7269,3.272,0.7476,3.7092,0,0.0308,0.077,11.506,0.475,41.2481,1.3299,42.6519,11.8479,0.6921,19.9662,7.4876,1.4485,0.127,0,2.417,5.609,1.1073,0.174,0.549,11.9759,0.2843,0,2.384,0.4636,0.0589,0.172,0,18.375,0.8545,4.162,26.6535,2.2634,0.0513,0,0,9,0,0,0,0,0,0.006,9,0.023,0,0,0,0.0066,4.0417,0,0.071,0.032,0,0,0.005,0.004,0.004,0.1136,0.0837,0.003,0,9,0,0,0.041,0.055,0,0,0.1398,0.032,0,0.042,0,0,0,0,0,0,0.0062,0,0.05,0,0.091,0,1.261,0,0.016,0.026,0,0,1.667,0.2237,0,0,0,0.001,0,0.183,0.0026,0,11.084,0.015,20.133,2.841,13.1758,59.9217,1.691,0,0.0801,0.015,0.045,0.058,0,9,3.3575,0,0,0,1.7215,1.5341,0,0.35,1.328,2.4498,0.0199,17.4351,0,0,0,0
"Trinidad and Tobago",186.5302,45.7032,1.0297,21.5867,14.1466,3.079,26.5579,0,41.9774,6.6013,10.5102,0,3.3595,0,0,5.1985,0.4449,3.1227,0.4185,0.1801,0,2.3954,1.2457,2.6866,11.6402,24.2618,34.8082,0.602,0.4972,34.4703,0.03,0.1,4.0894,7.1006,2.7775,31.4939,9.1545,21.7175,10.2039,0.5961,29.1661,5.4875,11.0779,1.8262,0,0.382,1.1187,2.5563,0.1111,0.5484,20.4221,0.001,0,0.2081,0.0821,0,0,0,0.076,1.0667,8.2864,1.3788,6.1471,0.0369,0,0,2.1901,0,0,9,0.457,0.01,0,0,0.12,2.1131,0,0.0006,0,0.0026,0,0.03,28.8571,0,0,0.0017,0,0,0,0.0138,0.367,9,0,0,0,0.0762,0,0.022,0.0082,0.0291,1.0649,0.0155,0,0,0,0,0,0.0097,0.0005,0.5377,0,1.6298,0.054,0.0364,0.0105,0.8602,0,0.0483,0,0,0,1.1602,0.0169,0,0,0,0.0189,0,0,0,0.0058,5.9059,0,7.0992,0.0246,5.502,14.9683,2.6626,0,0.0196,0.0508,0,0.0876,0.02,0,0.888,0,9,0,0.7173,1.9326,0.02,0.1961,13.8788,8.1912,0.0013,9.2161,9,0,0.0007,0
"Barbados",190.631,38.1692,0.8576,0.1396,0.0562,1.398,7.5185,41.9774,0,2.232,3.2963,4.2029,3.2002,2.8165,3.9897,0.2719,0.142,0.4534,2.9034,0.0323,0.0006,1.121,0.5066,0.6078,27.8449,1.1314,0.3361,0.0025,0.1907,13.9649,0.0149,0.0324,0.349,1.2698,0.4959,37.5116,4.6596,9.074,2.8722,0.1678,8.4716,4.5675,2.595,0.3741,0,0.2202,0.1764,1.1852,0.1158,0.2204,4.7067,0.0104,0,0.0304,0.0586,0.0095,0.0026,0.0079,0.5957,2.8555,1.5443,2.2685,1.3126,0.0177,0,0,0,0,0,0,0,0,0,0,0,0,0,0,0,0,0,9,0.0298,9,0,0,0,0.0001,0,0.0564,0,9,0,0,0,0,0,0.0002,0,0.031,0.0716,0,9.0005,0,0,0.0062,0,0,0.0002,0.0035,0,0.0014,0,0,0.002,0.0601,0,0.1303,0.0003,0.0003,9,0.1892,0,0,0,0,0.0581,0,0.0924,0.0003,0,2.916,0,8.75,0,8.0532,36.7104,0.7908,9.0003,0.0839,0.0528,0,0.1599,9,0,1.5324,0,0,9,0.3329,1.1699,0,0.088,0.1569,2.1533,0,10.0409,0,0,0,9
"Dominica",25.1935,6.8181,0.0003,0.0002,0.002,0.596,4.8893,6.6013,2.232,0,0.0582,2.7312,1.3762,0.015,0.4227,0.3324,0.005,0.0076,0.0703,0.0131,9,0.4173,0.4827,0.1023,1.138,0.0056,0.0162,0,0.0017,1.2723,9.0043,9,0.0343,0.1407,0,23.4006,0.0293,1.7949,0.2645,0.0155,3.5668,0.5462,0.2218,4.4218,0,0.0028,0.0143,0.0208,0.004,0.1049,1.1269,0.002,0,0.09,1.2084,0.0639,0,0.0016,0.0685,0.0502,0.0443,0.1614,0.3255,0,0,0,0,0,0,0,0,0,0,0,0.0188,0,0,0,9,0.0009,0,0,0.0006,0,0,0,0,0,0,0,0,0,0,0,0,0,0,0,0,0.1146,0.0114,0,0,0,0,0,0,0,9,0,0,9,0,0,0,1.3095,0,0.0174,0,0,0,0.0024,0,0,0,0,0,0,0,0.0023,0,0.7822,0,0.9659,0.0138,2.2069,2.2437,0.0508,0,0,0.001,0,0.0081,0,0,0.0783,0,0,0,0.001,0.0646,0,0.0094,0.0055,0.005,9,0.0607,0,0,0.431,0
"Grenada",22.1596,3.1529,0,0.0003,9.009,1.3984,1.4183,10.5102,3.2963,0.0582,0,0.7129,0.507,0.0571,0.0918,0.0484,0.0113,9.1554,0.3344,9.0013,9,0.0467,0.1109,0.0168,0.4712,0.3267,0.1133,9.082,0.0087,0.6749,0,9,0.0014,0.035,0,7.5788,0.3101,0.2534,0.2268,0.0132,1.791,0.1195,0.5676,0.07,0,0.1407,0.0249,0.0804,9.0193,0.0596,0.5492,0,0,0.0427,0.0487,0.051,9.0013,0.0214,0.0235,0.252,0.167,0.3916,1.3626,9.0044,0,9,0,0,9.0036,0,9,9.0103,0,0,0,0,0,9,9,0,0,0,9.0007,0,9,0,0,0,9,9,9,9,9.0004,0,0,0,9,9,0,0,9,0.0026,0,0,9.0009,9,0,0,0,9,0,0.0077,0.0011,9,9,9.0181,9,0,0,9,9.1146,0.0357,0,9,9,0,9,0,0,9,9.0009,0.5307,0,1.6142,9.0152,0.798,6.095,0.0599,9,9.0015,0.0087,0,0.0153,0,0,0.7789,0,0,9.0014,0.0263,9.0812,9,9.0279,9.0558,0.0356,0,0.6889,0,0,0,0
"St. Lucia",58.7873,6.511,0.0427,0,0,0.9658,0.0657,0,4.2029,2.7312,0.7129,0,3.8935,0,0,0,0.0447,9,0,0,0,1.4232,0,1.1316,0.7216,0.2598,0,0,0,1.17,0,9,0,0.6693,9,44.6337,0.7939,4.3831,1.7384,0.1016,2.9719,0.4627,0.9303,0.0333,0,0,0,0.1009,0,0,0.0584,0,0,0,13.2082,0,0,0,0,0.0384,0.6553,0.4085,0.8108,0.0036,0,0,0,0,0,0,0,0,0,0,0,0,0,0,0,0,0,0,0,0,0,0,0,0,0,0,0,0,0,0.0082,0,0,0,0,0,0,0,0,0,0,0,0,0,0,0,0,0,0,0,0,0,0.0088,0,0,0,0,0,0,0,0,0,0,0,0,0,0,0,0.1566,0,1.3355,0,3.7195,13.7076,0.027,0,0,0,0,0.0029,0,0,0,0,0,0,0,0,0,0,0,0.1434,0,0.6483,0,0,0,0
"St. Vincent and the Grenadines",42.6329,3.1529,0,0.0004,0.0111,0.35,0.1588,3.3595,3.2002,1.3762,0.507,3.8935,0,2.691,1.7627,0.0594,0.0012,0.1879,0.6605,0.0042,0,0.2561,0.685,0.744,1.0324,0.3919,0.0205,9.0011,9,1.1901,0,0.0002,9.0001,0.4715,9,33.1515,0.3626,2.4297,0.2173,0.0127,0.853,0.2476,4.8849,0.016,0,0.1147,0.0147,0.1813,9.0133,9.0411,0.2919,0,9,0.006,5.9887,9.0444,9,9.0113,9.0119,0.0087,0.1569,0.5082,0.5033,0.0081,0,0,9,0,0.0034,0,9,9,0,0,0,9.0027,0,9,0,0.0011,0,0,9.0011,0,9,0,0,0,0,0,9.0003,0,9,0.0046,0,9,9,9,9,9,0.0147,9,0,9,9.0036,9,0,0.0005,9,9.0009,0,0.01,0,9,9,0.0117,0,0.0007,9,0,0,9.0763,9,9,9,9.046,9,0,0,0,9,0.706,0,2.2933,0.1402,0.9105,3.5239,0.0569,9,9.0044,9.0012,0,0.0155,0,0,9.3335,0,0,0,0.002,0.1661,0,0.0649,9.1333,0.0139,9,0.1659,0,9,9,0
"Antigua & Barbuda",60.14,7.915,0,0,0,0.021,2.26,0,2.8165,0.015,0.0571,0,2.691,0,0,0.0242,0.015,9,0,0,0,0.0904,0,0.1996,0,0.7068,0,0,0.1526,9,0,0,0,0.4125,9,33.5552,0.318,0.8619,0.0378,0.0022,6.1674,0.0556,0.0338,0.5251,0,0,0,0.2189,0,0,4.0901,0,0,0.08,1.3958,0,0,0,0,0.0035,0.2384,0.137,1.6623,10.2322,0,0,0,0,0,0,0,0,0,0,0,0,0,0,9,0,0,0,0.1319,0,0,0,0,0,0,0,0,0,0,0,0,0,0,0,0,0.0072,0,0,0,0,0,9,0,0,0,0,0,0.0068,0,0,0,0.169,0,0,0,0,0,0,0.0267,0,0,0,0,0,0,0,0,2.126,0,0,0,0.8021,0.6,0,0,0,0.07,0,0.018,0,0,0,0,0,0,0,0,0,0,0,0.0168,0,0.2257,0,0,0.0027,0
"St. Kitts and Nevis",43.885,3.7276,0.0064,0,9.008,0,1.5037,0,3.9897,0.4227,0.0918,0,1.7627,0,0,0,0.033,0,0,0,0,0.0773,0,0.1215,0,0.2306,0,0,0.0099,13.0415,9,9,9,0.1457,0,3.868,0.0545,1.2004,0.8881,0.0519,2.8217,0.4383,0.4878,0.1319,0,0,0,0.0304,0,0,1.2198,0,0,0,9.1905,0,0,0,0,0.0162,0.0167,0.5795,0.4704,0,0,0,0,0,0,0,0,0,0,0,0,0,0,0,0,0,0,0,0,0,0,0,0,0,0,0,0,0,0,0,0,0,0,0,0,9,0,0,0,0,0,0,0,9,0,0,0,0,0,0,0,0,0,0,0,0,0,0,0,0,0,0,0,0,0,0,0,0.015,0,0.1278,0,0,4.2306,0.0028,0,0,9,0,0,0,0,0,0,0,0,0,0,0,0,0,0.0017,0,0.0269,0,0,0,0
"Mexico",10480.295,1183.2519,43.2127,95.8298,0.149,179.2146,39.3338,5.1985,0.2719,0.3324,0.0484,0,0.0594,0.0242,0,0,8.8369,48.5821,62.2398,91.2189,7.8727,92.6528,157.4564,95.9102,0.6094,0.8987,0.063,35.5143,10.2465,96.2459,0.4419,1.9261,65.24,60.4089,41.2809,42.3933,91.9761,20.0661,38.3874,2.2426,129.7448,293.8358,779.161,64.5983,0,24.2348,6.3104,25.894,4.0061,14.6952,221.2569,0.0789,0.0011,6.8789,13.2576,3.1408,2.0251,30.995,48.9346,20.5671,205.3327,43.1937,28.1566,0.8162,0,0,0.0495,0.0605,0.099,0,1.4373,1.3907,0.0043,0.039,3.8353,0.0847,0.0095,11.1497,0.0066,1.0462,2.233,0.82,0.7639,2.5663,0.2684,0.5643,0.2746,0.0781,0.0374,0.1108,0.0034,0,0.0308,0,0.0009,1.5728,0.7711,3.531,0.0004,11.6216,1.5102,1.4126,0,0,0,0,0.0506,0.001,0,7.0983,19.4769,52.0736,0.8448,0.9977,10.5818,13.5143,2.4409,4.5382,0.0404,1.2859,0.3903,7.3119,5.7821,0.1298,0,10.6236,0.3006,1.0158,2.1178,0.3225,0.045,28.7879,0.0044,0,12.2782,15.2343,819.8455,44.8487,0,4.7853,0.2201,0.0349,15.2067,0.0176,0.0352,67.457,0.0704,0,0.028,4.9802,11.108,1.8037,2.1457,29.6284,39.434,0.7264,57.2404,0,0,0.4873,0
"Belize",79.1525,3.5414,0.028,0,0,0.0017,2.0315,0.4449,0.142,0.005,0.0113,0.0447,0.0012,0.015,0.033,8.8369,0,3.0093,0.9845,1.5525,0.052,1.346,0.2125,0.084,0.24,0.05,0,0,0.531,1.2215,6.3999,0,0.0055,0.1405,0.002,19.9178,0.5814,9.9276,0.0189,0.0011,0.656,0.2535,0.3835,0.4083,0,0.2155,0.003,0.0143,0.2155,0.0945,0.3801,0,0,1.077,0.04,0,0,0.004,0.0265,0.0248,0.0319,0.3595,4.185,0,0,0,0,0,0.0235,0,9,9.0006,0,0.0005,0,9,0,0,0,0.0005,0,0,0,0,9,0,0,0,0,0.0205,0,0,0,0,9,0,0.0025,0,0,0.1175,0.0445,0,0.01,0,0,9,0,0,9,0.008,0,0.0096,0,9,0,0.005,0,0.0055,0.013,0,0,0.0025,0.0005,0,0,9,0,0,0,0,0.0111,0.3245,0,4.3435,0,0.8484,5.9529,0.0645,0,0.01,0.0991,9,0.03,0,9,1.1372,0,0,0,0.0105,0.296,9,0.1815,0.0115,0.0135,0,0.631,0,0,0.0067,9
"Guatemala",51.5628,15.0672,2.138,0,0.5135,8.4049,0.156,3.1227,0.4534,0.0076,9.1554,9,0.1879,9,0,48.5821,3.0093,0,34.1922,41.2395,8.3243,18.7893,3.9147,6.4649,123.1057,0,0.0762,16.9928,5.1795,45.5038,0.0024,0.117,1.2645,11.0991,0.0181,26.6349,5.4876,1.8866,2.8155,0.1645,0.9638,1.402,11.7353,1.4451,0,0.913,0,8.8122,0,3.5191,9.0879,0.0367,9,3.283,0.3721,0.5791,0,10.6,0,19.0085,7.1433,4.3999,0.7086,0.63,0,0,0,0,0,0,0,0,9,9,0.0376,0,0,0,0,0,9,0,0.1089,9,0,0,9,0,9,0,0,9,0,0,0,0.0562,9,9,0,0.0024,0,5.9263,9,0,0,0,0,0,0,0.6685,0,0.0159,0,0,0.0661,0.6591,9,0.198,0,0,0,4.8288,13.2093,0,9,4.6668,0.396,9,0,1.2536,9,3.1494,9,29.7914,0,24.2302,56.1943,0.9765,0,1.3464,0.4388,9,0.4607,0,0,0.0761,0,0,0,0,2.317,0,0.1387,0.2495,2.3192,9,2.2312,0,9,0.0013,0
"Honduras",105.216,13.7368,0.133,0,0,2.4836,0.017,0.4185,2.9034,0.0703,0.3344,0,0.6605,0,0,62.2398,0.9845,34.1922,0,1.822,2.708,10.9283,25.6922,14.5879,49.4436,0,0,0.0919,0.694,22.9279,0.0851,0.0176,0.209,2.815,0.011,7.5527,0.6397,0.294,6.4814,0.3786,2.8273,10.3721,13.1155,2.9493,0,0.935,1.203,8.6293,0.315,13.78,24.668,0.16,0,3.325,2.4597,0.381,0,0.232,0.571,9.1739,22.7194,2.7887,0.5664,0.3158,0,0,0,0,0,9,0,0.0093,0,0,0.0031,0,0,0,9,0.008,0,0,0.14,0,9,0,0,0,9,0,9,9,0,0,0,9,0,0,0,0.0403,0,0.394,0,0,0,0,0,0,0,0.7667,0,1.4988,0,0,0,0.061,0,0.053,0,0,0,0.437,3.4386,9,0,0,0,9,0,9.2991,0,4.054,0,0,0,12.207,23.3862,0.028,0,0.0027,0,0,0.1236,0,0,0.3391,0,0,9,0.303,1.297,9,0.034,0.0416,7.0413,9,0.2643,0,9,0,9
"El Salvador",204.533,17.4195,0,0,0.121,2.8373,0.735,0.1801,0.0323,0.0131,9.0013,0,0.0042,0,0,91.2189,1.5525,41.2395,1.822,0,4.258,4.3071,4.7189,3.3235,49.2577,0,0,1.0889,4.519,11.768,0.0243,0.099,0.326,6.2684,0.012,6.949,1.0053,10.8303,6.2074,0.3626,5.1504,7.02,7.826,2.3567,0,0.144,0.014,4.6057,0.002,0.287,10.5044,0,0,0.27,0.0533,0.002,0,0.1,0,35.5893,6.6448,4.7027,1.2768,0.0659,0,0,0,0,0,0,0.0002,9,0,9,9,0,0,0,0,0,0,0,0,0,0,0,0,0,0,0,0,9,9,0,0,0,0,0,0,0,0,0.405,0,0,0,0,0,0,0,0.0919,0,0,0,0,0,0.164,0,0,0,0,0,0.2,0.0005,9,0,0,0,0,9,9,0,2.037,0,11.054,0,9.0141,31.9186,0.076,0,0.6858,9,0,0.2893,0,0,0.0386,0,0,9,0,0.903,0,0.009,0,0.0068,0,5.1317,9,0,0.0218,9
"Nicaragua",22.357,53.2991,0,9.1392,0,0.0775,0.02,0,0.0006,9,9,0,0,0,0,7.8727,0.052,8.3243,2.708,4.258,0,1.2923,34.6528,2.9762,1.259,0,0,43.0359,0.8017,15.681,0.0034,0,1.172,3.6154,0.093,10.3946,0.0413,7.701,2.0124,0.1176,2.6106,4.2813,1.0484,7.3436,0,15.974,1.647,11.596,1.045,4.9211,17.1493,0,9,0.52,0.5379,0,4.0103,0,141.9688,8.5149,11.2657,5.0241,5.8039,0.0283,0,0,0,0,0,9,0,9,0,0,0,0,0,0,0,0,0,0,0,0,0,0,9,0,0,0,0,9,0,0,0,0,0,0,0,0.0001,0,0,0,0,0,0,0,0,0,3.483,0,0,0,0,0,0.101,0,0.001,0,0,1.537,0.234,0,9,0,0,0,0,0,0,0,3.696,0,0,0.677,3.412,9.5244,0.283,0,1.6478,9.4338,0,0,0,0,0,0,0,0,0,0,0,0.253,0.01,0.0578,0,0.02,0,0,0.0013,9
"Costa Rica",350.3734,30.6677,0.8869,0.4883,0.3833,3.7882,6.924,2.3954,1.121,0.4173,0.0467,1.4232,0.2561,0.0904,0.0773,92.6528,1.346,18.7893,10.9283,4.3071,1.2923,0,16.6691,15.9833,141.8758,0.1525,0.1109,0.0527,8.1558,57.7581,0.2379,0.0741,6.8081,7.4124,0.1091,14.943,6.8538,29.018,1.6629,0.0971,11.4501,14.7141,13.3332,7.9312,0,35.7093,16.223,25.946,4.0191,8.1651,49.1294,0.9983,0.1984,3.2319,0.8241,0.0118,0.027,1.9012,8.9604,30.548,23.0575,9.968,6.5744,0.8738,0,9,9,9,9,0,0,9.0033,0,0,0.0077,0,9.2057,0,0,0,9,0,0,9,0,9,0.0009,0,9,0.0002,0.016,0,0,0,9,0.0025,0,0.007,0,0.0087,9,0.3696,10.2049,0,0,0,0,0.0012,0,1.4119,0,0.0002,0,0.0088,0,0.2097,0,0.006,0,1.0966,0.3121,3.7752,0.0569,9,0.0237,0.8272,0.1165,0,0.0033,1.9818,9,0.6045,9,35.5317,0.1905,28.4036,92.9908,0.3963,0,2.0737,9,0,0.1034,9,0,3.5002,9,0,9,1.0473,0.4796,9,0.4759,0.3709,0.9392,0,0.3646,9,9,0.0092,9
"Panama",76.691,11.1682,8.1875,2.6425,1.6668,38.3786,7.44,1.2457,0.5066,0.4827,0.1109,0,0.685,0,0,157.4564,0.2125,3.9147,25.6922,4.7189,34.6528,16.6691,0,69.0198,73.7664,2.3221,0.6002,51.9781,21.8994,92.4181,5.6426,43.6114,2.1926,3.9631,5.2121,5.4696,1.9956,87.1756,20.3322,1.1878,1.0968,112.7801,15.3294,9.3519,0,0.7199,2.2435,17.1585,0.0856,3.8448,66.0177,0.0002,9.0006,21.0067,19.0874,0.1276,0,0.0263,0.2431,10.2114,104.4442,791.8513,7.7832,1.6034,0,0,9,9.0002,0,0,0.0011,0,0.8154,0,1.8558,0,0,9,0,0,0,5.025,0.1933,0,0,0,0.3533,0.0909,0,0,9,9,0,9,0,0,0,9,0,0,0,2.0544,0,0,0,9,0,0,0,2.247,0.015,0.7892,0,0,0,10.706,5.4612,2.789,0,0.0003,0,11.1052,2.5271,0,0,1.93,0,9,0.3852,9,0,1.7056,0,17.4595,0,33.0421,42.778,0.3185,0,0.1768,0.072,9.0038,0.2397,9,0,4.316,0.0054,9,0,75.9437,63.9249,0,0.1648,0.1353,0.2001,0.0038,6.2086,9,0,0.0387,9
"Colombia",954.8702,32.7861,45.6874,29.013,0.3703,10.6138,2.0947,2.6866,0.6078,0.1023,0.0168,1.1316,0.744,0.1996,0.1215,95.9102,0.084,6.4649,14.5879,3.3235,2.9762,15.9833,69.0198,0,104.5783,0.0323,3.177,5.3998,68.6307,188.1129,3.57,7.6081,53.7504,169.9029,4.8806,24.0797,39.5395,148.2783,4.2327,0.2473,2.1107,84.5558,23.5012,17.9877,0,6.541,0.4178,20.8663,8.5016,26.8952,35.6006,0.0034,0,7.3164,1.0516,0.01,5.2252,6.9085,74.4413,58.5502,63.5275,30.9086,119.2064,0.1842,0,0.0378,0,0,0.0212,0.0814,0.0859,0.0105,9,0,0.2872,0.0299,0,0.0176,0,0.0022,0.1125,0.191,0.3225,0,0,0,0,0,0,0.0015,0,0,0,0,0,0.0106,0.1151,0.004,0,0.0814,0.0013,10.1184,9,9.0929,0,0,0,0,9,5.7836,0,0.2549,0.257,0.1082,0.0299,0.0605,0.0075,0.3192,0.09,0.0046,0.0051,41.3351,1.6845,0,0,0.6271,0.0769,0.0107,0.0172,0,0.0121,2.5229,0,15.2426,0.6011,0.379,182.492,25.3924,0,0.135,0,0.0113,0.8393,0,0.0065,2.9822,0,0,0,0.1628,7.5171,0.0594,0.0733,0.4032,8.6194,0.4999,0.379,0.2694,0,0.9973,0
"Venezuela",3801.8106,390.6829,67.252,542.806,6.5283,247.3455,101.0748,11.6402,27.8449,1.138,0.4712,0.7216,1.0324,0,0,0.6094,0.24,123.1057,49.4436,49.2577,1.259,141.8758,73.7664,104.5783,0,7.1465,2.4661,15.3737,22.5577,55.9073,1.1391,0.3641,117.8159,84.8764,0.9384,35.9591,16.9206,53.0067,53.3532,3.1169,84.3497,81.3019,53.3068,8.9057,0,0.043,3.8033,25.4529,0.4327,2.5835,363.2948,0.0005,0,12.8581,11.9007,0.0741,6.1435,2.9111,18.9299,16.0448,59.2801,25.9401,42.8581,0.0043,0,0,0,0,0,0,0,0.0278,0,0,3.9247,0,9,0,0.0088,0.0077,0,0.21,0.0634,0,0,9,0,0,0,0,0,9,0,0,0,0.0132,0,0,0,1.0073,0,0,0,0,0,0,0,0,0,1.8365,25.7552,7.0787,4.992,0,1.9241,12.6001,5.4637,0.2794,0,0.022,0.518,28.4475,0.1557,9,9,0.002,0,0,0,0.3199,0,20.1324,0,53.8802,0,20.4829,224.07,5.0372,0,5.6285,0.09,0,0.0395,0,0,22.754,0,0,0,0.8343,24.8746,0,1.3913,8.0163,33.2407,0,43.5469,0,0,0,9
"Guyana",20.4039,14.2804,0.0433,3.1048,0,0.1588,0.8793,24.2618,1.1314,0.0056,0.3267,0.2598,0.3919,0.7068,0.2306,0.8987,0.05,0,0,0,0,0.1525,2.3221,0.0323,7.1465,0,3.0707,0.104,0.0033,2.7304,0,2.954,0.3412,0.0363,0,65.2157,0.0574,3.5111,0.9732,0.0569,4.4105,0.3307,2.4057,0.1441,0,0.5874,0,0.1103,0,0,1.7291,0.0001,0,0.364,0,0,1.4411,0.88,4.4856,0.0014,0.0733,0.1289,0.2792,0,0,0,0,0,0,9,0,0,9,0,0,0,9,0,0,0,9,0,0.1246,0,0,0,0,0,0,0,0,9,0,0,0,0,0,0,0,0,0,0,0,0,0,0,0,0,9,0.305,0,0,0,0.0011,0,0.054,0,0,0,0,0,0,0,0,0,0,0,0,0,0.026,9,0.1537,0,2.3071,1.1078,0.1628,0.4893,0.0309,0,0.0258,0,0,0.0355,0,0,0.1875,0,0,0,0,0.0119,0,0,0.0028,0.6304,0.0243,0.4097,0,0,0,0
"Suriname",117.6542,0.3365,0,0.0394,0.2695,2.6493,1.7269,34.8082,0.3361,0.0162,0.1133,0,0.0205,0,0,0.063,0,0.0762,0,0,0,0.1109,0.6002,3.177,2.4661,3.0707,0,0,0.002,8.4084,0.0082,9,0,0.9466,0,20.1489,0.0385,13.2009,3.2879,0.1921,14.8602,0.0763,1.3079,5.3488,0,0,0,0.1329,0,0,7.2364,0,0,4.21,0.0003,0,0,0,0,0.0062,0.143,172.3331,0.4529,0,0,0,0,0,0,0,0.1526,9.0012,0,0,0,0,9,9,0,2.9405,0,0,0,0,0,0,0,0,0,0,0,0,0,0,0,0,9,0,0,0.0109,0,0,0,0,0,9,0,0.712,0,0.0395,0,0,0,0,0,0.03,9,0,0,0,0,0,0.0005,0,0,0,0,0,0,0,0,0.972,9,3.9059,0,2.2134,0.8655,0,0,8.2545,0,0,0.0042,0,0,0.26,0,0,0,0,0.1832,9,0.0196,0.5313,0.0001,0,0,0,0,0.0013,0
"Ecuador",1010.3838,57.2674,4.507,0,0,0.1155,3.272,0.602,0.0025,0,9.082,0,9.0011,0,0,35.5143,0,16.9928,0.0919,1.0889,43.0359,0.0527,51.9781,5.3998,15.3737,0.104,0,0,53.1801,164.3816,0.2396,0.0384,58.8725,18.4346,0.2509,13.9612,0.5039,7.621,13.8792,0.8108,13.9309,38.2277,8.8233,3.5827,0,1.7307,0.4814,9.8496,1.3785,0.5729,47.0233,0.1485,0,18.402,0.0645,0.0259,0.8821,0.0618,0.7912,8.352,3.8904,0.9045,1.3549,0.019,0,0,0,0,9,0,0.0005,0.1216,0,0,0,0,0,0,0,0,0,0,0,0,9,0,0,9,9,0,9,9,9,9,0,0,0,0,0,0.1552,9,17.8902,0,0,0,9,0,0,0,0.2915,0,0.0057,0.008,0,0,1.663,0,0.072,0,0,0,19.5,17.4945,0,0,0.0068,0,9,0,0,0,2.2291,0,13.1228,9,58.1154,47.8318,0.9013,0,0.0693,9,0,0,0,9,2.205,0,0,9,1.447,0.4008,0,0.04,2.6862,8.7525,0,17.1159,9,9,0.0127,0
"Peru",17.1588,58.7351,4.2595,9.7493,0.276,7.9383,0.7476,0.4972,0.1907,0.0017,0.0087,0,9,0.1526,0.0099,10.2465,0.531,5.1795,0.694,4.519,0.8017,8.1558,21.8994,68.6307,22.5577,0.0033,0.002,53.1801,0,99.2232,14.661,1.9602,2.8793,159.6585,9.647,138.4614,6.4469,31.9795,62.5367,3.6533,73.5236,53.2341,17.8223,19.7252,0,27.0287,9.2931,6.2005,38.4737,22.0474,200.492,0.0635,0.0407,76.6799,3.537,0.0245,9.9946,7.6558,119.8945,1.3726,14.1122,0.9784,1.6344,0.5301,0,0,0,0,0,0.0836,0.0002,0.0235,0.0007,0,0.2414,0,0,0,0,0.0208,0.009,0.727,1.164,0,0,0,0.0567,0.4062,0,0.053,0.014,0,9,0.0418,0,0,0,0,0,0.1458,0,0.0382,0,9,0,0,0,0,0,2.1523,22.6257,0.1614,2.679,0.0045,15.9571,10.4524,0,0,0.084,0.022,0.172,13.138,0.176,0.0209,0,0.133,0.029,0.058,0.023,0.0095,0.046,167.0964,0,110.3412,7.8749,88.6365,390.0102,7.2863,0,4.4721,0.207,0,0.3475,0,0,6.4146,0.0033,0.4774,0,2.4045,3.9261,0,15.6182,1.0976,0.6677,0,19.6444,0,0,2.7016,0
"Brazil",4395.7715,481.0823,8.691,52.8896,3.0065,35.0438,3.7092,34.4703,13.9649,1.2723,0.6749,1.17,1.1901,9,13.0415,96.2459,1.2215,45.5038,22.9279,11.768,15.681,57.7581,92.4181,188.1129,55.9073,2.7304,8.4084,164.3816,99.2232,0,98.5201,201.2033,98.9616,705.1195,339.7236,823.8004,9.9118,671.7316,306.7688,17.9212,1080.6735,383.9122,800.2682,276.6803,0,170.953,28.4261,162.4047,73.8463,98.3224,1586.5575,9.1347,0.0937,155.7104,189.595,19.4633,53.8476,18.0135,288.7625,39.4065,90.1402,26.0984,171.4546,1.016,0,0.0003,0.1482,0.2339,1.7746,0.8556,14.1143,1.4983,4.7957,0.7398,21.4999,12.0414,10.0219,0.3263,3.7481,4.548,2.498,23.8473,44.1959,46.1159,0.8182,0.1065,1.2125,2.6434,1.7925,6.9613,3.592,3.1147,2.35,2.7237,0.0176,3.384,61.4454,6.0538,0.7682,11.3825,0.8612,70.0221,9.0073,0.7061,9,2.9194,0.0483,4.9181,0.3004,62.386,93.3056,30.4736,31.558,6.0864,47.4054,214.3457,1483.8758,90.167,13.6104,20.2969,33.4243,8.1493,579.9898,11.1994,2.8051,243.9649,29.588,148.3734,163.731,28.6622,0.8939,806.1704,0,365.1383,2.3643,575.7568,1523.4126,182.9372,0,48.9616,11.1616,0.0026,16.064,9,2.2756,357.4728,0,0.0908,0.0161,194.2462,162.8758,2.1015,262.3687,285.3188,103.0097,1.4525,39.4048,10.0661,0.0389,0.9998,0.0155
"Bolivia",27.3996,0.7755,0,0.1007,0.0022,0.0032,0,0.03,0.0149,9.0043,0,0,0,0,9,0.4419,6.3999,0.0024,0.0851,0.0243,0.0034,0.2379,5.6426,3.57,1.1391,0,0.0082,0.2396,14.661,98.5201,0,0.5581,26.8227,164.5794,0.9695,20.8028,1.5639,1.9495,25.5664,1.4936,41.2722,4.2371,3.4639,0.4761,0,0.2507,0.0898,3.58,0.0864,1.1125,9.2917,0,9,0.065,0.0075,0.0094,9.0072,21.5003,1.0415,0.9887,7.5719,0.8728,2.959,0.265,0,9,0,0,0,9,0.0009,0,9,9,9.0072,0,9,0,9,0,9,0,0.082,0,9,0,9,0,9,0.001,0,0,0,0,0,0.005,0,0,0,0.0004,9,0.6437,0,9,0,9,9,0,0,0.2093,0,0,0.0184,0,0,0.6381,0,0.0757,0,0.0133,0.0304,0.3563,0.3264,0,0,0.0068,0,9,0.0388,9.104,9,2.6654,9,3.8082,1.0457,3.3005,45.7926,0.6945,0,0.0136,0.0148,0.005,0.5852,0,9.011,0.1036,9,9,0.007,21.497,0.007,9.0853,0.0093,0.1885,0.1143,0.0002,0.0266,9,0,9,0
"Paraguay",56.7151,0.0502,25.318,0,0,1.4145,0.0308,0.1,0.0324,9,9,9,0.0002,0,9,1.9261,0,0.117,0.0176,0.099,0,0.0741,43.6114,7.6081,0.3641,2.954,9,0.0384,1.9602,201.2033,0.5581,0,24.2308,25.7464,5.2547,15.0371,1.7378,70.7445,50.9722,2.9778,12.7991,3.1629,129.6953,28.2879,0,0.022,0.2521,5.48,0.1496,0.5389,49.6147,0.0084,0.262,7.9235,0.5716,0,0.0792,0.3069,0.0011,2.7231,1.6038,7.0425,4.5103,0,0,9,0,0,9,9.145,0.1522,0,0.019,9,0.1567,0,0,0,0,0,0,0,0.0022,0.002,0,0,0.0498,0,9,9,0,0,9,9,9,0,0.012,0,0,0,0,1.6495,0,0,0,0,9,0,9,0.3994,52.9796,2.9321,0.0165,0,0.0154,1.0076,0,0.463,0,0.8529,0,0.7786,1.155,9,0,0.1683,0,0.04,0,9.5124,0,20.874,9,11.9984,0,6.4074,71.9187,0.6417,0,0.0308,0,0,0.0088,0,0,0.8612,0,0,0,1.0828,2.2916,0,0.0785,0.0838,0.5254,0,0,0,0,0,9
"Chile",155.465,55.1842,0,0,0.0287,6.1508,0.077,4.0894,0.349,0.0343,0.0014,0,9.0001,0,9,65.24,0.0055,1.2645,0.209,0.326,1.172,6.8081,2.1926,53.7504,117.8159,0.3412,0,58.8725,2.8793,98.9616,26.8227,24.2308,0,287.5337,2.457,164.7248,1.8649,117.5955,11.3188,0.6612,380.1498,64.3331,105.6705,42.061,0,38.154,3.8174,1.4661,14.957,3.1885,362.3537,0.3211,0,64.77,34.8113,0.1525,0,2.6,0,7.821,43.5515,26.1551,15.3511,1.4017,0,0,0,0,0,9,0.0834,0,0,0,0.0815,0,9,0.331,9,0.05,0,14.3,140.7976,33.4,9,0,0,0,0,0,0,9,0,0,9.7146,9,36.8,0,0,0.0322,0,11.4,0,0,0,0,9,0,0,8.0123,0,8.0949,0.695,0,0,51.088,0,4.629,0,0,0,11.8,39.4975,0,9,5.3169,0,0,3.3,10.8986,0,131.442,9,316.6,0,172.9397,572.6853,32.1273,0,0.4362,0.1189,0,1.5633,9,0,22.5815,0,9,0,1.3016,75.5954,0,34.4381,65.9808,26.5794,4.3703,2.8358,9,9,0.0192,0
"Argentina",647.1903,98.202,7.7227,204.3365,0.8667,9.4503,11.506,7.1006,1.2698,0.1407,0.035,0.6693,0.4715,0.4125,0.1457,60.4089,0.1405,11.0991,2.815,6.2684,3.6154,7.4124,3.9631,169.9029,84.8764,0.0363,0.9466,18.4346,159.6585,705.1195,164.5794,25.7464,287.5337,0,88.9941,160.5256,8.7832,356.9237,162.1853,9.4747,169.926,12.3629,255.0811,51.6097,0,8.9673,11.2144,7.3792,4.2427,32.5433,201.5357,10.0495,4.5049,22.2839,42.6299,2.2301,71.2782,0.7424,888.1981,14.2243,6.9999,25.151,79.8509,0.2722,0,0,0,0,0,0,4.1525,0.032,0.0177,0,4.6864,0.048,0.4786,0.0057,0.0033,0.0351,0.432,3.645,1.1536,5.5949,0.2371,0,0.9251,1.2969,0.129,0.1033,0.227,0,0.013,0.0047,9,0.1698,32.8192,0.0117,0.0117,0.2684,0.0029,54.3002,1.496,0.1646,0.0148,0.1479,0,10.0985,0.0285,16.6122,39.245,22.4921,5.3568,0.2434,456.9912,92.7234,5.0548,4.8539,11.5329,1.8461,1.5478,38.8565,7.401,0.1128,0.0003,3.1109,5.5752,3.7427,4.1495,1.195,0.0339,552.0008,0.2519,73.2687,1.4967,0.2094,234.3742,65.9828,0,4.9905,18.1224,0.0065,1.2532,0,0,66.7978,0.1432,0,0.0556,36.3767,11.6533,0.3588,15.9618,17.5975,39.838,0.041,15.5277,0,0,0.0255,0
"Uruguay",119.04,64.7413,0.239,16.6855,0.537,0.431,0.475,2.7775,0.4959,0,0,9,9,9,0,41.2809,0.002,0.0181,0.011,0.012,0.093,0.1091,5.2121,4.8806,0.9384,0,0,0.2509,9.647,339.7236,0.9695,5.2547,2.457,88.9941,0,50.8596,0.0534,3.3656,6.5097,0.3803,26.5632,6.9571,4.6148,16.742,0,1.732,16.9695,8.2962,9.0588,24.6635,35.227,0.9604,9,1.929,4.0234,1.4099,1.7475,3.2167,67.826,10.3521,0.0634,1.163,0.0781,0.1671,0,0,9.0044,9,9,9,0.1538,9,0.0161,0,1.9404,9.0055,0,0,0,0,0.292,0.675,24.086,2.4387,9,9,0.2433,0.0946,0.034,0.037,0,9,0,9,0,9,0.6105,0,0,0.1,0.03,0.48,0,0,0,0,0,0,9,0.0002,0.26,1.2431,4.595,0.3372,36.058,0.623,24.5993,6.489,9,0.2618,0.314,31.354,4.9491,0,0,0.7795,0.002,9,10.451,9,0.001,107.971,9,8.191,0.1333,1.48,9.5009,0.9067,0,0.4154,1.724,9,0.571,0,0,7.2066,9.0352,0,0,2.0804,2.6312,0,0.358,0.002,1.1627,9,0.733,0,0,9,0
"United Kingdom",3435.668,501.0158,14.2674,41.0877,1.7975,4.3032,41.2481,31.4939,37.5116,23.4006,7.5788,44.6337,33.1515,33.5552,3.868,42.3933,19.9178,26.6349,7.5527,6.949,10.3946,14.943,5.4696,24.0797,35.9591,65.2157,20.1489,13.9612,138.4614,823.8004,20.8028,15.0371,164.7248,160.5256,50.8596,0,211.4184,7471.2534,1496.3637,87.4163,4130.706,3498.2082,84.9931,304.8601,0,23.6756,38.5622,552.6691,21.6478,89.3501,3554.3646,166.9373,2.3848,33.7018,281.1041,23.7993,100.919,108.0449,137.2387,1489.2731,2236.8299,4192.6037,1816.5047,208.4841,0,1.4685,1.8243,1.1285,32.2215,8.8091,12.3681,8.5155,22.3758,6.5317,56.8594,7.7344,7.6207,17.6164,5.1044,113.3165,16.6586,11.6219,344.3704,23.2608,2.2132,4.8939,1.7578,34.2982,36.238,153.6211,108.0635,0.4656,2.0578,17.5366,4.129,63.7251,42.7037,13.018,224.2028,40.4011,40.7949,251.8601,0.0998,35.2552,49.1023,0.2979,0.5863,269.5318,21.9523,14.8621,128.2455,4.3262,180.2336,116.8423,157.0537,145.5405,724.2363,39.233,45.6499,71.1693,98.4112,372.3795,1331.4214,64.2756,31.0351,168.5033,208.4574,147.3737,357.025,125.8362,5.6711,215.291,1.0186,1544.8791,3.8232,1076.1614,7183.2812,502.144,0.0556,52.7896,6.4948,11.897,21.5154,2.5463,0.6681,74.0648,0.5881,0.7644,2.0769,109.7309,81.4015,227.418,200.0722,87.4095,1648.332,30.0276,62.7922,0.5238,6.6992,95.5211,0.2066
"Ireland",1181.0855,21.8947,0.9567,1.7414,0.1993,1.639,1.3299,9.1545,4.6596,0.0293,0.3101,0.7939,0.3626,0.318,0.0545,91.9761,0.5814,5.4876,0.6397,1.0053,0.0413,6.8538,1.9956,39.5395,16.9206,0.0574,0.0385,0.5039,6.4469,9.9118,1.5639,1.7378,1.8649,8.7832,0.0534,211.4184,0,240.1104,295.8091,17.2809,939.7314,218.7393,268.3259,16.9132,0,9.7733,72.5885,86.1621,8.461,0.3096,533.2059,7.8304,0.0051,10.4965,72.466,8.2898,3.1033,8.4741,1.3626,28.7317,27.1343,159.6196,6.0198,4.7184,0,0,0,0.0015,0.3406,0.9446,0.9035,0.025,0.0233,0.4132,11.0663,59.2694,0.2147,1.1071,0.3096,22.514,0.6067,9.6379,15.783,2.5101,0.201,0.2503,0.5965,3.488,1.3874,0.2067,0.2997,0.1543,2.2682,0.133,0.8496,4.6104,8.2386,0.5552,3.2879,4.1889,0.3126,21.9869,0.0279,0.0075,1.2904,1.0719,0.0239,1.3684,0.0152,10.442,8.924,7.267,34.259,1.2819,107.8329,13.3516,68.0424,96.8609,1.8556,8.4076,4.9394,1.139,49.7489,6.3385,0.5955,19.6141,6.8973,3.797,21.4037,5.9777,1.3193,47.0782,0.0021,73.493,0.0889,7.0197,365.3687,22.6991,9,5.4442,3.5228,0.0055,5.284,0.0584,0.7967,13.5695,0.0003,0,0.876,1.5083,10.7408,0.4095,3.3058,9.6528,133.3729,0.4703,0.8516,0.0108,0.0752,0.0612,0
"Netherlands",3633.1474,28.1741,14.9741,78.4066,8.513,17.2365,42.6519,21.7175,9.074,1.7949,0.2534,4.3831,2.4297,0.8619,1.2004,20.0661,9.9276,1.8866,0.294,10.8303,7.701,29.018,87.1756,148.2783,53.0067,3.5111,13.2009,7.621,31.9795,671.7316,1.9495,70.7445,117.5955,356.9237,3.3656,7471.2534,240.1104,0,2415.3,141.0998,1936.3902,993.9161,964.8994,411.6751,0,189.667,33.1571,164.6004,46.2813,32.2987,4615.2832,32.4159,0.7539,43.2458,941.952,33.3781,53.7514,74.0014,582.3554,270.5125,268.5665,615.3208,320.2188,132.846,0,0.0368,8.2163,3.3001,8.3004,22.0011,30.4939,17.6749,18.795,14.4023,73.5504,15.1901,13.2203,3.978,1.9341,28.6637,47.8217,10.3288,283.6535,56.4893,4.8625,3.9779,70.6317,25.6854,36.3095,56.5043,13.2308,0.6098,2.9513,5.901,7.3872,9.6579,68.6584,13.4693,18.5709,8.2576,0.679,99.2725,9.2035,11.1343,2.4676,4.68,1.9892,6.9324,3.5311,38.1402,377.4867,52.4559,10.7863,102.9041,619.7148,133.4491,500.3902,195.2629,42.2992,47.4766,51.3471,94.5119,711.1223,59.0284,17.0242,1003.6383,29.9198,33.7473,136.7382,67.6979,8.7241,51.9829,0.072,532.3663,3.3923,145.1539,2021.4816,213.325,0,46.1499,66.9146,0.1179,21.8314,0.1135,1.5989,283.5417,0.0674,1.3807,7.7704,258.2836,73.7144,13.7427,25.1135,179.8816,147.0265,11.2252,50.7068,3.9062,0.2515,4.016,0.1679
"Belgium",286.1157,117.2692,0.8031,33.0871,6.3869,16.3735,11.8479,10.2039,2.8722,0.2645,0.2268,1.7384,0.2173,0.0378,0.8881,38.3874,0.0189,2.8155,6.4814,6.2074,2.0124,1.6629,20.3322,4.2327,53.3532,0.9732,3.2879,13.8792,62.5367,306.7688,25.5664,50.9722,11.3188,162.1853,6.5097,1496.3637,295.8091,2415.3,0,0,2660.199,392.85,802.0159,344.4192,4262.102,40.5038,40.3999,254.436,45.0389,15.1924,3212.1873,3.5052,2.3809,21.466,406.8331,14.4839,52.021,24.4327,548.5732,226.9611,534.628,183.604,262.6086,15.0602,2.636,1.0865,0.5574,3.373,22.4864,4.3745,14.8334,1.7195,46.5222,6.5569,100.6785,21.003,5.2342,563,54.657,27.1726,0.7936,10.7991,85.2403,5.8956,59.0031,0.085,82.5665,507.4738,0.3307,13.9359,19.0662,16.1845,41.4014,3.0423,3.5525,6.5192,208.8303,6.5664,65.8624,7.2656,1.1149,326.1941,2.2014,13.5445,8.2954,3.4391,2.6171,0.8409,1.1243,55.2333,126.774,45.7947,108.4164,4.2705,549.839,225.7707,155.4016,77.304,72.2587,69.3393,30.5833,1291.2185,107.3866,23.9886,7.9553,40.3337,2.6549,12.0463,8.5127,14.2477,18.3576,136.3354,0.5574,151.8442,3.3919,259.1034,735.172,761.1919,0,38.8693,32.8509,0.4535,42.0155,0.0189,0.2834,92.9028,0.0378,0.7653,6.2924,20.0204,101.1509,1.3605,49.4322,12.5187,67.5914,0.6425,179.6075,0.6614,0.1417,1.5211,0.0283
"Luxembourg",16.7147,6.8508,0.0469,1.9329,0.3731,0.9565,0.6921,0.5961,0.1678,0.0155,0.0132,0.1016,0.0127,0.0022,0.0519,2.2426,0.0011,0.1645,0.3786,0.3626,0.1176,0.0971,1.1878,0.2473,3.1169,0.0569,0.1921,0.8108,3.6533,17.9212,1.4936,2.9778,0.6612,9.4747,0.3803,87.4163,17.2809,141.0998,0,0,155.4064,22.95,46.8532,20.1207,248.989,2.3662,2.3601,14.8639,2.6311,0.8875,187.6533,0.2048,0.1391,1.254,23.7669,0.8461,3.039,1.4273,32.0472,13.2589,31.2325,10.726,15.3414,0.8798,0.154,0.0635,0.0326,0.197,1.3136,0.2556,0.8666,0.1005,2.7178,0.3831,5.8816,1.227,0.3058,32.89,3.193,1.5874,0.0464,0.6309,4.9797,0.3444,3.4469,0.005,4.8235,29.6462,0.0193,0.8141,1.1138,0.9455,2.4186,0.1777,0.2075,0.3808,12.1997,0.3836,3.8476,0.4244,0.0651,19.056,0.1286,9.2655,0.4846,0.2009,0.1529,0.0491,0.0657,3.2267,7.406,2.6753,6.3336,0.2495,32.1211,13.1893,9.0784,4.516,4.2213,4.0507,1.7867,75.4319,6.2734,1.4014,0.4647,2.3563,0.1551,0.7037,0.4973,0.8323,1.0724,7.9646,0.0326,0.9821,0.1981,15.1366,42.9481,44.4682,0,2.2707,1.9191,0.0265,2.4545,0.0011,0.0166,5.4273,0.0022,0.0447,0.3676,1.1696,5.9092,0.0795,2.8878,0.7313,3.9486,0.0375,10.4925,0.0386,0.0083,0.0889,0.0017
"France",1128.949,496.6228,0.3717,9.7959,4.918,3.9713,19.9662,29.1661,8.4716,3.5668,1.791,2.9719,0.853,6.1674,2.8217,129.7448,0.656,0.9638,2.8273,5.1504,2.6106,11.4501,1.0968,2.1107,84.3497,4.4105,14.8602,13.9309,73.5236,1080.6735,41.2722,12.7991,380.1498,169.926,26.5632,4130.706,939.7314,1936.3902,2660.199,155.4064,0,1647.545,1372.2461,224.5776,0,276.1283,43.1307,100.8552,146.2885,24.1194,583.535,27.8326,4.2631,7.5361,306.1461,246.2094,93.2241,399.5523,728.2135,354.5274,588.5749,1917.4939,274.2715,52.147,0,2.7496,3.9572,6.5928,14.5829,116.7139,116.4563,32.3092,74.8296,127.7603,122.9475,84.6144,77.3929,76.8267,3.142,4.6748,102.7325,84.5044,208.3432,216.1038,54.7113,61.6836,46.0043,55.6111,25.9309,87.0301,0.0464,7.1425,17.5315,72.0533,54.4168,4.7408,147.6714,41.1282,180.202,6.1165,6.6326,191.4336,2.7891,1.7839,23.8926,9.0729,32.1398,52.3681,8.6228,7.1498,169.858,464.4231,215.7867,24.6599,768.0863,6.7234,311.8726,351.4236,46.5815,172.8857,108.1484,1.2819,944.3382,52.9584,0.6869,47.617,49.8128,46.6216,10.0594,63.9088,5.5945,299.5654,3.8002,745.5263,8.5636,383.3075,2323.2026,19.5296,0,9.7736,30.5624,1.6867,23.2927,0.016,15.429,199.9911,1.9907,1.5125,28.7173,269.1009,421.2011,13.6049,35.8785,4.6511,122.0976,2.183,89.917,0.9994,0.4427,7.73,0.0818
"Switzerland",1089.1883,314.7066,3.4331,27.5959,0.6859,5.0671,7.4876,5.4875,4.5675,0.5462,0.1195,0.4627,0.2476,0.0556,0.4383,293.8358,0.2535,1.402,10.3721,7.02,4.2813,14.7141,112.7801,84.5558,81.3019,0.3307,0.0763,38.2277,53.2341,383.9122,4.2371,3.1629,64.3331,12.3629,6.9571,3498.2082,218.7393,993.9161,392.85,22.95,1647.545,0,439.0888,176.018,0,744.4164,544.9723,629.6763,105.2969,425.8872,705.8408,10.8313,2.3751,190.5774,186.4948,25.1253,155.5678,25.4196,415.6555,41.1025,270.1517,10.0212,50.1934,57.9145,0,0.0111,0.2629,0.0035,3.0773,1.3886,1.7759,0.1864,0.222,1.8286,8.1855,1.4392,1.0878,9.7772,0.2626,6.7966,5.1858,10.1788,49.6397,5.7975,0.7476,0.6939,0.4868,33.4826,2.798,17.0821,11.3532,0.371,7.6876,0.4679,1.4292,13.6351,6.8609,5.1792,3.7394,16.3801,1.5417,406.1433,0.2,9.2492,4.9714,5.7236,0,18.3409,0.1371,74.6928,123.7787,30.7972,0.8609,26.7173,261.0961,271.8713,205.5506,189.4894,18.6724,12.842,31.5971,985.8676,958.644,2.5149,2.1645,128.3902,9.2392,11.4977,99.4542,52.5046,1.8531,290.7102,0.0194,14.0679,6.5222,157.2354,1195.9981,34.0747,0,120.0015,72.8501,0.9995,3.0764,0.1487,9.8811,204.3991,0.0004,0.22,6.6271,183.5783,399.9063,27.7784,37.5951,122.1107,400.9991,1.0932,54.5718,0.5165,0.4,1.6907,0.2366
"Spain",2857.3664,177.6948,0.7716,146.06,0.3068,4.5095,1.4485,11.0779,2.595,0.2218,0.5676,0.9303,4.8849,0.0338,0.4878,779.161,0.3835,11.7353,13.1155,7.826,1.0484,13.3332,15.3294,23.5012,53.3068,2.4057,1.3079,8.8233,17.8223,800.2682,3.4639,129.6953,105.6705,255.0811,4.6148,84.9931,268.3259,964.8994,802.0159,46.8532,1372.2461,439.0888,0,1097.3215,0,22.3399,50.7806,255.5785,29.652,20.9025,3339.7658,32.4357,7.4945,50.1964,128.9168,31.4398,8.4614,106.0908,824.3522,213.7392,895.8257,112.1081,262.765,39.7899,0,1.4502,1.3144,2.6416,1.841,7.706,7.4143,0.166,8.0348,28.2998,68.4645,55.4738,1.4316,31.0911,6.9483,16.768,19.8465,89.1281,1249.9114,10.4715,7.1066,6.1779,75.8731,11.9922,17.3366,0.3493,6.1516,2.3182,1.2226,0.6538,0.3712,1.9471,60.2139,12.2648,1.076,20.5149,4.2038,349.593,17.5033,0.5491,1.0137,6.1329,0.0273,0.8682,11.5489,170.1075,222.1268,62.0299,640.6417,0.1447,611.0383,83.4956,465.4005,36.5551,3.7349,43.1284,15.47,32.3912,312.7784,4.1658,0.99,11.1396,32.937,7.6602,28.3693,14.7621,1.529,188.193,0.0929,499.7395,6.2279,384.4783,2708.0519,69.18,0.0169,42.536,9.2169,1.8118,5.3905,0.0338,0.3447,68.1071,0.0008,0.1436,8.0758,156.785,87.8231,1.1107,34.4789,67.2412,40.6725,24.1516,57.8887,16.58,0.1943,0.1196,0
