"","United States of America","Canada","Cuba","Haiti","Dominican Republic","Jamaica","Trinidad and Tobago","Mexico","Guatemala","Honduras","El Salvador","Nicaragua","Costa Rica","Panama","Colombia","Venezuela","Ecuador","Peru","Brazil","Bolivia","Paraguay","Chile","Argentina","Uruguay","United Kingdom","Ireland","Netherlands","Belgium","Luxembourg","France","Switzerland","Spain","Portugal","German Federal Republic","German Democratic Republic","Poland","Austria","Hungary","Czechoslovakia","Italy","Albania","Yugoslavia","Greece","Cyprus","Bulgaria","Romania","Russia","Finland","Sweden","Norway","Denmark","Iceland","Mali","Senegal","Benin","Mauritania","Niger","Ivory Coast","Guinea","Burkina Faso","Liberia","Sierra Leone","Ghana","Togo","Cameroon","Nigeria","Gabon","Central African Republic","Chad","Congo","Democratic Republic of the Congo","Uganda","Tanzania","Burundi","Rwanda","Somalia","Ethiopia","South Africa","Madagascar","Morocco","Algeria","Tunisia","Libya","Sudan","Iran","Turkey","Iraq","Egypt","Syria","Lebanon","Jordan","Israel","Saudi Arabia","Yemen Arab Republic","Kuwait","Afghanistan","China","Mongolia","Taiwan","North Korea","South Korea","Japan","India","Pakistan","Myanmar","Sri Lanka","Nepal","Thailand","Cambodia","Laos","Vietnam","Republic of Vietnam","Malaysia","Philippines","Indonesia","Australia","New Zealand"
"United States of America",0,447.8999,6,4.49,138.92,46.1,46.7,142.5,2.7,4.3,2.5,19.5,9.6,48.48,20.3,484,31.25,10.1,82.19,25,3.848,14,283.8,16.9,266.3,18.5,368.4,35.283,1.817,310,49.6,211.7,6.1,0,1,45,31.5,1,4,394.8,0,124.9,39.2,8.3,1,1.35,2,2.1,132.2,4.3,47.6,0.5,0,5.8,0.6,3.5,0.9,21.2,0,1.3,19,4.2,41.7,0.4,1.3,9.1,1.8,0,1.1,0.5,16,26.7,5.6,0,0,2.1,13.3,50,15.1,45.3,47,32.5,26.9,6.1,27.1,86.2,30.7,167,23.5,38,17,168.3,11,0,31,9,0,0,127,9,208.3,340.7,411.6,235.3,8.7,26,0,49.4,7.8,3.2,93.151,0,0,66.7,29.3,205.73,85.45
"Canada",447.8999,0,7.6,0.5,2.41,17.7,3.2,11.3,1,7,0.6,0.1,2.5,6.01,0.3,185.3,4.33,8.1,4.89,0.7,0.2,4.4,17.6,2.6,412.5,11.9,3,1.902,0.098,17.4,6.9,5.2,2.4,0,1,31,2.1,0,5.6,19.6,11.9,1.3,4.2,0.2,0.4,0.21,1.5,3.3,2.8,52.1,10.2,1.1,0,0,0,0.8,0,0.2,0.8,0,0.5,1.7,0.8,0.1,0,1.7,1,0,0,0,0.5,2.1,2.7,0,0,0,0,17.8,0,0.1,1.5,0,0.1,0.1,30,1.1,0.4,1.3,0.2,2.2,0.2,0.2,38.6,9,9.3,0,132.2,0,2.3,0,1.9,126.3,12.6,9.4,1.1,13.8,0,2.7,0,0,0.232,0,0,15.1,2.1,62.62,13.1
"Cuba",6,7.6,0,0.003,0,0,0,0.8,0,0,0,0,0,0,0,2.6,0,0,1.4,0,9,1.4,0,1.2,12.6,0,4.5,0.0951,0.0049,0.5,2.7,7.1,0,0,0,0,0.1,0,0,1.2,0,4.7,14,9,0,0.9,0,0.1,3,1.6,0.4,0.1,9,0,9,0,0,0,0,9,0,9,0,0,0,0,0,0,9,0,0,0,0,0,0,9.1,0,0,9,17.6,0,1.9,9,0.9,9.5,0,10.2,0.3,3.8,0,0,0.3,0,9,0,0,0,0,0,0,0,25.2,7.4,1.7,9,0,0,0,9,0,0,0,0,0,0,0.1,0
"Haiti",4.49,0.5,0.003,0,0.19,0.83,0.729,0.05,0.001,0,0,0,0.001,0,0,0.005,0,0.01,0,0,0.004,0.029,0.009,0.01,1.38,0.02,0.97,1.7594,0.0906,3.37,1.02,0.045,0.038,0,0,0.091,0.05,0.063,0.05,4.57,0,0,0,0,9.057,0,0,0.049,0.06,0.51,0.39,0,0,0,9,0,9,0,0,0,0,0,0,0,0,0,0,9,0,0,0,0,0,0,9,0,9,0,0.01,0.001,0.002,0,0,0,0,0,0,0.02,0.02,0,0,0.01,9,9,9,0,0,0,0,0,0,2.62,0.15,0.05,0,0,0,0,0,0,0,0,0,0,0,0.02,0.02
"Dominican Republic",138.92,2.41,0,0.19,0,0,0.11,0.22,0,0,0,0,0,0.11,0,4.43,0,0.09,0,0,0,0.5,0.3,0,1.9,0.08,1.12,1.0271,0.0529,1.24,2.37,3.59,0.11,0,0.29,0.17,1.28,0,0.22,0.01,9,0,0,0,0,0,0,0.11,2.58,0.66,0.34,0,0,9,9,0,0,9,0,0,0,9,0,9,0,0,0,0,0,0,9,0,9,0,0,0,9,0,0.05,0.3,0.24,0.1,0,9,0,0,0,0,9,0,0,0,0,0,9,0,0,9,0,0,0,2.66,0.2,0,0,0,0,0,0,9,0,0,0,0,0.18,0,0
"Jamaica",46.1,17.7,0,0.83,0,0,6,0.4,0,1.6,0,0.2,0,0.2,0,3.9,0,0,1.7,0,0,0.2,0.4,0.1,13.9,0,11,1.6167,0.0833,5.3,0.9,0,0,0,0,0,0,0,0.1,1.7,0,0,0,0,9,0,0,0.1,1.4,10.2,0.6,0,0,0,0,0,9,0,9,0,0,0,0,0,0,0,0,0,0,0,0,0,0,0,9,0,0,0,0,0,0,0,0,0,0,0,0,0,0,0,0,0,0,0,0,0,0,0,0,0,0,7.4,0.7,0,0,0,9,0,0,0,0,0,0,0,0,1.77,4.5
"Trinidad and Tobago",46.7,3.2,0,0.729,0.11,6,0,0.1,0.7,0.5,0,0.1,0.5,0,11.5,65.7,0,0,3.47,0,0,1.6,0.4,0,7.5,0,23.1,1.3314,0.0686,14.1,0,12.9,0.4,0,0,0,0,9,0.6,0,0,0,0,0,0,0,0,0,13.4,0.1,0.9,0,9,0,0,0,0,0,0,0,0,1.2,0.6,0,0,0,0,0,0,0,0,0,0,9,9,0,0,0,0,0,0,0,0,0,0,0,0,0,0,9,0,0,81.7,9,0,9,0,0,0,9,0,3.9,1.2,0,0,0,0,0,0,9,0,0,0,0,0,2.99,4.1
"Mexico",142.5,11.3,0.8,0.05,0.22,0.4,0.1,0,3,1,2.1,1.6,1.3,4.66,2,5.6,0.44,0.3,11.14,0.2,0,2.2,0.1,0.8,23.3,0.4,3.3,3.2335,0.1665,0.4,11.2,10.8,2.4,0,0.1,0.1,0.5,0.2,0.5,0.8,0,0.1,0.1,0,0,0.02,5.5,2.8,12.6,0.4,1.4,0,9,0,0,0,0,0,0,9,0.3,0,0,0,0,0,0,0,9,0,0,0,0,0,9,0,0,1.8,9,0.1,0.2,0.2,0,0,0,0,0,0.1,9,0.1,0,1.3,0,9,0,0,0,0,0.9,9,1.7,108.2,0.1,0,0,1.4,9,0.5,9,9,0,0,0,4.4,7.1,5.34,0.6
"Guatemala",2.7,1,0,0.001,0,0,0.7,3,0,1.5,2.6,1.4,0.1,0.22,0.2,1.5,0,0.1,0.1,0,0,0,0.1,0.3,5.4,0,0.3,0.1902,0.0098,2.7,1.8,0,0.3,0,0,0,0.9,0,0,1.2,9,0,0,0,0,0,0,0.7,4.4,3,1,0,0,9,0,9,0,0,0,0,9,0,0,9,0,0,9,0,0,9,0,9,0,9,0,9,0,0,0,0,0,0,0,0,0,0.2,9,0,0,9,0,0,0,0,0,9,0,9,0,0,0,6.6,0,0,9,0.2,0,0.2,0,0,0,0,0,0,0.2,0,0
"Honduras",4.3,7,0,0,0,1.6,0.5,1,1.5,0,4.6,0.1,0.1,0.13,0.5,0.7,0.2,0.2,0,0,0,0,0,0.1,1.6,0,0.1,1.3314,0.0686,0.6,0.5,0.1,0.1,0,0.1,0.5,0.5,0.1,0.7,0.3,0,0,0,0,0,0,0,0.1,0,0,0.6,0,9,0,0,0,0,9,0,0,0,9,0,0,0,0,0,9,0,0,0,9,9,9,0,0,9,0,0,0,0,0,0,0,0,0,0,0,0,0,0,0,0,9,9,0,0,9,0,0,0,4.2,0.4,0.1,0,0,0,0,0,0,9,0,0,0,0,0,0
"El Salvador",2.5,0.6,0,0,0,0,0,2.1,2.6,4.6,0,1.1,1,0.78,0.3,0.8,0,0,0,0,0,0.1,0,0.1,4.4,0,9.6,2.6629,0.1371,1.4,0.7,0.1,0.2,0,0,0,0.3,0,0.3,1.6,0,0,0,0,0,0,0,0.2,1,0.3,0.8,0,0,0,0,0,0,9,0,0,0,0,0,0,0,0,0,0,0,0,0,0,0,0,9,0,0,0,0,0,0,0,0,0,0,0,0,0,0,0,0,0,0,9,0,0,0.2,0,0,0,0,16.5,0,0,0,0,0,0,0.1,0,9,0,0,0,0,0,0
"Nicaragua",19.5,0.1,0,0,0,0.2,0.1,1.6,1.4,0.1,1.1,0,0.6,2.99,0.1,1.3,0.1,1.2,0,0,0,0,0.1,0,1,0,0.5,2.8531,0.1469,1.6,0.3,0.2,1.7,0,0,0,0.4,0,0,0.3,9,0,0,0,0,0,0,0.1,0.4,0.1,0.6,0,0,0,9,0,0,0,0,0,0,0,0,0,0,0,0,0,0,9,0,0,0,0,0,0,0,0,0,0,0,0,0,0,0,0,0,0,0,0,0,0,0,9,0,0,0,0,0.1,0,0,19.9,0.8,0.1,0,0,0,0,0,0,9,0,0,0,0,0,0
"Costa Rica",9.6,2.5,0,0.001,0,0,0.5,1.3,0.1,0.1,1,0.6,0,1.07,0.7,1.8,0.22,1.5,0,0,0,0.1,0,0,4.7,0,1.6,1.1412,0.0588,1,0.4,0.4,0,0,0,0,1.2,0,0,1.5,0,0,0,0,0,0,0,0.1,0.8,0.1,0.1,0,0,0,0,0,0,0,0,0,0,0,0,0,0,0,0,9,0,9,0,9,0,9,0,0,0,0,0,0,0,0,0,0,0,0,0,0,0,0,0,0.2,0,9,0,9,0,9,0,0,0,6.8,0.2,0.2,0,0,0,0,9,0,9,0,0,0,0,0,0
"Panama",48.48,6.01,0,0,0.11,0.2,0,4.66,0.22,0.13,0.78,2.99,1.07,0,9.17,12.11,0.55,0.98,1.23,0.7,0,3.47,1.74,0.3,5.09,0,2.47,2.4441,0.1259,1.21,0.78,0.14,0.11,0,0,0.11,0.09,0,0,0.49,9,0,1,0,0,0,0,0.2,0.26,0.38,18.23,0.11,0,0,0,0,0,0,0,0,9,0,0,0,0,0,0,0,0,0,0,0,9,0,9,9,0,0.22,9,0,1.32,0,2.64,0,0,0,0,0,0,9,0,0.5,0,0,0,0,0,0,0,0,0,8.13,0.22,0,0,0,0,0,0,9,9,0,0,0.26,0.22,0.09,0.77
"Colombia",20.3,0.3,0,0,0,0,11.5,2,0.2,0.5,0.3,0.1,0.7,9.17,0,0.6,4.24,3.8,0.1,0,0,0.1,1.5,2.3,11,0,10.6,2.1874,0.1126,8,8.3,2.3,0.3,0,0,0,0.8,0,1,13.2,0,2,0,0,0,0,0,0.3,0.5,1.5,3,0,0,0,0,9,0,0,0,0,0,0,0,0,0,0,0,0,0,0,0,0,0,0,9,0,0,0.2,0,0.2,0,0.1,0,0,0,0,0,0,0,0,0,0.1,0,9,0,9,0,9,0,0,0,12.7,0.1,0,0,0,0,0,0,9,0,0,0,0.5,0,0.28,0
"Venezuela",484,185.3,2.6,0.005,4.43,3.9,65.7,5.6,1.5,0.7,0.8,1.3,1.8,12.11,0.6,0,0.66,1.5,118.07,0.2,0.2,9.1,41.2,10.6,149.5,3.4,14.8,2.6629,0.1371,22.6,19.5,30.9,1.5,0,0,0.2,4.1,0.7,3.1,35.5,9,0.4,0,0.1,0,0,0,1.3,8.4,41.1,11.3,0.3,0,4.5,0,0,0,3.7,0,9.4,1.3,3.3,4.4,0.1,0.7,3.4,0.5,0,9,1,0.1,0,0,0,0,0,0,1,0,0,0,0,0,2.2,0,0.1,0,0.1,0,0,0,0.1,0.1,9,0,0,0,0,0.1,0,0,26.7,1.2,0.4,0,0,0,0,0,0,0,0,0,2.8,1.9,5.09,4.3
"Ecuador",31.25,4.33,0,0,0,0,0,0.44,0,0.2,0,0.1,0.22,0.55,4.24,0.66,0,1.77,0,0.1,0,2.06,1.58,0.11,5.8,0,2.31,5.0309,0.2591,1.19,1.1,0.23,0.33,0,0,0,3.1,0,0,0.38,9,0,0,0,0,0,0,0.12,0.21,0.15,1.22,0,9,0,9,0,0,0,0,0,0,0,0,0,0,9,0,9,0,0,9,9,9,0,9,9,0,0.22,9,0.3,0.1,0,0,0,0,0,0,0,0,0,0,0.1,9,0,0,0,0.11,0,0,9,0,3.01,0.33,0,0,0.66,9,0,0,0,0,0,0,0.1,0,0.44,0
"Peru",10.1,8.1,0,0.01,0.09,0,0,0.3,0.1,0.2,0,1.2,1.5,0.98,3.8,1.5,1.77,0,12.95,1.4,0.2,20.5,19.4,1.1,31.6,0.9,7.8,13.7898,0.7102,2,4.4,2.4,0.3,0,0,1.6,0.7,0.4,1.5,3.5,0,0.4,0.4,0,0,0,0,1.6,7.5,0.7,5.4,0,0,0,0,0,0,0,0,0,0,0,0,0,0,0,0,0,0,0,0,0,0,0,9,9,0,0.3,0,0.1,0,0,0,0,0.3,0,0,0,0.2,0.2,0,0.8,0,0,0,0,0,0,0,0,0.3,29.3,2.9,4.2,0,0.5,0,0,0,0,0,0,0,0.5,0.3,0.86,0.7
"Brazil",82.19,4.89,1.4,0,0,1.7,3.47,11.14,0.1,0,0,0,0,1.23,0.1,118.07,0,12.95,0,0.05,0.868,10.06,31.56,17.64,21.87,1.1,14.85,2.9196,0.1504,5.47,9.12,5.97,0.76,0,0.86,0.18,3.58,1.79,5.48,3.35,9,10.55,2.89,0.4,2.3,0.46,4.02,5.8,8.6,3.91,7.8,0.08,0,0,0,0,0,0,0,9,0.1,0,0.3,0.1,0,0.1,0,0,9,0,0.88,0,0,0,0,0,0,5.43,0.1,2.56,0.06,0.9,0,0,0,0.6,0.2,0.3,1.4,5.3,0.6,1.78,54.45,0,28.16,0,0.44,9,2.9,0,0,26.12,0.14,0,0,0,0,4,0.1,9,2.696,0,0,1.4,0.6,2.97,0
"Bolivia",25,0.7,0,0,0,0,0,0.2,0,0,0,0,0,0.7,0,0.2,0.1,1.4,0.05,0,0,4.1,6,0.3,29.3,0,2.8,1.9971,0.1029,1.6,1.5,0.1,0.2,0,0.3,0,0.1,9,0.8,1.1,0,0.4,0,0,9,0,0,0.1,1.2,0.2,0.6,0,0,9,0,0,0,0,9,0,0,9,0,0,0,9,0,9,0,0,0,0,9,0,0,0,0,0.1,9,0,0,0,0,0,0,0,0,0,0,0,0,0,0,9,0,9,0,0,0,0,0,6.8,0,0,0,0.1,0,0,0,9,0,0,0,0,0,0,0
"Paraguay",3.848,0.2,9,0.004,0,0,0,0,0,0,0,0,0,0,0,0.2,0,0.2,0.868,0,0,0.1,3.965,1.523,3.66,0,0.778,1.1507,0.0593,2.917,0.495,0.072,0,0,9,9,0.1,9,0,0.217,0,0,0.3,0.1,0,9,9,0,0.737,0.1,0.1,0,9,0,0,0,0,0,0,9,9,0,0.2,0,0,0,0,0,0,0,0,0,0,9,0,0,0,0,0,0.1,0,0.2,0,0,0,0,9,0,9,9,0,0,0,0,0,0,0,0,0,9,0,2.244,0.5,0,9,0,0,0,0,9,0,0,0,0,0,0,0
"Chile",14,4.4,1.4,0.029,0.5,0.2,1.6,2.2,0,0,0.1,0,0.1,3.47,0.1,9.1,2.06,20.5,10.06,4.1,0.1,0,27.7,0.2,48.6,0.4,2.1,1.7118,0.0882,10.5,0.2,3.7,0.1,0,0.1,0.4,0.2,0,0.9,10.5,0,0.1,0.1,0,0,0,0.4,0.7,14.4,0.5,5.6,0,0,0,9,0,0,0,0,9,0,0,0,9,0,9,0,0,0,0,0,0,0,0,9,0,0,0.2,0,0,0,0.4,0,0,0,0,0,0.1,0,0.1,0,0,0,9,0,0,0,0,0,0,0,46.2,1.9,1,0,3.7,0,0,0,0,9.2,0,0,0.1,0.2,0.34,0
"Argentina",283.8,17.6,0,0.009,0.3,0.4,0.4,0.1,0.1,0,0,0.1,0,1.74,1.5,41.2,1.58,19.4,31.56,6,3.965,27.7,0,6.1,140.5,7.1,68.6,47.8365,2.4635,17.2,1.3,22,1.3,0,2.1,14.3,0.9,3,9.4,48,9,7.7,11,0.1,0.5,2.02,0.2,4.8,12,3.5,6.6,0,0,0,0,0,0,0,0,0,0.1,0.1,0.7,0,0.1,0.3,0,0,0,0,0.1,0.4,0.1,0,0,0,0,0.3,0,2,5.4,0,0,0,0.3,0.2,0.1,0.8,0.4,0.4,0.1,1.4,0,0,0.9,9,25.7,0,0.6,0,1.4,29.5,19.8,2.8,0,0.2,0,0.7,0,0,0.031,0,0,5.9,0.1,1.85,0.1
"Uruguay",16.9,2.6,1.2,0.01,0,0.1,0,0.8,0.3,0.1,0.1,0,0,0.3,2.3,10.6,0.11,1.1,17.64,0.3,1.523,0.2,6.1,0,6.9,0,5.9,2.2825,0.1175,2.5,0.1,0.3,0.1,0,1.8,2.3,0.6,1.6,2.4,1.1,0,0.1,0.1,0,0.1,0.1,12.5,0.8,3,0.2,2.3,0,0,0.4,9,9,0,0,0,9,0,0,0,0,0,0,0,0,0,0,0,0.1,0,9,0,9,9,0.8,0,0.2,0,0.2,0,0,0,1.9,0,0.1,9,9,0,0.7,12.6,9,0,9,0.6,9,0,0,0,2.4,1.5,0.5,9,0.6,9,0.1,0,0,9,0,0,0.3,0.1,0.9,0
"United Kingdom",266.3,412.5,12.6,1.38,1.9,13.9,7.5,23.3,5.4,1.6,4.4,1,4.7,5.09,11,149.5,5.8,31.6,21.87,29.3,3.66,48.6,140.5,6.9,0,23.4,168.8,129.4342,6.6658,14.2,33.7,45.7,16.9,0,8.4,15.2,39.9,6.2,2.6,66.8,0.3,8.1,54.5,8.1,5.9,28.59,87.7,62.3,5.6,62,50.7,4.5,0.5,0.9,0.4,2,0.5,0.6,1.2,1.3,6.5,38.2,48.8,3.3,16.2,1.4,1.3,0.5,0.1,1.2,18.8,3.8,23.1,0,0,2.8,2.6,4.7,1.2,21.2,22.2,4.5,19.6,37.9,1.9,28.9,89.3,32.8,18.3,25.2,20.1,52.5,32.6,0.2,401.3,9.6,40.7,0,0.9,0,4.5,7.1,9.8,49.3,1.1,45.6,0,26.7,1.5,0.5,4.75,0,0,21.4,25.5,238.36,161.96
"Ireland",18.5,11.9,0,0.02,0.08,0,0,0.4,0,0,0,0,0,0,0,3.4,0,0.9,1.1,0,0,0.4,7.1,0,23.4,0,19.6,14.2653,0.7347,15.4,3.4,2.7,1,0,1.9,4.7,0.8,0,0,5.5,0,0,0.4,0.3,0,0,5.9,10.4,9.2,1.4,2.7,0.6,0,0,0,0,0,0,0,0,0,1.1,2.3,0,0,1.1,0,0,0,0,0.3,0.3,0.9,0,0,0,0,2.4,0,3.6,0.2,0,0,0,0,1.1,17.9,0.3,0,0,0,0.9,4.1,9,0,0,0.6,0,0,0,0,9.5,9.6,2.9,0.1,1.6,9,0.1,0,0,0.5,0,0,0.1,1,7.58,2.7
"Netherlands",368.4,3,4.5,0.97,1.12,11,23.1,3.3,0.3,0.1,9.6,0.5,1.6,2.47,10.6,14.8,2.31,7.8,14.85,2.8,0.778,2.1,68.6,5.9,168.8,19.6,0,358.8209,18.4791,37.8,16.5,11.5,8.4,0,8.4,3.4,3.5,3.5,9.6,16.6,0,6.8,22.4,3.4,0.7,1.72,4.4,15.2,74.7,51.9,93.5,2.5,0.4,2.5,0.1,0.1,0.4,3,2,0.7,0.1,2.7,14,1,12.8,19.3,2.3,0.4,0.5,0.7,1.6,1.4,4.2,0,0,0.2,1.8,6.8,1.7,2,0.5,28.9,3.3,5.9,11.3,4.6,10,5,77.2,46.3,3.1,19,13.7,0.1,110.5,0.6,10.3,0,2.2,0,1.5,5,17.6,5.2,4.3,4.5,0,12.9,0.7,0.4,0.25,0,0,2.6,18.6,25.27,0.29
"Belgium",35.283,1.902,0.0951,1.7594,1.0271,1.6167,1.3314,3.2335,0.1902,1.3314,2.6629,2.8531,1.1412,2.4441,2.1874,2.6629,5.0309,13.7898,2.9196,1.9971,1.1507,1.7118,47.8365,2.2825,129.4342,14.2653,358.8209,0,0,159.5816,42.8911,8.9396,11.0319,151.498,3.2335,4.66,6.8474,3.709,8.0837,30.5278,0,1.7118,29.3866,3.1384,1.7118,0.485,19.4009,10.3661,21.0176,24.9168,53.2573,0.951,0.7608,1.3314,0.3804,0,0.0951,0.951,0.951,0,17.0233,0.1902,0.5706,0.6657,1.7118,4.8502,0.6657,0.0951,1.6167,2.9482,126.5812,0.5706,1.0461,0,0,0.0951,0.8559,30.5278,0.6657,5.4208,0.7608,12.6486,7.7984,0.8559,14.836,7.7033,32.4299,0.5706,2.9482,5.611,3.5188,1.902,4.5649,0,11.5074,0.1902,3.0433,9,0.2853,0,0.5706,18.3547,1.2363,14.1702,0.6657,3.1384,0,3.1384,0.6657,0,0,0,0,2.6629,0.3804,39.1156,23.3952
"Luxembourg",1.817,0.098,0.0049,0.0906,0.0529,0.0833,0.0686,0.1665,0.0098,0.0686,0.1371,0.1469,0.0588,0.1259,0.1126,0.1371,0.2591,0.7102,0.1504,0.1029,0.0593,0.0882,2.4635,0.1175,6.6658,0.7347,18.4791,0,0,8.2184,2.2089,0.4604,0.5681,7.8021,0.1665,0.24,0.3526,0.191,0.4163,1.5722,0,0.0882,1.5134,0.1616,0.0882,0.025,0.9991,0.5339,1.0824,1.2832,2.7427,0.049,0.0392,0.0686,0.0196,0,0.0049,0.049,0.049,0,0.8767,0.0098,0.0294,0.0343,0.0882,0.2498,0.0343,0.0049,0.0833,0.1518,6.5189,0.0294,0.0539,0,0,0.0049,0.0441,1.5722,0.0343,0.2792,0.0392,0.6514,0.4016,0.0441,0.764,0.3967,1.6701,0.0294,0.1518,0.289,0.1812,0.098,0.2351,0,0.5926,0.0098,0.1567,9,0.0147,0,0.0294,0.9453,0.0637,0.7298,0.0343,0.1616,0,0.1616,0.0343,0,0,0,0,0.1371,0.0196,2.0144,1.2048
"France",310,17.4,0.5,3.37,1.24,5.3,14.1,0.4,2.7,0.6,1.4,1.6,1,1.21,8,22.6,1.19,2,5.47,1.6,2.917,10.5,17.2,2.5,14.2,15.4,37.8,159.5816,8.2184,0,221.5,54.9,36.5,0,7.5,0.9,31.8,19.9,10.7,134.4,4,14.2,36.2,4.7,0.9,0.66,27.4,7.1,17.7,28.2,52.4,0,8.7,26.2,6,25,0.4,14.1,1.3,17.4,3.5,2.1,4.1,1.5,14.5,1.4,21.2,2.1,4.2,37.4,22.8,0.6,0.2,0,0,0.1,0.9,29.1,37,2.7,94.8,43.6,1.7,4.2,16.5,9.9,139.2,0.5,1.7,30.6,3,24.7,35.9,0.8,141.9,0.7,26.4,0,0.1,0,0.4,21.4,1.2,9.7,1,2,0,9.7,8.1,1.8,12.25,0,0,3.3,9,102.16,55.7
"Switzerland",49.6,6.9,2.7,1.02,2.37,0.9,0,11.2,1.8,0.5,0.7,0.3,0.4,0.78,8.3,19.5,1.1,4.4,9.12,1.5,0.495,0.2,1.3,0.1,33.7,3.4,16.5,42.8911,2.2089,221.5,0,5.3,14,0,0,1.3,7.9,3.3,4.1,148.6,0,9,7.1,0.7,0.7,8.73,1.1,23.4,4.6,18.5,27.3,0.5,0,0.4,0,0.2,0,0.5,0.4,0,0.6,0.2,0.2,0.2,0.2,9.7,0.7,0.1,0,0.7,1,0.3,0.4,0,0,0.1,0.1,18.1,0.2,0.7,1.8,0.6,0.8,0.3,2.1,1.4,6.7,12.5,2.9,7.3,1.1,15.4,8.3,0.1,3.9,0.9,6.3,0,0.2,0,1.6,16.2,3.6,5.5,1.9,1.1,0,14.1,0.2,0.1,0.762,0,0,3.4,0.3,29.17,4.43
"Spain",211.7,5.2,7.1,0.045,3.59,0,12.9,10.8,0,0.1,0.1,0.2,0.4,0.14,2.3,30.9,0.23,2.4,5.97,0.1,0.072,3.7,22,0.3,45.7,2.7,11.5,8.9396,0.4604,54.9,5.3,0,4,0,0.1,3.6,1.5,0.6,0.4,9.5,0,0.8,1.8,1,0.6,1.08,1.7,1.6,11.6,4.3,2.4,0.9,0.1,1.1,0,0.1,0.1,0.4,0,0,0,0.1,1.8,0.3,0,0,0,0,0.2,0,1.3,8,0.9,0,0,0.1,0,5.8,0.2,7.1,0.4,0,0.2,4.8,22.8,1.8,41.2,6.3,1.8,2.1,1.4,0.7,68.4,0,18,0,0.2,0,0.2,0,0,5.2,2.2,5.7,0,0.9,0,1.2,0,0,2.213,0,0,6.4,0.3,26.01,2.9
"Portugal",6.1,2.4,0,0.038,0.11,0,0.4,2.4,0.3,0.1,0.2,1.7,0,0.11,0.3,1.5,0.33,0.3,0.76,0.2,0,0.1,1.3,0.1,16.9,1,8.4,11.0319,0.5681,36.5,14,4,0,0,0,0,1.1,0,0,7.7,0,0,1.8,1.4,0,0.7,0,1.7,5.8,0.1,7,1.1,0,0,0,0,0,0.1,2.5,0,0,0.4,0,0.1,0.8,0,0.3,0,0.6,0.7,1.1,0.1,0.2,0,0,0,0.1,0.5,0.1,1.5,0.1,0.6,0.5,0,2,2.6,21.1,0.5,5,1.1,0.5,4.1,0.2,0,0,0,0,0,0,0,0,3.5,0.1,2.6,0,0,9,1.2,0,0,1.706,0,0,0.8,0.4,1.39,1.4
"German Federal Republic",0,0,0,0,0,0,0,0,0,0,0,0,0,0,0,0,0,0,0,0,0,0,0,0,0,0,0,151.498,7.8021,0,0,0,0,0,0,0,0,0,0,0,0,0,0,0,0,0,0,0,0,0,0,0,0,0,0,0,0,0,0,0,0,0,0,0,0,0,0,0,0,0,0,0,0,0,0,0,0,0,0,0,0,0,0,0,0,0,0,0,0,0,0,0,0,0,0,0,0,0,0,0,0,0,0,0,0,0,0,0,0,0,0,0,0,0,0,0,0
"German Democratic Republic",1,1,0,0,0.29,0,0,0.1,0,0.1,0,0,0,0,0,0,0,0,0.86,0.3,9,0.1,2.1,1.8,8.4,1.9,8.4,3.2335,0.1665,7.5,0,0.1,0,0,0,0,3.5,0,0,2.9,0,1,0.6,0,0,14.55,0,4.9,11.2,1.5,5.6,0.8,9,0,0,0,0,0,0,9,0,0.7,0.3,0,0,4.5,0,0,0,0,0,0,0,0,0,9,0,0,0,2.9,0,0,0,2.2,9.7,3,2.7,4.2,1.1,0,1.1,0.3,0,0,0,9,0,0,0,0,0,4.3,2.5,0,0,1.1,0,0,0,9,0,0,0,0,0,1.69,0
"Poland",45,31,0,0.091,0.17,0,0,0.1,0,0.5,0,0,0,0.11,0,0.2,0,1.6,0.18,0,9,0.4,14.3,2.3,15.2,4.7,3.4,4.66,0.24,0.9,1.3,3.6,0,0,0,0,3.4,0,0,17.3,0,10.1,0.1,2.4,0,1.51,0,7.6,12.9,0.7,9.5,1.2,0,0,0,0,0,0.1,0,9,0,0.8,0.9,0.1,0,0.6,0,0,9,0,0,0,0,0,0,0.1,0.4,0,0,1.9,0,0.1,0.5,1.1,1.9,2.8,4.2,5.1,0.7,0,1,2,0,9,0,0,0,0,0,0,0,1.2,5.8,0,0.9,1,0,0.3,1.1,9,0,0,0,0,0,15.28,0
"Austria",31.5,2.1,0.1,0.05,1.28,0,0,0.5,0.9,0.5,0.3,0.4,1.2,0.09,0.8,4.1,3.1,0.7,3.58,0.1,0.1,0.2,0.9,0.6,39.9,0.8,3.5,6.8474,0.3526,31.8,7.9,1.5,1.1,0,3.5,3.4,0,1.3,5.4,62.1,0,6.5,6.8,1.8,6.1,6.57,10.1,6.7,9.3,6.5,2.2,0,0,0.2,0,0,0,0.2,1.3,0,0.2,0.1,4,0,0.1,1.1,0.7,0,0,0,0.3,0.2,0.4,0,0,0,1.7,1.9,0,2.3,0,1.4,0.8,0.3,1.8,3.3,3.5,3.8,2.7,3.1,1.1,0.3,1.2,0,1.7,0.6,2.6,0,0.4,0,0.2,1.5,4.5,1.1,0.8,0.4,0,1,0.1,0,0.025,0,0,2.5,2,1.92,0.6
"Hungary",1,0,0,0.063,0,0,9,0.2,0,0.1,0,0,0,0,0,0.7,0,0.4,1.79,9,9,0,3,1.6,6.2,0,3.5,3.709,0.191,19.9,3.3,0.6,0,0,0,0,1.3,0,0,0.2,0,9.9,0.6,0.1,0,1.76,0,2.3,1.6,0.2,1.4,0.1,9,0,9,0,0,0,0,9,0,9.3,0.6,0,0,0.8,0,0,0.1,0,0,0,0,0,0,9,0.8,0,0,1.1,0,0.3,0.9,1.2,11.4,0.6,2.8,3.7,0.6,0,0.5,0.6,0,9,0,9,0,0,0,0,0,1.7,6.9,0.3,0,0.1,0,0.3,9,0,0,0,0,9,0,0.5,0
"Czechoslovakia",4,5.6,0,0.05,0.22,0.1,0.6,0.5,0,0.7,0.3,0,0,0,1,3.1,0,1.5,5.48,0.8,0,0.9,9.4,2.4,2.6,0,9.6,8.0837,0.4163,10.7,4.1,0.4,0,0,0,0,5.4,0,0,5.5,0,4.2,0.8,0.5,0,39.27,0,3.3,0.1,0.9,3.3,0.1,2.4,0,0,0,0,0,0,9.2,0,0.8,2.3,0.1,0,6.2,0,0,0.1,0,0,0.1,0.4,0,0,0.5,1.6,0,0,2,0,0.1,1.6,1.4,4.5,2.5,8.7,6.6,0.9,0,0.2,0,0,0,0,2.6,0,0,0,0,0,0.5,19.4,0.3,1.8,2.3,0,1.4,1.1,9,9,0,0,0,0,1.88,0
"Italy",394.8,19.6,1.2,4.57,0.01,1.7,0,0.8,1.2,0.3,1.6,0.3,1.5,0.49,13.2,35.5,0.38,3.5,3.35,1.1,0.217,10.5,48,1.1,66.8,5.5,16.6,30.5278,1.5722,134.4,148.6,9.5,7.7,0,2.9,17.3,62.1,0.2,5.5,0,0.4,7.7,32.4,6.2,2.6,16.01,64,9.7,7.4,0.9,3.6,2.6,0,3.3,0.4,0.4,0.2,14.6,1.5,0.3,2.7,1.5,5.2,0.6,5.7,0.5,0,0,0.2,0.7,36.1,0,1.9,0,0,6.1,5.9,35.7,0.2,1.6,17.6,18.3,21.8,4.8,12.8,19.3,123.4,11.5,9.9,23.1,5.8,5.2,97.5,1,164.4,0.7,4.8,0,1.7,0,3.2,18.9,23.7,8.5,1.5,4.4,9,0.4,0.5,0,3.505,0,0,0.2,0.4,75.83,22.74
"Albania",0,11.9,0,0,9,0,0,0,9,0,0,9,0,9,0,9,9,0,9,0,0,0,9,0,0.3,0,0,0,0,4,0,0,0,0,0,0,0,0,0,0.4,0,0.1,0,9,0,0.33,0,0,0,0,0,0,0,9,9,0,0,9,0,0,0,0,0.1,0,0,9,0,0,0,9,0,0,0,0,0,0,0,0,0,0,0,0,9,0,9,0,0,0,0,0,0,0,0,0,0,0,0,0,0,0,0,0.1,9,0,0,0,0,0,0,9,0,0,0,0,0,0,9
"Yugoslavia",124.9,1.3,4.7,0,0,0,0,0.1,0,0,0,0,0,0,2,0.4,0,0.4,10.55,0.4,0,0.1,7.7,0.1,8.1,0,6.8,1.7118,0.0882,14.2,9,0.8,0,0,1,10.1,6.5,9.9,4.2,7.7,0.1,0,7.1,1.1,4.3,5.49,15.9,2.3,2.5,0.4,0.5,0,0,0,0,0,0,0,1.8,0,7,0.3,0.7,0.6,0,0,0,0,0.1,0,0,0,0.2,0,0,0,1.7,0.7,0,0.8,2,1.3,1.7,2.9,2,1.5,2.6,6.8,2.2,0.9,1.3,2.5,0.4,0,0.8,0,0,0,0,0,0,11.4,5.7,0.5,0.1,0.2,0,0.6,0.4,0,0,0,0,0,2.9,13.19,0
"Greece",39.2,4.2,14,0,0,0,0,0.1,0,0,0,0,0,1,0,0,0,0.4,2.89,0,0.3,0.1,11,0.1,54.5,0.4,22.4,29.3866,1.5134,36.2,7.1,1.8,1.8,0,0.6,0.1,6.8,0.6,0.8,32.4,0,7.1,0,2.9,0.8,2.82,1.1,4.2,20.4,2.4,7.4,1,0,0.1,0,0,0,0.1,0,0,0.2,0,0.9,0.2,0,0.2,0.1,0,0,0,1.3,0.1,0.4,0,0,0.2,1.8,1.6,0.4,1.8,0.1,0.9,0.4,0.1,3.4,0.9,0.6,0.6,1,0.9,0,2.5,15.4,0,1.3,0,0.1,0,0.1,0,0,16.8,0.8,1,0.1,0.2,0,0.1,0,0,1.745,0,0,0.1,0.2,1.28,1.7
"Cyprus",8.3,0.2,9,0,0,0,0,0,0,0,0,0,0,0,0,0.1,0,0,0.4,0,0.1,0,0.1,0,8.1,0.3,3.4,3.1384,0.1616,4.7,0.7,1,1.4,0,0,2.4,1.8,0.1,0.5,6.2,9,1.1,2.9,0,0,0.07,0.1,0.5,1.8,0.3,1.4,0,0,0,0,0,0,0,0,0,0,0.2,0.1,0,0,0,0,9,0,0,0,0,0,0,0,0,0,0.2,0,0,0,0.1,0.1,0,0.2,0.6,0,0.5,0.1,1.3,0.1,1.7,0.1,9,0.1,0,0,0,0,0,0,1,1.3,0.2,0,0.1,9,0.2,9,9,0,0,0,0,0,0.5,0.4
"Bulgaria",1,0.4,0,9.057,0,9,0,0,0,0,0,0,0,0,0,0,0,0,2.3,9,0,0,0.5,0.1,5.9,0,0.7,1.7118,0.0882,0.9,0.7,0.6,0,0,0,0,6.1,0,0,2.6,0,4.3,0.8,0,0,7.09,0,0.3,0.2,0,0,0,0,0,9,0,0,0,0,0,0,9,0,0,0,0,0,0,9,0,0,9,0,0,0,9,0.1,0,0,0.2,0,0.5,0.5,0,9.1,1.1,1.9,2.8,8.2,0,1.6,0,0,9,0,9,0,0,0,0,0,0.2,0.7,0.5,0,0.8,0,0,0.5,9,0,0,0,9,0,0.28,0
"Romania",1.35,0.21,0.9,0,0,0,0,0.02,0,0,0,0,0,0,0,0,0,0,0.46,0,9,0,2.02,0.1,28.59,0,1.72,0.485,0.025,0.66,8.73,1.08,0.7,0,14.55,1.51,6.57,1.76,39.27,16.01,0.33,5.49,2.82,0.07,7.09,0,64.24,0.41,2.69,0.71,4.64,0,0,0,0,0,0,0,0,9,0,0,0.1,0,0,0,0,0,9,0,0,1.7,0,0,0,0,0,0,0,2.7,0,0,1.1,1.7,0,0.03,3.54,2.51,3.8,6.92,1.4,0.97,0,0,0,9,9.41,0.05,0,1.12,0,2.84,2.73,0,0.3,0.34,0,0,0,0,0,0,0,0,1.78,0.02,0
"Russia",2,1.5,0,0,0,0,0,5.5,0,0,0,0,0,0,0,0,0,0,4.02,0,9,0.4,0.2,12.5,87.7,5.9,4.4,19.4009,0.9991,27.4,1.1,1.7,0,0,0,0,10.1,0,0,64,0,15.9,1.1,0.1,0,64.24,0,28.2,15.1,7.9,2.8,0.5,1.4,0,0,0,0,0,0,0,0,9,8.4,0.2,0,0,0,0,9,0,0,0,0,0,0,1.3,0.2,0,0,0.6,0,0.1,1.3,1.9,23.2,0.9,21.1,5.8,1.4,0,0.4,0.1,0,0,0,23,0,0,9,0,0,2.2,55.6,1.1,3.4,0.6,9,3.6,1.1,9,9,0,0,0,25.5,27.96,2.5
"Finland",2.1,3.3,0.1,0.049,0.11,0.1,0,2.8,0.7,0.1,0.2,0.1,0.1,0.2,0.3,1.3,0.12,1.6,5.8,0.1,0,0.7,4.8,0.8,62.3,10.4,15.2,10.3661,0.5339,7.1,23.4,1.6,1.7,0,4.9,7.6,6.7,2.3,3.3,9.7,0,2.3,4.2,0.5,0.3,0.41,28.2,0,90.8,1.5,3.7,0.1,0,0.3,0,0,0,0.1,0,0,0,0.1,0.1,0.1,0,1.1,0,0,0,0,0.2,0.8,0.1,0,0,0,0,2.2,0,0.1,0.5,0.8,0,0.2,2.3,5.9,1.7,9.8,1.7,3.2,1,7.6,0.3,0,0.1,0,3.1,9,0,0,0,2.6,5,0.2,0.5,0.5,9,1.2,0.1,0,1.245,0,0,0.5,0.5,13.14,1
"Sweden",132.2,2.8,3,0.06,2.58,1.4,13.4,12.6,4.4,0,1,0.4,0.8,0.26,0.5,8.4,0.21,7.5,8.6,1.2,0.737,14.4,12,3,5.6,9.2,74.7,21.0176,1.0824,17.7,4.6,11.6,5.8,0,11.2,12.9,9.3,1.6,0.1,7.4,0,2.5,20.4,1.8,0.2,2.69,15.1,90.8,0,148,110.8,1.1,0.1,0.6,0.2,0,0.1,0.5,0.7,0.4,20.2,0.4,2,0.1,0.1,1,0.4,0,0.1,0.1,0.9,0.2,0.1,0,0,0,0.4,15.5,0.4,2.3,1.2,1.8,0.3,1.2,11.7,1.2,10.4,6.8,2.6,2,1.4,2.4,16.5,0,1.3,0.3,0.4,0,0.2,0,1.4,17.2,14.3,1.6,1.9,1,9,4.5,0.2,0.1,0.09,0,0,3.2,4.2,37.16,1.42
"Norway",4.3,52.1,1.6,0.51,0.66,10.2,0.1,0.4,3,0,0.3,0.1,0.1,0.38,1.5,41.1,0.15,0.7,3.91,0.2,0.1,0.5,3.5,0.2,62,1.4,51.9,24.9168,1.2832,28.2,18.5,4.3,0.1,0,1.5,0.7,6.5,0.2,0.9,0.9,0,0.4,2.4,0.3,0,0.71,7.9,1.5,148,0,13.9,2.8,0,1.7,0,0,0,0.1,7.3,0,4.2,0,5.3,0,0.8,12.8,0,0,0,0.1,0.1,0.2,0.1,0,0,0,0.9,0.9,0.1,1.5,0.2,0.1,0.1,0.4,0.9,0.6,1.1,0.1,0.4,1.7,0.2,0.4,0.4,0,0.3,0,0.6,0,0,0,0.3,9.5,0.5,1.1,0,0.3,9,0.3,0,0,0.266,0,0,1.8,1,1.29,0.56
"Denmark",47.6,10.2,0.4,0.39,0.34,0.6,0.9,1.4,1,0.6,0.8,0.6,0.1,18.23,3,11.3,1.22,5.4,7.8,0.6,0.1,5.6,6.6,2.3,50.7,2.7,93.5,53.2573,2.7427,52.4,27.3,2.4,7,0,5.6,9.5,2.2,1.4,3.3,3.6,0,0.5,7.4,1.4,0,4.64,2.8,3.7,110.8,13.9,0,4.1,0,0.1,0,0.1,0.1,1,0.1,0.1,3.2,0.6,1.3,0,0.1,3.9,0.4,0,0,0,0.3,0.3,1.4,0,0,0,0.5,3,0.1,2.4,0.2,0.2,0.9,0.8,0.7,2.3,2.3,0.1,0.6,0.3,0.8,0.3,1.1,0,1.4,0.1,0.2,0,0.1,0,0.3,12.5,0.7,1,5,1.5,0,1.6,0.3,0.2,0.156,0,0,0.6,3.2,5.23,1.6
"Iceland",0.5,1.1,0.1,0,0,0,0,0,0,0,0,0,0,0.11,0,0.3,0,0,0.08,0,0,0,0,0,4.5,0.6,2.5,0.951,0.049,0,0.5,0.9,1.1,0,0.8,1.2,0,0.1,0.1,2.6,0,0,1,0,0,0,0.5,0.1,1.1,2.8,4.1,0,0,0,0,0,0,0,9,9,0,0,0,0,0,6,0,0,0,0,0,0,0,0,0,0,0,0.1,0,0,0,0,0,0,0,0,0.5,0,0,0,0,0.2,0,0,0,0,0,9,0,0,0,1.9,1.3,0,0,0,0,0,0,0,0,0,0,0.1,0,0,0
"Mali",0,0,9,0,0,0,9,9,0,9,0,0,0,0,0,0,9,0,0,0,9,0,0,0,0.5,0,0.4,0.7608,0.0392,8.7,0,0.1,0,0,9,0,0,9,2.4,0,0,0,0,0,0,0,1.4,0,0.1,0,0,0,0,0,0,0,0.2,2.2,9.4,0.4,9.2,0,0.1,0,0,0,0,9,9,0,9,0,0,0,9,9,0,0,0,0.2,9.1,0,0,0,9,0,0,0,9,9,0,0,9,0,0,0,9,0,9,9,0,0,0,0,9,0,0,0,9,0,9,0,9,0,0,0,0
"Senegal",5.8,0,0,0,9,0,0,0,9,0,0,0,0,0,0,4.5,0,0,0,9,0,0,0,0.4,0.9,0,2.5,1.3314,0.0686,26.2,0.4,1.1,0,0,0,0,0.2,0,0,3.3,9,0,0.1,0,0,0,0,0.3,0.6,1.7,0.1,0,0,0,0,0,0,1.6,0.9,1.9,0,0,1,0.7,2.1,0,0,0,0,0,0,9,0,0,0,0,0,0.8,1.1,3.3,1.5,0.1,0,0,0,0,0,0.1,9,0.1,0,0.1,0,9,0,9,5.1,0,0,0,0,1.3,0.1,0,0,0,0,1.3,1.2,0,1.3,0,0,0,0,0,0
"Benin",0.6,0,9,9,9,0,0,0,0,0,0,9,0,0,0,0,9,0,0,0,0,9,0,9,0.4,0,0.1,0.3804,0.0196,6,0,0,0,0,0,0,0,9,0,0.4,9,0,0,0,9,0,0,0,0.2,0,0,0,0,0,0,0,0,1,9,0.1,0,0,0.1,0.2,0,0.1,0,0,9,0,0,0,0,0,0,0,0,9,0,0,0,0,0,9,0,0,0,0,9,0,0,0,0,9,9,0,0,0,0,9,0,0,0,0,9,0,9,0,0,0,0,0,9,0,9,0,0
"Mauritania",3.5,0.8,0,0,0,0,0,0,9,0,0,0,0,0,9,0,0,0,0,0,0,0,0,9,2,0,0.1,0,0,25,0.2,0.1,0,0,0,0,0,0,0,0.4,0,0,0,0,0,0,0,0,0,0,0.1,0,0,0,0,0,0,0,0,0,0,0,0.3,0,0,0,0,0,0,0,0,0,0,9,0,0,0,9,0,0,0,0,0,0,0,0,0,0,0,0,0,0,0,0,0,0,0,0,0,0,0,0,0,0,9,0,0,0,9,9,0,0,0,0,0,1.1,0
"Niger",0.9,0,0,9,0,9,0,0,0,0,0,0,0,0,0,0,0,0,0,0,0,0,0,0,0.5,0,0.4,0.0951,0.0049,0.4,0,0.1,0,0,0,0,0,0,0,0.2,0,0,0,0,0,0,0,0,0.1,0,0.1,0,0.2,0,0,0,0,0,0,0,0,0,0.8,0,0,1.7,0,0,0,0,0,9,0,0,0,0,0,9,0,0,0,0,0,0,0,0,0,0,0,0,0,0,0,0,9,0,0,0,0,9,0,0,0,0,0,0,0,0,9,0,0,0,0,0,0,0,0
"Ivory Coast",21.2,0.2,0,0,9,0,0,0,0,9,9,0,0,0,0,3.7,0,0,0,0,0,0,0,0,0.6,0,3,0.951,0.049,14.1,0.5,0.4,0.1,0,0,0.1,0.2,0,0,14.6,9,0,0.1,0,0,0,0,0.1,0.5,0.1,1,0,2.2,1.6,1,0,0,0,0,1.7,0,0,0.2,0.1,0,0.7,0,0,0,0,0,0,0,0,0,0,0,2.6,0,1.9,12.1,0.4,0,0,0,0,0.7,0,0,0,0,0.2,0,9,0,9,0,0,0,0,0,0.8,0.5,0.3,0,0,0,0,0,0,0,0,0,0,0,0,0
"Guinea",0,0.8,0,0,0,9,0,0,0,0,0,0,0,0,0,0,0,0,0,9,0,0,0,0,1.2,0,2,0.951,0.049,1.3,0.4,0,2.5,0,0,0,1.3,0,0,1.5,0,1.8,0,0,0,0,0,0,0.7,7.3,0.1,9,9.4,0.9,9,0,0,0,0,0,0,0.1,0,0,0,0,0,0,0,0,0,0,0,0,0,9,9,0,0,0.3,0,0,0,0,0,0,9,0,9.1,0,0,0.3,0,0,0,0,0,0,0,0,0,0.3,0,0,0,0,0,0,0,0,0,0,0,0,0,0,0
"Burkina Faso",1.3,0,9,0,0,0,0,9,0,0,0,0,0,0,0,9.4,0,0,9,0,9,9,0,9,1.3,0,0.7,0,0,17.4,0,0,0,0,9,9,0,9,9.2,0.3,0,0,0,0,0,9,0,0,0.4,0,0.1,9,0.4,1.9,0.1,0,0,1.7,0,0,0,9,7.7,0.1,0,0,0,0,0,0,9,0,0,0,0,0,9,0,0.2,0.3,0.2,0.1,0,0,9,0,9,0,0,0,0,0,0,0,9,9,0.2,0,0,0,0,0.8,0,9,9,0,0,0,0,0,9,0,0,0,0,0,0
"Liberia",19,0.5,0,0,0,0,0,0.3,9,0,0,0,0,9,0,1.3,0,0,0.1,0,9,0,0.1,0,6.5,0,0.1,17.0233,0.8767,3.5,0.6,0,0,0,0,0,0.2,0,0,2.7,0,7,0.2,0,0,0,0,0,20.2,4.2,3.2,0,9.2,0,0,0,0,0,0,0,0,0,0,0,0,0.3,0,0,0,0,0,0,0,0,0,9,0,0,9,0,0,0,0,9,0,0,9,0,0,0,0,2.1,0,9,0,0,0,0,0,0,0,0,0,0,0,0,0,9,0,0,0,0,0,0,0,0,0
"Sierra Leone",4.2,1.7,9,0,9,0,1.2,0,0,9,0,0,0,0,0,3.3,0,0,0,9,0,0,0.1,0,38.2,1.1,2.7,0.1902,0.0098,2.1,0.2,0.1,0.4,0,0.7,0.8,0.1,9.3,0.8,1.5,0,0.3,0,0.2,9,0,9,0.1,0.4,0,0.6,0,0,0,0,0,0,0,0.1,9,0,0,0.4,0,0,0.4,0,9,9,0,9,9,9,0,0,0,9,0,9,0,0,0,0,0,0,0,9,0.2,9,0,0,0.3,0,9,9,9,0.5,0,0,9,0,7.5,1.7,0,3.4,0,0,0,9,0,0,0,0,0,0,0.1,0.1
"Ghana",41.7,0.8,0,0,0,0,0.6,0,0,0,0,0,0,0,0,4.4,0,0,0.3,0,0.2,0,0.7,0,48.8,2.3,14,0.5706,0.0294,4.1,0.2,1.8,0,0,0.3,0.9,4,0.6,2.3,5.2,0.1,0.7,0.9,0.1,0,0.1,8.4,0.1,2,5.3,1.3,0,0.1,1,0.1,0.3,0.8,0.2,0,7.7,0,0.4,0,4.5,0,0.9,9,9,0,0,0,0,0,0,0,0,0,0,0,1.3,0,0,0,0,0,0,0,0.6,0,0.2,0,1,0,9,0,0,2.5,0,0,0,0,13.7,4.4,0.3,0.1,0,0,0,0,0,9.1,0,0,0,0.1,2.32,1.1
"Togo",0.4,0.1,0,0,9,0,0,0,9,0,0,0,0,0,0,0.1,0,0,0.1,0,0,9,0,0,3.3,0,1,0.6657,0.0343,1.5,0.2,0.3,0.1,0,0,0.1,0,0,0.1,0.6,0,0.6,0.2,0,0,0,0.2,0.1,0.1,0,0,0,0,0.7,0.2,0,0,0.1,0,0.1,0,0,4.5,0,0,0.1,0,9,0,0.1,0,0,9,9,0,9,0,0,0,0.2,0.2,0,0,0,0,0,0.2,0,9,0,0,0,0,0,0,9,0.2,0,0,0,0,0.8,0.2,0.1,9,0,0,0,9.2,9,0,0,0,0.1,0,0,0
"Cameroon",1.3,0,0,0,0,0,0,0,0,0,0,0,0,0,0,0.7,0,0,0,0,0,0,0.1,0,16.2,0,12.8,1.7118,0.0882,14.5,0.2,0,0.8,0,0,0,0.1,0,0,5.7,0,0,0,0,0,0,0,0,0.1,0.8,0.1,0,0,2.1,0,0,0,0,0,0,0,0,0,0,0,2.2,0.2,0,0,0.2,0,0,0,0,0,0,0,0,0,1.2,0,0,0,0,0,0,0,0,0.1,0,0,0,0,0,0,0,0,0,0,0,0,2.3,0,0,0,0,0,0,0,0,0,0,0,0,0,0,0
"Nigeria",9.1,1.7,0,0,0,0,0,0,0,0,0,0,0,0,0,3.4,9,0,0.1,9,0,9,0.3,0,1.4,1.1,19.3,4.8502,0.2498,1.4,9.7,0,0,0,4.5,0.6,1.1,0.8,6.2,0.5,9,0,0.2,0,0,0,0,1.1,1,12.8,3.9,6,0,0,0.1,0,1.7,0.7,0,0,0.3,0.4,0.9,0.1,2.2,0,0.4,0,1,0,0.5,0,0,0,0,0,0,0,0,3.5,0.1,1,0,0,0,0,0.5,0.8,0.1,0.3,0,3.2,0,9,0,0,4.4,0,0,0,0,64.4,13.4,3.9,0,0.1,0,0,0,0,9,0,0,0,0.1,0.06,0.5
"Gabon",1.8,1,0,0,0,0,0,0,9,0,0,0,0,0,0,0.5,0,0,0,0,0,0,0,0,1.3,0,2.3,0.6657,0.0343,21.2,0.7,0,0.3,0,0,0,0.7,0,0,0,0,0,0.1,0,0,0,0,0,0.4,0,0.4,0,0,0,0,0,0,0,0,0,0,0,9,0,0.2,0.4,0,0,0,0,0,0,9,0,0,0,0,0,0,0.6,0.2,0,0,9,0,0,0,0,0,0,0,3.5,0,9,0,0,0,0,0,0,0,0.2,0,0,0,0,0,0,9,9,0.4,0,0,0,0,0,0
"Central African Republic",0,0,0,9,0,0,0,0,0,9,0,0,9,0,0,0,9,0,0,9,0,0,0,0,0.5,0,0.4,0.0951,0.0049,2.1,0.1,0,0,0,0,0,0,0,0,0,0,0,0,9,0,0,0,0,0,0,0,0,9,0,0,0,0,0,0,0,0,9,9,9,0,0,0,0,0,0,0,0,0,0,0,0,0,0,0,0.1,0,0,0,0,9,0,9,0,0,0,0,0.6,0,9,0,9,0,0,0,0,0,0.7,0,0,0,0,0,0,0,9,0,0,0,0,0,0,0
"Chad",1.1,0,9,0,0,0,0,9,0,0,0,0,0,0,0,9,0,0,9,0,0,0,0,0,0.1,0,0.5,1.6167,0.0833,4.2,0,0.2,0.6,0,0,9,0,0.1,0.1,0.2,0,0.1,0,0,9,9,9,0,0.1,0,0,0,9,0,9,0,0,0,0,0,0,9,0,0,0,1,0,0,0,0,0.1,0,0,9,0,0,0,0,9,0.1,0.2,0,0.1,0,9,0,9.1,0,0,0,0,0,0,0,0,0,0.5,0,0,0,0,0.5,0.1,0,0,0,0,0,0,0,9,0,9,0,9,0,0
"Congo",0.5,0,0,0,0,0,0,0,9,0,0,9,9,0,0,1,0,0,0,0,0,0,0,0,1.2,0,0.7,2.9482,0.1518,37.4,0.7,0,0.7,0,0,0,0,0,0,0.7,9,0,0,0,0,0,0,0,0.1,0.1,0,0,0,0,0,0,0,0,0,0,0,0,0,0.1,0.2,0,0,0,0,0,0.4,0,0,0,0,0,0,0.2,0,0.5,0.3,0,0,0,0,0,0.1,0,9,0,0,0.3,0,9,0,9,0,9,0,0,0,0,0,0,9,0,0,0,9,9,0,0,0,0,0,0,0
"Democratic Republic of the Congo",16,0.5,0,0,9,0,0,0,0,0,0,0,0,0,0,0.1,9,0,0.88,0,0,0,0.1,0,18.8,0.3,1.6,126.5812,6.5189,22.8,1,1.3,1.1,0,0,0,0.3,0,0,36.1,0,0,1.3,0,0,0,0,0.2,0.9,0.1,0.3,0,9,0,0,0,0,0,0,9,0,9,0,0,0,0.5,0,0,0.1,0.4,0,7.4,3.9,0,0,9,0,0,0,0.2,0,0.1,0,0.1,9,0,9.4,0,9,0,0,0.1,0,0,0,0,0,0,0,0,0,0.3,3.3,0,0,0,0,0,0,0,0,0,0,0,0,0.44,0
"Uganda",26.7,2.1,0,0,0,0,0,0,9,9,0,0,9,0,0,0,9,0,0,0,0,0,0.4,0.1,3.8,0.3,1.4,0.5706,0.0294,0.6,0.3,8,0.1,0,0,0,0.2,0,0.1,0,0,0,0.1,0,9,1.7,0,0.8,0.2,0.2,0.3,0,0,9,0,0,9,0,0,0,0,9,0,0,0,0,0,0,0,0,7.4,0,0,0,0,0.1,0,1.1,0,0,0,0,0.1,2.9,0.2,0,0.1,0.2,0.1,0.1,0.5,0.4,0.1,0,0,0,0,0,0,0,0,3.9,0.8,0.6,0,0.3,0,0.1,0,0,0,0,0,0,0,1.88,0.6
"Tanzania",5.6,2.7,0,0,9,0,0,0,0,9,0,0,0,9,0,0,9,0,0,9,0,0,0.1,0,23.1,0.9,4.2,1.0461,0.0539,0.2,0.4,0.9,0.2,0,0,0,0.4,0,0.4,1.9,0,0.2,0.4,0,0,0,0,0.1,0.1,0.1,1.4,0,0,0,0,0,0,0,0,0,0,9,0,9,0,0,9,0,0,0,3.9,0,0,0,0,0.3,0,1.5,0.3,0,0,0,0,0.2,5.2,0,0.1,0.1,0.3,0.1,0,0.1,0.1,9,0,0,0.1,0,0.3,0,0,3.3,3.8,0.5,0,0.7,0,0.1,0,0,9,0,0,0,0,2.6,0.9
"Burundi",0,0,0,0,0,0,9,0,9,9,0,0,9,0,0,0,0,0,0,0,9,0,0,9,0,0,0,0,0,0,0,0,0,0,0,0,0,0,0,0,0,0,0,0,0,0,0,0,0,0,0,0,0,0,0,9,0,0,0,0,0,0,0,9,0,0,0,0,9,0,0,0,0,0,0,9,0,0,9,9,0,0,0,0,9,0,0,0,0,0,9,0,0,0,0,9,0,0,0,0,0,0,0,0,0,0,0,0,0,0,0,0,0,0,9,0,0
"Rwanda",0,0,0,9,0,9,9,9,0,0,9,0,0,9,9,0,9,9,0,0,0,9,0,0,0,0,0,0,0,0,0,0,0,0,0,0,0,0,0,0,0,0,0,0,0,0,0,0,0,0,0,0,9,0,0,0,0,0,0,0,0,0,0,0,0,0,0,0,0,0,0,0,0,0,0,9,0,0,0,0,0,0,0,0,9,0,0,0,9,0,9,0,0,0,0,9,0,0,0,0,0,0,0,0,0,0,0,0,9,9,0,0,0,0,9,0,0
"Somalia",2.1,0,9.1,0,0,0,0,0,9,0,0,0,0,9,0,0,9,9,0,0,0,0,0,9,2.8,0,0.2,0.0951,0.0049,0.1,0.1,0.1,0,0,9,0.1,0,9,0.5,6.1,0,0,0.2,0,9,0,1.3,0,0,0,0,0,9,0,0,0,0,0,9,0,9,0,0,9,0,0,0,0,0,0,9,0.1,0.3,9,9,0,1.2,9,0,0,9,0,0.3,0,1.2,0,0.4,1.5,0,9,0.2,9,9.5,0,9,9,9.2,9,9,9,0,2.8,2.5,0.1,0.4,0,0,1.2,0,0,0,0,9,0,0,0.2,0
"Ethiopia",13.3,0,0,9,9,0,0,0,0,9,0,0,0,0,0,0,0,0,0,0,0,0,0,9,2.6,0,1.8,0.8559,0.0441,0.9,0.1,0,0.1,0,0,0.4,1.7,0.8,1.6,5.9,0,1.7,1.8,0,0.1,0,0.2,0,0.4,0.9,0.5,0,0,0,0,0,0,0,9,9,0,9,0,0,0,0,0,0,0,0,0,0,0,0,0,1.2,0,9,0,0,0,0,0,0.4,3.5,0,0.1,0.4,0.5,0.6,0.9,0.1,1.1,0,0.1,0,1.1,0,0,0,0,10.1,4.6,0.2,0,1.1,9,0.1,9,0,9,0,0,0,0,0,0.1
"South Africa",50,17.8,0,0,0,0,0,1.8,0,0,0,0,0,0.22,0.2,1,0.22,0.3,5.43,0.1,0,0.2,0.3,0.8,4.7,2.4,6.8,30.5278,1.5722,29.1,18.1,5.8,0.5,0,0,0,1.9,0,0,35.7,0,0.7,1.6,0.2,0,0,0,2.2,15.5,0.9,3,0.1,0,0.8,9,9,9,2.6,0,0,0,0,0,0,0,0,0,0,0,0.2,0,1.1,1.5,0,0,9,9,0,0.5,4,0,9.6,9,0,11.7,0.5,0.4,0,9,0,0,3.5,0,0,0,9,0,0,0,0,0.8,58.7,0.2,16.2,3.6,12.8,0,0.8,9.3,0,0.1,0,0,7.5,0,2.42,0.99
"Madagascar",15.1,0,9,0.01,0.05,0,0,9,0,0,0,0,0,9,0,0,9,0,0.1,9,0,0,0,0,1.2,0,1.7,0.6657,0.0343,37,0.2,0.2,0.1,0,0,0,0,0,0,0.2,0,0,0.4,0,0,0,0,0,0.4,0.1,0.1,0,0,1.1,0,0,0,0,0,0.2,9,9,0,0,0,0,0,0,9,0,0,0,0.3,9,0,0,0,0.5,0,1.2,3.7,0.1,0,0,3.5,0,0,0,0,0,0,0.2,0,9,0,0,0,0,0,0,0,1.1,1.4,0.1,0,0,9,0,0,9,0,0,0,0,0,0.1,0
"Morocco",45.3,0.1,17.6,0.001,0.3,0,0,0.1,0,0,0,0,0,0,0.2,0,0.3,0.1,2.56,0,0.1,0,2,0.2,21.2,3.6,2,5.4208,0.2792,2.7,0.7,7.1,1.5,0,2.9,1.9,2.3,1.1,2,1.6,0,0.8,1.8,0,0.2,2.7,0.6,0.1,2.3,1.5,2.4,0,0.2,3.3,0,0,0,1.9,0.3,0.3,0,0,1.3,0.2,1.2,3.5,0.6,0.1,0.1,0.5,0.2,0,0,9,0,0,0,4,1.2,0,13.3,0.6,1.4,0.1,0.3,0.2,4.9,0.5,0,0.3,0,9,0,9,0,0,4.5,0,2.7,9,0,2,1.6,0.8,0,0,0,0,0,9,0.096,0,0,0.3,0.4,0.1,0
"Algeria",47,1.5,0,0.002,0.24,0,0,0.2,0,0,0,0,0,1.32,0,0,0.1,0,0.06,0,0,0,5.4,0,22.2,0.2,0.5,0.7608,0.0392,94.8,1.8,0.4,0.1,0,0,0,0,0,0,17.6,0,2,0.1,0,0,0,0,0.5,1.2,0.2,0.2,0,9.1,1.5,0,0,0,12.1,0,0.2,0,0,0,0.2,0,0.1,0.2,0,0.2,0.3,0,0,0,0,0,9,0,0,3.7,13.3,0,1.7,0,0,9,0,0,0,0,0,0,0.4,0,0,0,9,0,0,0,0,0,1.6,0.3,1.8,0,0,0,0,0,0,0.07,0,0,0,0,0.7,0
"Tunisia",32.5,0,1.9,0,0.1,0,0,0.2,0,0,0,0,0,0,0.1,0,0,0,0.9,0,0.2,0.4,0,0.2,4.5,0,28.9,12.6486,0.6514,43.6,0.6,0,0.6,0,0,0.1,1.4,0.3,0.1,18.3,0,1.3,0.9,0.1,0.5,0,0.1,0.8,1.8,0.1,0.2,0,0,0.1,0,0,0,0.4,0,0.1,0,0,0,0,0,1,0,0,0,0,0.1,0,0,0,0,0,0,9.6,0.1,0.6,1.7,0,1.2,0,0,0.4,0.2,0.2,0,0.2,0,0,0,0,0,0,0.4,0,0,0,0,0.4,1.4,0.1,0,3.9,0,0,0,0,0.777,0,0,0,0,0,0
"Libya",26.9,0.1,9,0,0,0,0,0,0,0,0,0,0,2.64,0,0,0,0,0,0,0,0,0,0,19.6,0,3.3,7.7984,0.4016,1.7,0.8,0.2,0.5,0,0,0.5,0.8,0.9,1.6,21.8,9,1.7,0.4,0.1,0.5,1.1,1.3,0,0.3,0.1,0.9,0,0,0,0,0,0,0,0,0,0,0,0,0,0,0,0,0,0.1,0,0,0.1,0,0,0,0.3,0,9,0,1.4,0,1.2,0,0.1,0.1,0.1,1.8,1.6,0.3,0.4,0,0,0,0,0.1,9,0.1,0,1,0,0,4.3,0.8,0,0,2.4,0,0,0,0,9,0,0,0,0,0.1,0
"Sudan",6.1,0.1,0.9,0,9,0,0,0,0,0,0,0,0,0,0,2.2,0,0,0,0,0,0,0,0,37.9,0,5.9,0.8559,0.0441,4.2,0.3,4.8,0,0,2.2,1.1,0.3,1.2,1.4,4.8,0,2.9,0.1,0,0,1.7,1.9,0.2,1.2,0.4,0.8,0,0,0,9,0,0,0,0,0,9,0,0,0,0,0,9,0,0,0,0.1,2.9,0.2,0,0,0,0.4,0,0,0.1,0,0,0.1,0,10.8,0.1,0.7,7.5,0,0,0.6,0,3.9,0,0,0,5,0,0,0,0,5.9,14.8,0.9,0,0.1,0,0,0,0,0,0,0,0,0,0.44,0
"Iran",27.1,30,9.5,0,0,0,0,0,0,0,0,0,0,0,0,0,0,0.3,0,0,0,0,0.3,0,1.9,0,11.3,14.836,0.764,16.5,2.1,22.8,2,0,9.7,1.9,1.8,11.4,4.5,12.8,9,2,3.4,0.2,9.1,0,23.2,2.3,11.7,0.9,0.7,0,9,0,0,0,0,0,0,9,0,0,0,0,0,0,0,9,9,0,9,0.2,5.2,9,9,1.2,3.5,11.7,3.5,0.3,9,0,0.1,10.8,0,12.5,2.1,0,0.8,10.4,0.4,4.1,9,9,13.3,9.1,9,9,13.1,9,0,55.2,96.5,23.1,1.6,10.4,9,8.7,0,0,0.571,0,9,0.4,0,49.99,5.17
"Turkey",86.2,1.1,0,0,0,0,0,0,0.2,0,0,0,0,0,0,0.1,0,0,0.6,0,0,0,0.2,1.9,28.9,1.1,4.6,7.7033,0.3967,9.9,1.4,1.8,2.6,0,3,2.8,3.3,0.6,2.5,19.3,0,1.5,0.9,0.6,1.1,0.03,0.9,5.9,1.2,0.6,2.3,0,0,0,0,0,0,0,0,0,0,0,0,0,0,0,0,0,0,0,0,0,0,0,0,0,0,0.5,0,0.2,0,0.4,0.1,0.1,12.5,0,10.3,0.8,3.1,19.6,3.6,4.7,5.2,0,0,0,0,0,0,0,0,14.2,4.9,0.2,0,0.9,0,0,0,0,0.433,0,0,0,0,9.53,0
"Iraq",30.7,0.4,10.2,0,0,0,0,0,9,0,0,0,0,0,0,0,0,0,0.2,0,9,0,0.1,0,89.3,17.9,10,32.4299,1.6701,139.2,6.7,41.2,21.1,0,2.7,4.2,3.5,2.8,8.7,123.4,0,2.6,0.6,0,1.9,3.54,21.1,1.7,10.4,1.1,2.3,0.5,0,0,0,0,0,0.7,9,9,9,9,0,0.2,0,0.5,0,9,9.1,0.1,9.4,0.1,0.1,0,0,0.4,0.1,0.4,0,4.9,0,0.2,1.8,0.7,2.1,10.3,0,0.1,8.7,3.3,0.6,0,2.7,0,0,0,5.2,0,1.4,0,0,18.1,4.7,4.9,0,18.3,0,4.6,0,9,0,0,0,2.9,16.5,5.03,0.1
"Egypt",167,1.3,0.3,0.02,0,0,0,0.1,0,0,0,0,0,0,0,0.1,0,0,0.3,0,0,0.1,0.8,0.1,32.8,0.3,5,0.5706,0.0294,0.5,12.5,6.3,0.5,0,4.2,5.1,3.8,3.7,6.6,11.5,0,6.8,0.6,0.5,2.8,2.51,5.8,9.8,6.8,0.1,0.1,0,0,0.1,0,0,0,0,0,0,0,0.2,0.6,0,0,0.8,0,0,0,0,0,0.2,0.1,0,0,1.5,0.4,0,0,0.5,0,0.2,1.6,7.5,0,0.8,0.1,0,1.2,4,2.1,0,9.8,0,9.1,0,0,0,0,0,0,9.7,8.8,6.1,0.7,1.2,0,0,0,0,0,0,0,0,0,4.59,0.6
"Syria",23.5,0.2,3.8,0.02,9,0,0,9,0,0,0,0,0,0,0,0,0,0.2,1.4,0,9,0,0.4,9,18.3,0,77.2,2.9482,0.1518,1.7,2.9,1.8,5,0,1.1,0.7,2.7,0.6,0.9,9.9,0,2.2,1,0.1,8.2,3.8,1.4,1.7,2.6,0.4,0.6,0,9,9,9,0,0,0,9.1,0,0,9,0,9,0.1,0.1,0,0,0,9,9,0.1,0.3,0,9,0,0.5,9,0,0,0,0,0.3,0,0.8,3.1,8.7,1.2,0,16.6,3.8,9,4.4,0,1.9,9,0.7,0,0,0,0,6,1.5,0,9,4.6,0,0,0,9,0,0,0,0,0,0.6,0
"Lebanon",38,2.2,0,0,0,0,9,0.1,9,0,0,0,0,9,0,0,0,0.2,5.3,0,9,0.1,0.4,9,25.2,0,46.3,5.611,0.289,30.6,7.3,2.1,1.1,0,0,0,3.1,0,0,23.1,0,0.9,0.9,1.3,0,6.92,0,3.2,2,1.7,0.3,0,9,0.1,0,0,0,0,0,0,0,0,0.2,0,0,0.3,0,0,0,0,0,0.1,0.1,0,0,9,0.6,0,0,0.3,0,0.2,0.4,0,10.4,19.6,3.3,4,16.6,0,5.8,0,0,0,0,9,0,0,0,0,0,9.4,0.8,0.3,0,0,0,0,0,9,9,0,0,0.2,0,7,0
"Jordan",17,0.2,0,0,0,0,0,0,0,0,0,0,0,0,0,0,0,0,0.6,0,0,0,0.1,0,20.1,0,3.1,3.5188,0.1812,3,1.1,1.4,0.5,0,1.1,1,1.1,0.5,0.2,5.8,0,1.3,0,0.1,1.6,1.4,0.4,1,1.4,0.2,0.8,0,0,0,0,0,0,0,0,0,0,0,0,0,0,0,0,0,0,0,0,0.5,0,9,9,0.2,0.9,0,0,0,0,0,0,0.6,0.4,3.6,0.6,2.1,3.8,5.8,0,0,2.5,0,1.7,0,1.3,0,0,0,0,6.2,0.3,0,0,1,0,0.1,0,0,0,0,0,0,0,0,0
"Israel",168.3,0.2,0.3,0.01,0,0,0,1.3,0,0,0,0,0.2,0.5,0.1,0.1,0.1,0.8,1.78,0,0,0,1.4,0.7,52.5,0.9,19,1.902,0.098,24.7,15.4,0.7,4.1,0,0.3,2,0.3,0.6,0,5.2,0,2.5,2.5,1.7,0,0.97,0.1,7.6,2.4,0.4,0.3,0.2,0,0.1,0,0,0,0.2,0.3,0,2.1,0.3,1,0,0,3.2,3.5,0.6,0,0.3,0.1,0.4,0.1,0,0,9,0.1,3.5,0.2,9,0.4,0,0,0,4.1,4.7,0,0,9,0,0,0,0,0,0,0,0,0,0,0,0,0.8,0,0,0.3,0.1,0,0.1,0,0,0,0,0,0.3,0,0.82,0.1
"Saudi Arabia",11,38.6,0,9,0,0,81.7,0,0,0,0,0,0,0,0,0.1,9,0,54.45,0,0,0,0,12.6,32.6,4.1,13.7,4.5649,0.2351,35.9,8.3,68.4,0.2,0,0,0,1.2,0,0,97.5,0,0.4,15.4,0.1,0,0,0,0.3,16.5,0.4,1.1,0,9,0,0,0,0,0,0,0,0,0,0,0,0,0,0,0,0,0,0,0.1,0.1,0,0,9.5,1.1,0,0,0,0,0,0,3.9,9,5.2,2.7,9.8,4.4,0,2.5,0,0,0,0,9,0,0,0,0,0,142.7,22.8,4.5,0,0,0,9.4,0,0,0.425,0,0,13.7,0,31.62,0
"Yemen Arab Republic",0,9,9,9,0,0,9,9,0,9,9,9,9,0,9,9,0,0,0,9,0,9,0,9,0.2,9,0.1,0,0,0.8,0.1,0,0,0,0,9,0,9,0,1,0,0,0,9,9,0,0,0,0,0,0,0,0,9,9,0,0,9,0,0,9,9,9,0,0,9,9,9,0,9,0,0,9,0,0,0,0,0,9,9,0,0,0,0,9,0,0,0,0,0,0,0,0,0,9,9,0,0,0,0,0,1.9,1.2,0,0,0,0,0,9,9,0,0,0,0,9,0,0
"Kuwait",31,9.3,0,9,9,0,0,0,0,9,0,0,0,0,0,0,0,0,28.16,0,0,0,0.9,0,401.3,0,110.5,11.5074,0.5926,141.9,3.9,18,0,0,0,0,1.7,0,0,164.4,0,0.8,1.3,0.1,0,0,0,0.1,1.3,0.3,1.4,0,0,0,9,0,9,0,0,9,0,9,0,0,0,0,0,0,0,0,0,0,0,0,0,9,0.1,0,0,0,0,0,0.1,0,13.3,0,0,9.1,1.9,0,1.7,0,0,9,0,9,0,0,0,0,0,235.5,7.6,2.2,0,0,0,0.9,0,0,0,0,0,3,0,26.7,0
"Afghanistan",9,0,0,0,0,0,9,0,9,0,0,0,9,0,9,0,0,0,0,9,0,0,9,9,9.6,0,0.6,0.1902,0.0098,0.7,0.9,0,0,0,9,0,0.6,9,2.6,0.7,0,0,0,0,9,9,23,0,0.3,0,0.1,0,0,9,0,0,0,9,0,9,0,9,0,9,0,0,0,9,0,9,0,0,0,9,9,9,0,9,0,0,9,0,9,0,9.1,0,0,0,9,9,0,0,9,9,9,0,9,9,9,9,0,6.5,5.7,3.8,0,0,9,0,0,0,0,0,9,0,0,0,0
"China",0,132.2,0,0,0,0,0,0,0,0,0.2,0,0,0,0,0,0.11,0,0.44,0,0,0,25.7,0.6,40.7,0.6,10.3,3.0433,0.1567,26.4,6.3,0.2,0,0,0,0,2.6,0,0,4.8,0,0,0.1,0,0,9.41,0,3.1,0.4,0.6,0.2,0,9,5.1,0,0,0,0,0,0.2,0,0.5,2.5,0.2,0,4.4,0,0,0.5,0,0,0,0.1,0,0,9.2,1.1,0,0,4.5,0,0.4,0.1,5,9,0,5.2,0,0.7,0,1.3,0,0,0,0,9,0,0,0,0,0,7.5,2.1,1.6,11.5,19.5,0,0,1.8,0,0,0,0,0,13.9,85.48,1.32
"Mongolia",0,0,0,0,9,0,0,0,9,9,0,0,9,0,9,0,0,0,9,0,0,0,0,9,0,0,0,9,9,0,0,0,0,0,0,0,0,0,0,0,0,0,0,0,0,0.05,0,9,0,0,0,9,0,0,0,0,0,0,0,0,0,0,0,0,0,0,0,0,0,9,0,0,0,0,0,9,0,0,0,0,0,0,0,0,9,0,0,0,0,0,0,0,0,0,0,9,0,0,0,0,0,0,9,0,9,0,0,9,0,0,0,0,0,0,0,0,9
"Taiwan",127,2.3,0,0,0,0,0,0.9,0,0,0,0.1,0,0,0,0.1,0,0,2.9,0,0,0,0.6,0,0.9,0,2.2,0.2853,0.0147,0.1,0.2,0.2,0,0,0,0,0.4,0,0,1.7,0,0,0.1,0,0,0,9,0,0.2,0,0.1,0,9,0,0,0,0,0,0,0,0,0,0,0,0,0,0,0,0,0,0,0,0.3,0,0,9,0,0,0,2.7,0,0,1,0,13.1,0,1.4,0,0,0,0,0,0,0,0,9,0,0,0,0,5.9,57.1,0,0,0,0,0,10.1,0,0.4,24.747,0,0,0.5,0,4.52,0
"North Korea",9,0,0,0,0,0,9,9,0,0,0,0,0,0,0,0,9,0,0,0,9,0,0,0,0,0,0,0,0,0,0,0,0,0,0,0,0,0,0,0,0,0,0,0,0,1.12,0,0,0,0,0,0,9,0,9,0,9,0,0,0,0,9,0,0,0,0,0,0,0,0,0,0,0,0,0,9,0,0,0,9,0,0,0,0,9,0,0,0,0,0,0,0,0,0,0,9,0,0,0,0,0,0,0,0,0,0,0,0,0,9,0,0,0,0,0,0,9
"South Korea",208.3,1.9,0,0,0,0,0,1.7,0,0,0,0,0,0,0,0,0,0.3,0,0,0,0,1.4,0,4.5,0,1.5,0.5706,0.0294,0.4,1.6,0,0,0,0,0,0.2,0,0,3.2,0,0,0,0,0,0,0,0,1.4,0.3,0.3,0,0,0,0,0,0,0,0,0,0,0,0,0,0,0,0,0,0,0,0,0,0,0,0,0,0,0.8,0,0,0,0,0,0,0,0,0,0,0,0,0,0,0,0,0,0,0,0,5.9,0,0,80.6,1,0,0,0,0,0.5,0,0.1,0.7,0,0,12.7,0.2,6.06,0
"Japan",340.7,126.3,25.2,2.62,2.66,7.4,3.9,108.2,6.6,4.2,16.5,19.9,6.8,8.13,12.7,26.7,3.01,29.3,26.12,6.8,2.244,46.2,29.5,2.4,7.1,9.5,5,18.3547,0.9453,21.4,16.2,5.2,3.5,0,4.3,1.2,1.5,1.7,0.5,18.9,0.1,11.4,16.8,1,0.2,2.84,2.2,2.6,17.2,9.5,12.5,1.9,0,1.3,0,0,0,0.8,0.3,0.8,0,7.5,13.7,0.8,2.3,64.4,0.2,0.7,0.5,0,0.3,3.9,3.3,0,0,2.8,10.1,58.7,1.1,2,1.6,0.4,4.3,5.9,55.2,14.2,18.1,9.7,6,9.4,6.2,0.8,142.7,1.9,235.5,6.5,7.5,0,57.1,0,80.6,0,2.4,29.7,33.7,30.8,0,89.4,12.5,2.7,40.849,0,0,65.2,42.4,286.21,8.15
"India",411.6,12.6,7.4,0.15,0.2,0.7,1.2,0.1,0,0.4,0,0.8,0.2,0.22,0.1,1.2,0.33,2.9,0.14,0,0.5,1.9,19.8,1.5,9.8,9.6,17.6,1.2363,0.0637,1.2,3.6,2.2,0.1,0,2.5,5.8,4.5,6.9,19.4,23.7,9,5.7,0.8,1.3,0.7,2.73,55.6,5,14.3,0.5,0.7,1.3,0,0.1,0,0,0,0.5,0,0,0,1.7,4.4,0.2,0,13.4,0,0,0.1,0,3.3,0.8,3.8,0,0,2.5,4.6,0.2,1.4,1.6,0.3,1.4,0.8,14.8,96.5,4.9,4.7,8.8,1.5,0.8,0.3,0,22.8,1.2,7.6,5.7,2.1,9,0,0,1,2.4,0,14.9,15.3,18.9,0,5.4,2.4,0.1,1.258,0,0,0.4,11.6,6.82,11.17
"Pakistan",235.3,9.4,1.7,0.05,0,0,0,0,0,0.1,0,0.1,0.2,0,0,0.4,0,4.2,0,0,0,1,2.8,0.5,49.3,2.9,5.2,14.1702,0.7298,9.7,5.5,5.7,2.6,0,0,0,1.1,0.3,0.3,8.5,0,0.5,1,0.2,0.5,0,1.1,0.2,1.6,1.1,1,0,0,0,0,0,0,0.3,0,9,0,0,0.3,0.1,0,3.9,0,0,0,0,0,0.6,0.5,0,0,0.1,0.2,16.2,0.1,0.8,1.8,0.1,0,0.9,23.1,0.2,4.9,6.1,0,0.3,0,0,4.5,0,2.2,3.8,1.6,0,0,0,0,29.7,14.9,0,3,0.5,0,0.2,0.1,0.3,0.555,0,0,1.1,0.2,5.58,0.57
"Myanmar",8.7,1.1,9,0,0,0,0,0,9,0,0,0,0,0,0,0,0,0,0,0,9,0,0,9,1.1,0.1,4.3,0.6657,0.0343,1,1.9,0,0,0,0,0.9,0.8,0,1.8,1.5,0,0.1,0.1,0,0,0.3,3.4,0.5,1.9,0,5,0,9,0,9,9,0,0,0,9,0,3.4,0.1,9,0,0,0,0,0,9,0,0,0,0,0,0.4,0,3.6,0,0,0,0,0,0,1.6,0,0,0.7,9,0,0,0.3,0,0,0,0,11.5,9,0,0,0,33.7,15.3,3,0,37.7,0,0.4,0,0,0,0,0,0.1,23.4,7.4,1.4
"Sri Lanka",26,13.8,0,0,0,0,0,1.4,0.2,0,0,0,0,0,0,0,0.66,0.5,0,0.1,0,3.7,0.2,0.6,45.6,1.6,4.5,3.1384,0.1616,2,1.1,0.9,0,0,1.1,1,0.4,0.1,2.3,4.4,0,0.2,0.2,0.1,0.8,0.34,0.6,0.5,1,0.3,1.5,0,0,0,0,0,0,0,0,0,0,0,0,0,0,0.1,0,0,0,0,0,0.3,0.7,0,0,0,1.1,12.8,0,0,0,3.9,2.4,0.1,10.4,0.9,18.3,1.2,4.6,0,1,0.1,0,0,0,0,19.5,0,0,0,0,30.8,18.9,0.5,37.7,0,0,4.1,0,9,1.9,0,0,0.3,1.2,1.19,6.38
