"","United States of America","Canada","Cuba","Mexico","Guatemala","Honduras","El Salvador","Nicaragua","Costa Rica","Panama","Colombia","Venezuela","Ecuador","Peru","Brazil","Bolivia","Paraguay","Chile","Argentina","Uruguay","United Kingdom","Netherlands","Belgium","Luxembourg","France","Switzerland","Spain","Portugal","Germany","Poland","Austria","Hungary","Czechoslovakia","Italy","Albania","Yugoslavia","Greece","Bulgaria","Romania","Russia","Estonia","Latvia","Lithuania","Finland","Sweden","Norway","Denmark","Liberia","Ethiopia","South Africa","Iran","Turkey","Afghanistan","China","Mongolia","Japan","Nepal","Thailand","Australia","New Zealand"
"United States of America",0,107.55,42.63,42.93,0.05,19.85,2.61,2.41,1.44,5.95,0,9.01,0.48,14.95,21.62,1.33,0.04,8.57,97,25.15,826.98,88.2118,104.45,0,68.0405,25.5,85.51,14.3,292.11,23.89,0.49,1.16,43.8,198.96,0,2.34,0.748,1.07,5.69,1.86,2.83,78.67,0.03,8.33,34.98,26.73,84.2391,0,0.01,31.54,0,0,0,37.44,0,25.87,0,2.9,152.91,24.55
"Canada",107.55,0,6.67,3.46,0,0,0,0,0,0,0,0,0,0.0328,1.92,0,9,0,0,0,128.88,8.51,11.91,0,2.11,29.46,0,0,2.12,9.2,9.02,0,0,11.97,9,0.0001,3.62,0,0,0,9.01,9.13,9,0,0,4.82,0,0,9,7.93,0,0,0,8.4,0,2.72,0,0,20.61,6
"Cuba",42.63,6.67,0,7.57,0.0003,9.11,0.069,0,0.0061,0,9,0.0278,0,0.1291,0.03,0,0,1.5306,1.05,0.11,7.91,0.29,0,0,5.2089,0,9.29,0,4.92,0,0,0,0,2.5,0,0,0,0,0,0,0,0,0,0.0016,0,0.3185,0,0,0,0,0,0,0,0,0,0,0,0,0,0
"Mexico",42.93,3.46,7.57,0,0.05,9.07,0,0,0,0,0,0,0,0,0,0,0,0,19.48,0,0.69,4.14,1.9,0,18.05,3.4636,9.09,0,9.64,0,0.2,0,0.24,2.04,0,0,0.008,0,0,0,0,0,0,0,0,0.03,0.08,0,0.03,0,0,0,0,0,0,0.5,0,0,0,0
"Guatemala",0.05,0,0.0003,0.05,0,9.02,0,0,0,0,0,0,0,0,0,0,0,0,0,0,2.24,0.13,0.019,0,0.53,0,0.135,0,0.38,0,0,0,0,0,0,0,0,0,0,0,0,0,0,0,0,0,0.0013,0,0,0,0,0,0,0,0,0.14,0,0,0,0
"Honduras",19.85,0,9.11,9.07,9.02,0,0,0,0,9.01,0,0,0,0,0,0,0,0,0,0,0.49,0.02,0,0,0.2297,0,0.065,0,0.5,0,0,0,0,9.05,0,0,0,0,0,0,0,0,0,0,0,0,0,0,0,0,0,0,0,0,0,0.17,0,0,0,0
"El Salvador",2.61,0,0.069,0,0,0,0,0.01,0.09,0.008,0,0,0,0,0,0,0,9.02,0,0,1.07,0.01,0,0,0.35,0,0.08,0,0.19,0,0,0,0,0.07,0,0,0,0,0,0,0,0,0,0,0.83,1.259,0.157,0,0,0,0,0,0,0,0,0,0,0,0,0
"Nicaragua",2.41,0,0,0,0,0,0.01,0,0.16,0,0,0,0,0,0,0,0,0,0,0,0.55,0.0289,0,0,0.55,0,0.03,0,0.05,0,0,0,0,0.018,0,0,0,0,0,0,0,0,0,0,0,0,0,0,0,0,0,0,0,0,0,0,0,0,0,0
"Costa Rica",1.44,0,0.0061,0,0,0,0.09,0.16,0,0.13,0.0009,0,0,0.02,0,0,0,0,0,0,0.69,0.06,9.0052,0,0.08,0,0.04,0,0.06,0,0.0001,0,0,0.0491,0,0,0.0012,0,0,0,0,0,0,0,0,0.0001,0.0068,0,0,0,0,0,0,0,0,0.0078,0,0,0,0
"Panama",5.95,0,0,0,0,9.01,0.008,0,0.13,0,0,0,0,9.29,0,0,0,0,0,0,0.79,0,9.001,0,0.29,0,9.1,0,0.14,0,0,0,0,9.03,0,0,0,0,0,0,0,0,0,0,0,0,0,0,0,0,0,0,0,9.54,0,0.3,0,0,0,0
"Colombia",0,0,9,0,0,0,0,0,0.0009,0,0,0.3,0.12,0,0,0,9,0,0,0,0,0.21,0,0,2.1,0,0,0,0,9,9,0,0,0,9,0,0.1,0,0,0,9,9,9,0,0,0,0,0,0,0,0,0,0,0,0,0,0,0,0,0
"Venezuela",9.01,0,0.0278,0,0,0,0,0,0,0,0.3,0,0,0,0,0,0,0,0,0,2.09,0.16,0.02,0,1.26,0,2.24,0,0.23,0,0,0,0,0.39,9,0,0,0,0,0,0,0,9,0,0,0,0.62,0,9,0,0,0,0,0,0,0.0007,0,0,0,0
"Ecuador",0.48,0,0,0,0,0,0,0,0,0,0.12,0,0,0.06,0,0,0,0.24,0,0,1.58,0.37,0.01,0,0.03,0,0.41,0,2.23,0,0,0,0,0.1,0,0,0,0,0,0,0,0,0,0,0,0,0,0,0,0,0,0,0,0,0,0,0,0,0,0
"Peru",14.95,0.0328,0.1291,0,0,0,0,0,0.02,9.29,0,0,0.06,0,0,1.41,0,6.66,2.81,0,12.71,0.59,0.41,0,1.96,0,1.32,0,2.33,0,0,0,0,1.76,0,0,0,0,0,0,0,0,0,0,0,0.1,0.0479,0,9,0,0,0,0,0,0,1.36,0,0,1.58,0
"Brazil",21.62,1.92,0.03,0,0,0,0,0,0,0,0,0,0,0,0,0.23,0.0193,0.73,8.57,18.18,30.05,6.55,2.2,0,15.4799,1.25,0.99,2.17,2.71,0.0068,0.1815,0,2.68,7.89,9,0.2299,0.3878,0,0,12.18,0,0,0,1.63,4.72,0.87,5.2738,0,0,2.68,0,0,0,0,0,0.72,0,0,0,0
"Bolivia",1.33,0,0,0,0,0,0,0,0,0,0,0,0,1.41,0.23,0,0,2.37,0.3,0,4.38,0.0026,0,0,0.738,0,0.3288,0,0.86,0,0,0,0,0.2098,0,0,9.0031,0,0,0,0,0,0,0,0,0,0,0,0,0,0,0,0,0,0,0,0,0,0,0
"Paraguay",0.04,9,0,0,0,0,0,0,0,0,9,0,0,0,0.0193,0,0,0.0001,0.37,0.45,1.33,0.0289,0.02,0,0.14,0,0.251,0,0.39,0,0,0,0,0.14,0,0,0,0,0,0,0,0,0,0.0021,0,0,0,0,0,0,0,0,0,9,0,0,0,0,0,0
"Chile",8.57,0,1.5306,0,0,0,9.02,0,0,0,0,0,0.24,6.66,0.73,2.37,0.0001,0,0.65,0,15.61,5.98,15.91,0,11.3768,0,2.18,0,11.85,0,0.02,0,1.91,2.2,0,0,0.001,0,0,0,0,0,0,0,0,2.6835,5.5715,0,0,0,0,0,0,0,0,2.1959,0,0,0.39,0
"Argentina",97,0,1.05,19.48,0,0,0,0,0,0,0,0,0,2.81,8.57,0.3,0.37,0.65,0,2.46,115.36,29.32,38.53,0,28.8743,3.85,19.45,3.99,16.27,0.0054,0.1193,0,8.94,16.24,0,0.05,0.0076,0,0,0,0.05,0,0,0.02,5.09,3.31,9.2836,0,0,0.21,0,0,0,0,0,3.33,0,0,0,0
"Uruguay",25.15,0,0.11,0,0,0,0,0,0,0,0,0,0,0,18.18,0,0.45,0,2.46,0,0.49,0.47,1.4,0,3.7959,0,2.94,0.08,3.78,0,0.0014,0,0,0.72,0,0,0.0006,0,0,0,0,0,0,0,0,0.0099,0,0,0,0,0,0,0,0,0,0.14,0,0,0,0
"United Kingdom",826.98,128.88,7.91,0.69,2.24,0.49,1.07,0.55,0.69,0.79,0,2.09,1.58,12.71,30.05,4.38,1.33,15.61,115.36,0.49,0,43.3367,34.1,0,31.0544,40.91,28.49,23.62,7.56,65.06,4.12,1.09,8.84,34.38,0.21,2.89,0.53,3.84,8.6,20.98,60.44,5.39,1.54,10.66,32.35,16.44,74.974,0,0.8,120.54,0,12.79,0,95.52,0,55.2,0,15.24,58.1,72.78
"Netherlands",88.2118,8.51,0.29,4.14,0.13,0.02,0.01,0.0289,0.06,0,0.21,0.16,0.37,0.59,6.55,0.0026,0.0289,5.98,29.32,0.47,43.3367,0,5.68,0,10.5185,7.97,0.08,0.39,124.9761,1.14,5.71,0.07,6.26,1.35,0,0.95,0.58,0.3031,3.8,0.11,0,24.96,0.31,2.03,1.24,7.2,11.3858,0.06,0.0014,0.71,0,0.53,1.9549,0.53,0,4.62,0,0.41,0.45,0.04
"Belgium",104.45,11.91,0,1.9,0.019,0,0,0,9.0052,9.001,0,0.02,0.01,0.41,2.2,0,0.02,15.91,38.53,1.4,34.1,5.68,0,5.45,31.11,5.5,2.15,2.6,23.41,0,0.14,0,1.68,2.17,0,0,2.24,0.27,4.32,1.81,0,55.99,0,3.87,2.37,3.44,3.42,0,0,2.4,0,5.66,0,6.91,0,3.72,0,0.38,12.45,1.77
"Luxembourg",0,0,0,0,0,0,0,0,0,0,0,0,0,0,0,0,0,0,0,0,0,0,5.45,0,0,0,0,0,0,0,0,0,0,0,0,0,0,0,0,0,0,0,0,0,0,0,0,0,0,0,0,0,0,0,0,0,0,0,0,0
"France",68.0405,2.11,5.2089,18.05,0.53,0.2297,0.35,0.55,0.08,0.29,2.1,1.26,0.03,1.96,15.4799,0.738,0.14,11.3768,28.8743,3.7959,31.0544,10.5185,31.11,0,0,29.2352,9.1165,3.0361,43.7826,2.84,1.48,0.43,7.88,9.3789,0,2.88,5.27,1.47,13.28,1.04,1.07,2.77,0.0096,4.18,2.5512,0.6472,7.6429,9,9,1.26,0,17.8617,0,15.6646,0,2.6706,0,0.68,30.94,0.82
"Switzerland",25.5,29.46,0,3.4636,0,0,0,0,0,0,0,0,0,0,1.25,0,0,0,3.85,0,40.91,7.97,5.5,0,29.2352,0,0.59,10.27,42.62,0.5,3.27,0.01,11.8,21.75,0,7.15,0.3,0.03,1.01,0.48,0,1.11,0,0,0.83,1.29,7.7662,0,0,2.2751,0,0,0,3.05,0,2.74,0,0,6.21,0
"Spain",85.51,0,9.29,9.09,0.135,0.065,0.08,0.03,0.04,9.1,0,2.24,0.41,1.32,0.99,0.3288,0.251,2.18,19.45,2.94,28.49,0.08,2.15,0,9.1165,0.59,0,4.19,31.43,0,0.38,0,0.6,0,0,0.05,0.36,0,1.24,0,0,0,0,0.84,1.18,2.46,0.75,0,0.0034,0,0,0,0,0,0,0.03,0,0,0,0
"Portugal",14.3,0,0,0,0,0,0,0,0,0,0,0,0,0,2.17,0,0,0,3.99,0.08,23.62,0.39,2.6,0,3.0361,10.27,4.19,0,4.95,0,0.02,0,0,0.08,0,0.0093,0.21,0,0,9.0026,0,0,0,0,0.73,1.63,0.57,0,0,0,0,0.1286,0,0,0,0.14,0,0,0,0
"Germany",292.11,2.12,4.92,9.64,0.38,0.5,0.19,0.05,0.06,0.14,0,0.23,2.23,2.33,2.71,0.86,0.39,11.85,16.27,3.78,7.56,124.9761,23.41,0,43.7826,42.62,31.43,4.95,0,9,9,4.41,32.49,20.59,9,3.86,3.07,2.12,9.18,17.95,9,367.01,3.01,20.51,47.6964,27.87,86.213,9,9,6.24,9,9,9,4.11,0,21.85,0,0.46,19.07,0.11
"Poland",23.89,9.2,0,0,0,0,0,0,0,0,9,0,0,0,0.0068,0,0,0,0.0054,0,65.06,1.14,0,0,2.84,0.5,0,0,9,0,0,1,12.06,0,0,0.5293,0.0009,0.0016,5.83,0.1502,0,2.8,0,0.0588,0.1,0.0742,0.22,0,0,0,0,0,0,0,0,0,0,0,0,0
"Austria",0.49,9.02,0,0.2,0,0,0,0,0.0001,0,9,0,0,0,0.1815,0,0,0.02,0.1193,0.0014,4.12,5.71,0.14,0,1.48,3.27,0.38,0.02,9,0,0,9.52,67.88,2.82,9.12,26.89,0.17,1.38,20.75,0,0,0,0,0.0199,0.72,0.29,0,0,0,0,0,0,0,0,0,0.03,0,0,0,0
"Hungary",1.16,0,0,0,0,0,0,0,0,0,0,0,0,0,0,0,0,0,0,0,1.09,0.07,0,0,0.43,0.01,0,0,4.41,1,9.52,0,10.38,2.94,0,2.3307,0.0072,0,0.07,9.16,0,0,0,0,0,0.02,0,0,0,0,0,0,0,0,0,0,0,0,0,0
"Czechoslovakia",43.8,0,0,0.24,0,0,0,0,0,0,0,0,0,0,2.68,0,0,1.91,8.94,0,8.84,6.26,1.68,0,7.88,11.8,0.6,0,32.49,12.06,67.88,10.38,0,0.93,0,19.03,0.22,0.07,7.75,0,0,2.8261,0.0486,0.31,0.21,0.34,0.75,0,0,9,0,0,9,0,0,0,0,0,0,0
"Italy",198.96,11.97,2.5,2.04,0,9.05,0.07,0.018,0.0491,9.03,0,0.39,0.1,1.76,7.89,0.2098,0.14,2.2,16.24,0.72,34.38,1.35,2.17,0,9.3789,21.75,0,0.08,20.59,0,2.82,2.94,0.93,0,0.74,2.97,6.59,2.73,15.31,0.028,0,0,0,0,1.21,5,0.24,0,0,0,0,0,0,2.26,0,4.37,0,0,34.56,0
"Albania",0,9,0,0,0,0,0,0,0,0,9,9,0,0,9,0,0,0,0,0,0.21,0,0,0,0,0,0,0,9,0,9.12,0,0,0.74,0,0.05,0.34,0,0,0,0,0,0,0,0,9,0,0,0,0,0,9.12,0,9,0,0,0,0,0,0
"Yugoslavia",2.34,0.0001,0,0,0,0,0,0,0,0,0,0,0,0,0.2299,0,0,0,0.05,0,2.89,0.95,0,0,2.88,7.15,0.05,0.0093,3.86,0.5293,26.89,2.3307,19.03,2.97,0.05,0,2.2,0.53,1.59,0.0011,0,0,0,0,0.01,0.03,0.03,0,0,0,0,0.02,0,0.0026,0,0.0033,0,0.0026,0,0
"Greece",0.748,3.62,0,0.008,0,0,0,0,0.0012,0,0.1,0,0,0,0.3878,9.0031,0,0.001,0.0076,0.0006,0.53,0.58,2.24,0,5.27,0.3,0.36,0.21,3.07,0.0009,0.17,0.0072,0.22,6.59,0.34,2.2,0,0.18,0.21,0.2366,0,0,0,0.0288,0.4,0.07,0.01,0,0.02,9,0.01,0.83,9,0.02,0,0.0197,0,0,0.0132,0
"Bulgaria",1.07,0,0,0,0,0,0,0,0,0,0,0,0,0,0,0,0,0,0,0,3.84,0.3031,0.27,0,1.47,0.03,0,0,2.12,0.0016,1.38,0,0.07,2.73,0,0.53,0.18,0,1.8,0.5,0,0,0,0,0,0.009,0.01,0,0,0,0,3.66,0,0,0,0,0,0,0,0
"Romania",5.69,0,0,0,0,0,0,0,0,0,0,0,0,0,0,0,0,0,0,0,8.6,3.8,4.32,0,13.28,1.01,1.24,0,9.18,5.83,20.75,0.07,7.75,15.31,0,1.59,0.21,1.8,0,0.0062,0,0,0,0,0,0.31,0,0,0,0,0,2.39,0,0,0,0,0,0,0,0
"Russia",1.86,0,0,0,0,0,0,0,0,0,0,0,0,0,12.18,0,0,0,0,0,20.98,0.11,1.81,0,1.04,0.48,0,9.0026,17.95,0.1502,0,9.16,0,0.028,0,0.0011,0.2366,0.5,0.0062,0,3.13,0.45,0,1.7,5.03,1.5,3.3246,0,0,0,0.23,0.13,0,6.88,0,0.21,0,0,0,0
"Estonia",2.83,9.01,0,0,0,0,0,0,0,0,9,0,0,0,0,0,0,0,0.05,0,60.44,0,0,0,1.07,0,0,0,9,0,0,0,0,0,0,0,0,0,0,3.13,0,7.59,0,0.57,0.17,0.0151,0,0,0,0,0,0,0,0,0,0,0,0,0,0
"Latvia",78.67,9.13,0,0,0,0,0,0,0,0,9,0,0,0,0,0,0,0,0,0,5.39,24.96,55.99,0,2.77,1.11,0,0,367.01,2.8,0,0,2.8261,0,0,0,0,0,0,0.45,7.59,0,19.51,9.45,24.3,0.01,70.5,0,0,0,0,0,0,0,0,0,0,0,0,0
"Lithuania",0.03,9,0,0,0,0,0,0,0,0,9,9,0,0,0,0,0,0,0,0,1.54,0.31,0,0,0.0096,0,0,0,3.01,0,0,0,0.0486,0,0,0,0,0,0,0,0,19.51,0,0.059,0.0783,0.0383,0.0185,0,0,0,0,0,0,0,0,0,0,0,0,0
"Finland",8.33,0,0.0016,0,0,0,0,0,0,0,0,0,0,0,1.63,0,0.0021,0,0.02,0,10.66,2.03,3.87,0,4.18,0,0.84,0,20.51,0.0588,0.0199,0,0.31,0,0,0,0.0288,0,0,1.7,0.57,9.45,0.059,0,1.74,0.17,0.282,0,0,0,0,0,0,0,0,0.0016,0,0,0,0
"Sweden",34.98,0,0,0,0,0,0.83,0,0,0,0,0,0,0,4.72,0,0,0,5.09,0,32.35,1.24,2.37,0,2.5512,0.83,1.18,0.73,47.6964,0.1,0.72,0,0.21,1.21,0,0.01,0.4,0,0,5.03,0.17,24.3,0.0783,1.74,0,9.53,0.1705,0,0,5.37,0,0,0,0,0,6,0,0,4.82,0
"Norway",26.73,4.82,0.3185,0.03,0,0,1.259,0,0.0001,0,0,0,0,0.1,0.87,0,0,2.6835,3.31,0.0099,16.44,7.2,3.44,0,0.6472,1.29,2.46,1.63,27.87,0.0742,0.29,0.02,0.34,5,9,0.03,0.07,0.009,0.31,1.5,0.0151,0.01,0.0383,0.17,9.53,0,3.3782,0,0,9,0,0.18,0,1.69,0,0.04,0,0.0497,1.2,0.0045
"Denmark",84.2391,0,0,0.08,0.0013,0,0.157,0,0.0068,0,0,0.62,0,0.0479,5.2738,0,0,5.5715,9.2836,0,74.974,11.3858,3.42,0,7.6429,7.7662,0.75,0.57,86.213,0.22,0,0,0.75,0.24,0,0.03,0.01,0.01,0,3.3246,0,70.5,0.0185,0.282,0.1705,3.3782,0,0,0,0,0,0,0,4.0287,0,0.37,0,0.39,9.84,0
"Liberia",0,0,0,0,0,0,0,0,0,0,0,0,0,0,0,0,0,0,0,0,0,0.06,0,0,9,0,0,0,9,0,0,0,0,0,0,0,0,0,0,0,0,0,0,0,0,0,0,0,0,0,0,0,0,0,0,0,0,0,0,0
"Ethiopia",0.01,9,0,0.03,0,0,0,0,0,0,0,9,0,9,0,0,0,0,0,0,0.8,0.0014,0,0,9,0,0.0034,0,9,0,0,0,0,0,0,0,0.02,0,0,0,0,0,0,0,0,0,0,0,0,0,0,0,0,0,0,0,0,0,0,0
"South Africa",31.54,7.93,0,0,0,0,0,0,0,0,0,0,0,0,2.68,0,0,0,0.21,0,120.54,0.71,2.4,0,1.26,2.2751,0,0,6.24,0,0,0,9,0,0,0,9,0,0,0,0,0,0,0,5.37,9,0,0,0,0,0,0,0,0,0,2.25,0,0,6.08,0.16
"Iran",0,0,0,0,0,0,0,0,0,0,0,0,0,0,0,0,0,0,0,0,0,0,0,0,0,0,0,0,9,0,0,0,0,0,0,0,0.01,0,0,0.23,0,0,0,0,0,0,0,0,0,0,0,0,0,0,0,0,0,0,0,0
"Turkey",0,0,0,0,0,0,0,0,0,0,0,0,0,0,0,0,0,0,0,0,12.79,0.53,5.66,0,17.8617,0,0,0.1286,9,0,0,0,0,0,9.12,0.02,0.83,3.66,2.39,0.13,0,0,0,0,0,0.18,0,0,0,0,0,0,0,0,0,0,0,0,0,0
"Afghanistan",0,0,0,0,0,0,0,0,0,0,0,0,0,0,0,0,0,0,0,0,0,1.9549,0,0,0,0,0,0,9,0,0,0,9,0,0,0,9,0,0,0,0,0,0,0,0,0,0,0,0,0,0,0,0,0,0,0,0,0,0,0
"China",37.44,8.4,0,0,0,0,0,0,0,9.54,0,0,0,0,0,0,9,0,0,0,95.52,0.53,6.91,0,15.6646,3.05,0,0,4.11,0,0,0,0,2.26,9,0.0026,0.02,0,0,6.88,0,0,0,0,0,1.69,4.0287,0,0,0,0,0,0,0,0,73.35,0,3.96,3.97,0
"Mongolia",0,0,0,0,0,0,0,0,0,0,0,0,0,0,0,0,0,0,0,0,0,0,0,0,0,0,0,0,0,0,0,0,0,0,0,0,0,0,0,0,0,0,0,0,0,0,0,0,0,0,0,0,0,0,0,0,0,0,0,0
"Japan",25.87,2.72,0,0.5,0.14,0.17,0,0,0.0078,0.3,0,0.0007,0,1.36,0.72,0,0,2.1959,3.33,0.14,55.2,4.62,3.72,0,2.6706,2.74,0.03,0.14,21.85,0,0.03,0,0,4.37,0,0.0033,0.0197,0,0,0.21,0,0,0,0.0016,6,0.04,0.37,0,0,2.25,0,0,0,73.35,0,0,0,3.91,7.9,2.79
"Nepal",0,0,0,0,0,0,0,0,0,0,0,0,0,0,0,0,0,0,0,0,0,0,0,0,0,0,0,0,0,0,0,0,0,0,0,0,0,0,0,0,0,0,0,0,0,0,0,0,0,0,0,0,0,0,0,0,0,0,0,0
"Thailand",2.9,0,0,0,0,0,0,0,0,0,0,0,0,0,0,0,0,0,0,0,15.24,0.41,0.38,0,0.68,0,0,0,0.46,0,0,0,0,0,0,0.0026,0,0,0,0,0,0,0,0,0,0.0497,0.39,0,0,0,0,0,0,3.96,0,3.91,0,0,0,0
"Australia",152.91,20.61,0,0,0,0,0,0,0,0,0,0,0,1.58,0,0,0,0.39,0,0,58.1,0.45,12.45,0,30.94,6.21,0,0,19.07,0,0,0,0,34.56,0,0,0.0132,0,0,0,0,0,0,0,4.82,1.2,9.84,0,0,6.08,0,0,0,3.97,0,7.9,0,0,0,21.85
"New Zealand",24.55,6,0,0,0,0,0,0,0,0,0,0,0,0,0,0,0,0,0,0,72.78,0.04,1.77,0,0.82,0,0,0,0.11,0,0,0,0,0,0,0,0,0,0,0,0,0,0,0,0,0.0045,0,0,0,0.16,0,0,0,0,0,2.79,0,0,21.85,0
