"","United States of America","Canada","Bahamas","Cuba","Haiti","Dominican Republic","Jamaica","Trinidad and Tobago","Barbados","Grenada","Mexico","Guatemala","Honduras","El Salvador","Nicaragua","Costa Rica","Panama","Colombia","Venezuela","Guyana","Suriname","Ecuador","Peru","Brazil","Bolivia","Paraguay","Chile","Argentina","Uruguay","United Kingdom","Ireland","Netherlands","Belgium","Luxembourg","France","Switzerland","Spain","Portugal","German Federal Republic","German Democratic Republic","Poland","Austria","Hungary","Czechoslovakia","Italy","Malta","Albania","Yugoslavia","Greece","Cyprus","Bulgaria","Romania","Russia","Finland","Sweden","Norway","Denmark","Iceland","Cape Verde","Sao Tome and Principe","Guinea-Bissau","Equatorial Guinea","Gambia","Mali","Senegal","Benin","Mauritania","Niger","Ivory Coast","Guinea","Burkina Faso","Liberia","Sierra Leone","Ghana","Togo","Cameroon","Nigeria","Gabon","Central African Republic","Chad","Congo","Democratic Republic of the Congo","Uganda","Kenya","Tanzania","Burundi","Rwanda","Somalia","Ethiopia","Angola","Mozambique","Zambia","Zimbabwe","Malawi","South Africa","Lesotho","Botswana","Swaziland","Madagascar","Comoros","Mauritius","Morocco","Algeria","Tunisia","Libya","Sudan","Iran","Turkey","Iraq","Egypt","Syria","Lebanon","Jordan","Israel","Saudi Arabia","Yemen Arab Republic","Yemen People's Republic","Kuwait","Bahrain","Qatar","United Arab Emirates","Oman","Afghanistan","China","Mongolia","Taiwan","North Korea","South Korea","Japan","India","Bhutan","Pakistan","Bangladesh","Myanmar","Sri Lanka","Maldives","Nepal","Thailand","Cambodia","Laos","Vietnam","Republic of Vietnam","Malaysia","Singapore","Philippines","Indonesia","Australia","Papua New Guinea","New Zealand","Fiji"
"United States of America",0,2627.099,576.67,0,34.816,205,87.623,930.45,6.752,1.454,1001.2002,63.353,7.881,2.676,22.726,7.092,20.416,8.39,1167.0999,5.697,41.496,128.91,305.81,2102.1941,46.561,3.159,289.82,408.87,31.224,1176.9002,83.49,2309.6,644.9611,28.9387,1802.8,99.4,1667.2901,297.42,0,5,385.18,23.6,62.49,14.7,703.1999,28,3,136.66,270.26,8.086,9,5.35,1568.4,258.77,254,274.3,133.3,45.344,0,0,0.205,2,1.734,4.306,40.996,12.186,14,10.13,91.41,24.5,9.672,12.848,34.611,32.378,6.907,19.408,2984.5,197.074,2.643,3.292,72.161,24.5,62.834,27.676,69.038,19.931,19.957,2.73,30.299,437.8,17.532,115.5376,64,4.187,422.2,11,19,14,36.533,2.4,1.151,185.87,543.78,67.55,1172.3,79.241,396.5,270.79,347.3,723.93,102.33,334,55.8,672.93,2380.6,5.064,2,304.3,23.14,331.93,402.4,6.6,13.773,133,1,505.1001,10,295.1,723.6,763.37,0,214,276.45,26.165,0.752,0,3,231.52,65,3,206,0,435.31,715.4,17.4,1857.8,945.6201,8.38,153.91,7.723
"Canada",2627.099,0,11.71,121.1,3.953,1,34.914,14.11,10.063,1.986,43.2,12.631,4.925,0.963,2.547,3.282,5.286,8.4,995,2.083,2.708,7.37,57.06,73.542,1.647,1.035,15.83,70.23,10.677,591.7,5.77,136.1,155.6176,6.9824,59.7,106.7,33.02,15.08,0,1.9,17.02,21,0.41,40.6,147.8,4.93,19.1,36.79,27.69,1.655,1.7,17.56,369.7,6.17,171,83.45,40.36,0.688,0,0,0.155,0,0.282,0.1,5.2,1.939,2.4,1.588,0.74,16.2,0.782,2.563,3.677,10.67,0.494,0.172,45.4,27.259,0.037,0,0.1,4.4,2.469,1.911,15.887,0.225,0.1,0.1,0.936,0.7,4.304,24.6107,0,3.379,108.5,0,0,0,1,0,67.725,13.79,31.34,17.45,32.2,2.884,740.2,55.8,65.3,3.64,0.89,38.6,1.01,10.09,797.9,0.003,205.7,110.7,1.29,6.11,148,54.88,0.153,309.6,0,158.4,4.3,28.7,1193.9,190.84,0,68.75,82.37,1.369,5.049,0,0,25.47,9,9,3.6,0,25.1,5.25,48.8,47.3,116.6,1.005,11.53,1.157
"Bahamas",576.67,11.71,0,0.05,0.051,0.05,1.382,11.99,0.054,0.02,0.22,2.38,0.013,0,0.14,0,45.33,0.8,28.88,0,2.48,10.76,5.11,76.627,0,0,0.07,2.54,0,7.41,0.35,34.77,9.4653,0.4247,0.85,8.69,3.06,1.01,0,0,0,0,0,0.01,7.43,0.13,0,0,28.1,0.014,0,0,4.18,0.01,10.48,9.13,6.75,4.69,0,0,0,0,9,9,0,0,0,0,0,0,0,0.726,0.006,0,0,0,472.75,36.44,0,0,0,0,0,0,0,0,0,0,0,0,0,0,0,0,9.27,0,0,0,0,0,0.001,0,18.91,0,388.63,0,130.15,0,0,15.31,0.01,0,0,0.02,1025.3199,9,0,0,0.01,9,0,9,0,0.01,0,0.03,0.3,0,8.38,10.52,0,0.01,0,0,0,0,0,0,0,0,0,0,0.01,0.81,0.01,190.25,0.02,9.114,0.43,0.041
"Cuba",0,121.1,0.05,0,0,9,1.984,3.02,0.017,0,28.2,0,0,0,0,0.002,0.299,0.43,0,0,0.246,0,22.31,0,0,9,0.08,156.48,0,68.8,3.62,50.9,43.4504,1.9496,82.2,23.3,137.62,65.58,0,0,5.17,27.8,5.39,0,73.4,0.03,0,10.07,9.01,9.065,0,7.49,0,29.93,11.9,9.71,17,0,0,0,0,0,9,8.285,0,9,0,0,0.02,0,9,0,9,0,0,0.014,0,0.074,9,9,0.003,9,0,0,0,0,9,9,0.004,0,9,0,0,0,0,0,0,0,9,9,9,52.52,30.68,2.86,9.4,20.035,9,0,30.7,16.17,5.35,0,0,0,1.7,9,0,9,0.02,0,9,0,0,0,0,0,0,0,95.6,0,0,0,9,9,0,0,0,0,0,0,0,0,0,0.05,0,0,0,9.002,32.92,0.006
"Haiti",34.816,3.953,0.051,0,0,0.522,0.442,0.059,0.043,9.001,0.468,0.412,0.009,0.049,0.214,0.001,0.008,1.148,0.205,0,0.063,0.011,0.001,0.447,0,0.004,0.019,0.099,0.055,3.726,0.014,3.558,0.1627,0.0073,2.768,0.341,0.372,0.03,0,0,0.448,0.21,0.104,0.534,3.821,0,0,0.001,0.006,0,9.092,0.108,0,0.105,0.309,0.179,0.035,0.003,0,0,0,0,0,0,0,9,0,9,0.01,0,0.02,0.004,0,0,0.001,0,0,0,9,0,0,0.002,0,9,0,0,9,0,9,0,9,0,9,0,0,0,0,0,0.006,9,0,0.029,0,0,0,0,0,0.014,9,0,0.012,0.017,0.037,0.007,9,9,0,9,0,0,0,0,0,0.403,0,0,0,0,9.48,0.069,0,0.002,0,0,0,0,0,0,0,0,9,0,9,0.3,0,0.011,0.049,0,0,0
"Dominican Republic",205,1,0.05,9,0.522,0,1.143,0.18,0.006,0,6.59,2.605,15.177,0.377,0.095,0.511,0.204,20.77,105.7,0.169,0.003,0.18,0.17,4.294,0,0,0.02,0.47,0.686,2.1,0.07,3.8,13.9731,0.627,32.4,4.2,4.98,10.39,0,9,0,0.3,0,9,17.1,0,0,0.55,0.03,0,9,0,9,35.29,28.2,3.52,1.63,0.007,0,9,0,0,0,0,9,9,0,0,9,0,0,0,9.017,0,9,0.029,9,0,0,0,0,9,0,0,0,0,0,0,9,9,9,0,9,9,9,0,9,0,9,0,0,32.65,5.1,9,0,10.436,17.1,0,9,0,9,9,0,0.05,0,0,9,9,0,9,0,0,0,9,0,9,9,0,54.3,0.05,0,1.46,1.67,0,0,0,0,0,9,0,9,0,0,0.49,1.2,0,0,0,2.12,0
"Jamaica",87.623,34.914,1.382,1.984,0.442,1.143,0,37.846,1.683,0.397,2.788,0.41,5.996,0.387,0.273,0.406,0.56,0.542,152.882,22.981,0.24,0.191,0.087,7.557,0.062,0,0.097,2.079,0.543,30.902,1.468,11.304,7.7809,0.3491,9.229,5.542,15.588,0.333,0,0.096,9.293,0.587,0.021,0.134,7.502,0.178,0,0.977,0.039,0.001,9,0.026,23.309,0.436,10.739,48.228,1.495,0.003,0,0,9,0,0,0.009,0,0,0,9,0,9,0,0.002,0.015,9.795,0.001,0.069,0.024,0,0,0,0,0.023,0,0.087,0.006,0,9,0.004,0.008,0,0,0.177,0.001,0.005,0.177,0,0.145,0,0.002,0,0.008,0.009,0.051,0,0.003,0.008,39.314,0.004,0,0.039,0.006,0.206,0,0.171,0.007,0.001,0.001,0.001,0.03,0,0,0.001,0,0.92,0,6.371,0,0.551,39.123,0.594,0,0.413,0.316,0,0.06,0,9,0.064,0,0.001,0,0,0.648,0.416,1.941,0.631,7.081,0.019,15.376,0.061
"Trinidad and Tobago",930.45,14.11,11.99,3.02,0.059,0.18,37.846,0,15.832,5.341,0.18,0.075,1.921,0.65,0.281,2.583,0.741,1.7,8.84,45.115,42.633,1.69,0.43,0.85,0.02,0.03,0.17,0.72,0.677,56.04,1.55,2.9,1.8376,0.0824,2.19,1.74,8.73,0.15,0,0.21,0.23,1.01,0.18,9.72,9.73,0.01,0,0.05,1.2,0,0,0.09,9.12,0.25,0.28,2.49,3.95,0.059,0,0,0,0,0.332,9,0,0.01,0,0,3.82,0,0,0.001,0.085,0.005,0,1.043,0.37,0,0,0,0,0.2,0.001,0.052,0.041,9,0.2,0,0,0,0,0.0455,0,0,0,0,0.01,0,0,0,0,0.12,0,0,83.3,0,78.74,0.01,0.03,0,0,9,0,0.27,385.5,9,0,0,0.01,0,0,153.65,0,2.39,0,3.5,9.13,1.11,50.97,2.6,0,0.13,0.08,0,0,0,0,0.03,0,0,0,0,0.72,0.75,0.01,252.11,6.46,0.002,10.88,0.001
"Barbados",6.752,10.063,0.054,0.017,0.043,0.006,1.683,15.832,0,0.895,0.117,0.046,1.398,0.093,0,0.02,0.867,1.05,20.857,3.453,0.065,0.009,0.004,1.578,0,0.152,0.116,1.226,0.007,13.601,0.846,3.15,0.5072,0.0228,1.214,0.835,0.591,0.087,0,0.005,0.037,0.118,0.07,9.153,1.599,0.017,0,0.022,0.035,0.006,0.001,0.014,0.018,0.132,0.476,1.719,0.985,0.013,0,0,0,0,0,0,0.002,0,0,0,0,0.001,0,0,0,0,0,0,0,9,0,0,0,0,0,0.181,0.078,9,0,0,0.008,0,0,0,0,0,0.007,0,0,0,0.005,0,0,0.006,0.001,0,0,0,0.014,0.006,0.003,0.148,0,9,9,0.094,0.074,0,0,0,0,0,0,0,0,0.586,0,0.072,9.001,0.191,3.677,0.347,0,0.183,0,0,0.192,9.004,0,0.021,0,0,0,0,0.336,0,0.03,0.008,1.821,0,5.239,0
"Grenada",1.454,1.986,0.02,0,9.001,0,0.397,5.341,0.895,0,0,9,0.291,0,9,0,0,0,0.038,0.728,0.112,9,0,0.022,0,9,9,0.106,9,0.894,0,1.014,0.335,0.015,0.013,0,0.238,0,0,0,0.358,0,9,0,0.144,0,0,0,0,0,9,0,0,0,0.092,0.014,0.377,9,0,0,0,0,0,0,9,0,0,0,0,0,0,0,0,0,0,0,0,0,9,0,0,0,9,9,9,0,0,0,0,9,9,0,0,9,0.011,0,0,0,9,0,0,9,0,0,9,9,9,9,9,0,0,9,9.018,0,9,9,9,0,0,0,0,9,9,0.191,0,0,9,0,0.368,0,0,9,9,0,0,0,0,0,0,0,0,0,9,0,9,9,0,0,0.269,0
"Mexico",1001.2002,43.2,0.22,28.2,0.468,6.59,2.788,0.18,0.117,0,0,15.659,6.555,11.736,9.797,19.073,3.823,21.41,0.8,0.324,0.052,2.71,23.34,32.501,0.32,5.327,12.75,152.85,7.011,168.7,0.18,21.7,29.0946,1.3054,88.5,69.7,20.28,21.99,0,0.2,0.7,0.9,0.1,5.3,37.3,0.1,0,5.06,2.42,0.006,0,5.59,0.5,13.24,63.5,4.33,1.56,0.097,0,0,9,0,0,9,0,0,0,0,1.18,0,9,0.399,0,0.006,0.003,0.059,0.6,0.029,0,9,0,0.9,0,4.7,0,0,9,0,0,0,22.987,0.1173,0,9,4.4,0,0,0,9,9,0.009,6.68,1.98,0.17,0.3,0.034,5,0.05,0.2,0.03,9,3.7,0,1.06,5,9,0,0.4,0.03,0,0,9,0,16.7,0,0,9,1.1,86.9,4.41,0,2.86,0.36,0,2.8,0,9,2.54,9,0,9,0,2.04,2.23,1.2,9.1,10.1,0.501,2.06,0.103
"Guatemala",63.353,12.631,2.38,0,0.412,2.605,0.41,0.075,0.046,9,15.659,0,11.194,24.598,22.086,23.267,5.432,11.536,76.721,0,0.138,0.41,0.375,3.941,0.235,0.004,0.252,1.454,0.045,51.847,3.322,0.379,1.7036,0.0764,5.346,5.782,2.32,14.341,0,0,0,3.221,0,0.463,26.857,0,9,0.111,0.055,0,0,0,0,10.448,1.782,2.219,3.321,0,0,0,0,0,0,0,9,0,9,0,0,0,0,0,0,0,9,0,0.003,9,0,0,9,0.001,9,0,0,9,0,0,0.014,0,9,0,0,0,0.526,9,0,0,0.011,0,0,0.002,0,0,0,0,0.294,0.001,9,2.657,0,9,0,0.248,0.6,0,9,0,2.05,9.04,0,9,9,0,9,1.1,0,0.135,17.996,0.063,0,0.043,0,9,0.317,0,0,1.378,0,0,0,0,0.023,0,0.093,2.283,0.587,9,0.02,0
"Honduras",7.881,4.925,0.013,0,0.009,15.177,5.996,1.921,1.398,0.291,6.555,11.194,0,0,3.256,8.239,0.835,1.865,63.088,0.047,0,1.433,0.072,4.989,0,0.003,0.009,0.936,0.157,10.172,0.168,1.345,3.2444,0.1456,1.405,1.161,2.05,0.212,0,0.108,0.481,3.555,0.311,0.263,0.045,0,0,0.019,0.495,0,0.003,0.042,0.06,1.534,0.138,0.963,0.971,0.065,0,0,0,0,0,9,0,0,0,0,9.01,0,0,0,9,0,0,0.027,0,0,9,0,0,0,9,0,9,9,0,0,9,0,0,0,9,0,0.102,0,0,0,0.004,0,0,0.029,0,0,0.1,0.002,0.079,0,9,0,0,0.958,0.038,0.036,0.3,9,0.002,0.119,0,9,9,9,0,0.788,9,1.973,0,0.459,15.523,0.051,0,0.031,0,0,0.082,0,0,0.001,0,0,9,0,0.145,0,0.886,0.018,0.097,9,0.052,9
"El Salvador",2.676,0.963,0,0,0.049,0.377,0.387,0.65,0.093,0,11.736,24.598,0,0,4.484,4.113,7.644,4.736,46.05,0,0.185,0.141,1.194,1.902,0.052,0,1.172,1.493,0.073,0.902,0.02,21.067,9.3122,0.4178,1.523,0.601,5.836,7.411,0,0,0.538,2.865,0.015,0.266,6.273,0,0,2.66,0.009,0.009,0,0,0,2.996,3.106,0.606,4.913,0.011,0,0,0,0,0,0,0,0,0,0,9,0,0,0,0,0,0,0,0,0,0,0,0,0,0,0,0,0,9,0,0,0,0,0,0,0,0.263,0,0,0,0,0,0,0.64,0,0,0,0,0.1,0,0,0,0,0,0,4.72,0,9,0,0,0,0,0,9,0,0.328,0,1.505,0,0,21.937,0.052,0,0,9,0,0,0,0,2.05,0,0,0,0,0,0.031,0.27,0,0.776,0,1.18,0
"Nicaragua",22.726,2.547,0.14,0,0.214,0.095,0.273,0.281,0,9,9.797,22.086,3.256,4.484,0,0.554,2.885,3.324,63.239,0,0,0.009,0.48,1.912,0,0,0.409,1.013,0.022,11.093,0.036,1.522,5.7041,0.2559,1.248,4.644,2.204,1.967,0,0,0.006,3.209,0,0.344,2.365,0.48,9,0.457,0.007,0.018,0,4.809,0.132,0.617,0.235,0.922,6.146,0.052,0,0,0,0,0,0,0,9,0,0,0.15,0,0,0,0,0.301,0,0.101,0.005,0,0,0,9,0,0,0,0,0,0,0,0.003,0,0,0,0,0,0.005,0,0,0,0,0,0,11.642,0,0,0,0,0,0,0,0.003,0,0.005,0,0.574,0,9,0,0,0,0,0,0,0,0.199,0,5.57,0,0.146,26.101,0.15,0,0.006,9,0,0.227,0,0,3.355,0,0,0,0,0.346,0.061,0.045,1.895,0.641,0,0.358,0
"Costa Rica",7.092,3.282,0,0.002,0.001,0.511,0.406,2.583,0.02,0,19.073,23.267,8.239,4.113,0.554,0,10.054,6.535,57.904,0,0.053,1.928,0.498,2.967,0.096,0,0.576,1.445,0.051,2.037,0.045,3.437,1.426,0.064,4.317,7.412,7.414,0.266,0,0.975,0.179,6.577,0.332,0.997,14.219,0.01,0,5.422,0.295,0,0.241,1.537,1.251,18.4,8.63,5.167,4.383,0.247,0,9,0,9,0,0,0,0,0,0,0,0,0,0,0,0,0,0,0,0,0,0,9,0,9,0,0,9,0,0,0.006,0,0.002,0,0,9,0.263,9,0.073,0,0.001,0,0,1.244,0,0.11,2.6,0.032,0.296,0.077,0.2,0,0.134,0.611,0.161,0.25,0.1,9,9,0,0,0,9,9,9,0.2,9,1.331,0.011,1.414,52.242,0.113,0,0.046,9,0,0.021,0,0,0.002,9,9,9,0,0.024,0.023,2.692,0.005,0.441,0.003,1.012,9
"Panama",20.416,5.286,45.33,0.299,0.008,0.204,0.56,0.741,0.867,0,3.823,5.432,0.835,7.644,2.885,10.054,0,1.257,47.015,0.362,1.533,129.416,0.126,39.206,0.211,0.002,1.536,14.384,0.241,7.724,0.888,2.424,0.268,0.012,8.391,31.31,4.609,0.396,0,0.099,1.083,6.014,0.373,0.53,34.413,0,9,8.556,0.852,0.001,0.009,0.093,0.015,4.136,3.689,2.683,3.747,0.137,0,0,9,9,0,0,0,0,0,0,1.33,0,0,9,0,0,0.012,0,1.495,0,0,0,0,0,0,0,9,0,9,9,0,9,9.001,0.001,0,0,1.094,0,0,0,9,0,0,1.937,0,0.68,2.4,0,0.2,0.038,0,4.78,1.025,9.011,0,0.042,144.71,0.001,0,0,0,9,0,9,0,0.409,0,3.871,0,2.059,5.116,0.578,0,3.617,0.01,0,0.028,0,0,0.17,9,9,0,0,0.42,0.747,0.049,2.455,0.435,0,1.914,0
"Colombia",8.39,8.4,0.8,0.43,1.148,20.77,0.542,1.7,1.05,0,21.41,11.536,1.865,4.736,3.324,6.535,1.257,0,72.36,0.069,0.455,15.75,14.77,7.772,8.764,0.162,19.18,8.52,2.644,1.49,6.96,68.94,5.7998,0.2602,31.04,18.01,6.97,0.47,0,3.58,10.95,6.55,5.81,0.95,3.09,0.03,0,0.57,2.3,0.017,0.13,0.87,1.29,32.84,29.63,8.21,8.58,0.066,0,0,9,0,0,0,0,0,9,0,0.3,0,0,0.15,0.04,0.165,0,0.053,0.09,0.02,0,0.07,0.02,0,0.06,0,0,0,9,0,0,0,0,0.0209,0,9,3.18,9,9,0,0.03,9,0.003,1.74,1.16,0.04,0.7,0.023,0.32,0.12,0,0.09,0,0.02,0,0.53,0.2,9,0,0.01,0,0,0.01,0,9,0.01,9,0.39,0.04,0.91,92.84,0.16,0,0.07,0,0,0.04,9,0,0.01,0,9,0.05,0,1.21,2.88,0.01,0,0.88,0,0.04,9
"Venezuela",1167.0999,995,28.88,0,0.205,105.7,152.882,8.84,20.857,0.038,0.8,76.721,63.088,46.05,63.239,57.904,47.015,72.36,0,3.288,2.656,12.09,108.06,2.371,0.15,4.598,21.06,7.79,14.116,160.1,5.94,54.4,135.9022,6.0978,89.1,75.2,17.57,3.87,0,0,0,9.3,0,6.3,173.6,0.01,9,1.72,0.26,0.001,0,1.09,0,10.06,62.9,0.29,10.78,0.079,0,0,0,0,0,0.736,0,0.661,9,1.263,2.45,0,10.025,0,0.928,2.623,5.248,2.96,7.6,0,0,9.014,0.009,0,0,0,0,0,0,0,0,0,0.892,0.0018,0,0,0,0,0,0,0,0,0.002,2.12,3.47,0,0.3,11.578,0,2.65,9,0,0,0,0,12.25,0,9,9,0,0,0,0,0,0,0,0,0,0,0,437.4,0.17,0,0.39,0,0,0,0,0,0.4,9,0,0,0,1.22,3.95,10,1.8,9.61,0,1.9,0.001
"Guyana",5.697,2.083,0,0,0,0.169,22.981,45.115,3.453,0.728,0.324,0,0.047,0,0,0,0.362,0.069,3.288,0,0.237,0,0.153,1.762,0,0,0.09,1.183,0,31.201,0.085,8.824,1.1772,0.0528,4.556,1.038,3.62,0.01,0,1.639,0,0.165,0,0,0.201,0.01,0,0.47,0,0.001,0,0,32.114,6.306,0.61,5.966,5.597,0,0,0,0,0,0,9,0,0,0,0,0,0,9,0,0,0,9.026,0,0,0,0,0,0.008,0,0,0.102,0,9,0,0,0,0,0,0,0,0,0,0,0,0,0,0,0,20.018,0,0,0,0,0.3,0,9,0,0,0,0,0,0,0,0,0,0.01,0,0,0,9,0.521,0,1.885,0,0.512,3.476,2.338,0,0.341,0.01,0,0,0,0,0.25,0,0,0,0,0.199,0.587,0,0.1,0.131,0.01,0.559,0.001
"Suriname",41.496,2.708,2.48,0.246,0.063,0.003,0.24,42.633,0.065,0.112,0.052,0.138,0,0.185,0,0.053,1.533,0.455,2.656,0.237,0,0,0.046,0.055,9,0,0.004,1.078,0,1.387,0.048,7.128,2.0385,0.0915,1.897,1.388,3.512,0.173,0,0.004,0.063,0.321,0.214,0.199,1.055,0,0,0.28,0.047,0.002,0,0.032,0.048,0.021,4.251,29.491,4.753,0,0,0,0,0,0,0,0,0,0,0,0,0,9,9,0,0,0,0,0,44.992,0,0,9,0,0,0,0,0,0,0,0,0,0,0,0,0,0.21,0,0,0,9,0,0,0.026,0,0.152,0,0,0,0.006,0,0,0,0,0,0.021,0,0,0,0,0,0,0,0,0,5.223,9,0,0,0.204,7.596,0.689,0,0.03,0,0,0,0,0,0.032,0,0,0,0,0.524,0,0.003,0.174,0.072,0,0.008,0
"Ecuador",128.91,7.37,10.76,0,0.011,0.18,0.191,1.69,0.009,9,2.71,0.41,1.433,0.141,0.009,1.928,129.416,15.75,12.09,0,0,0,121.84,18.235,0.422,0.052,79.28,1.75,0.138,35.55,5.15,9.85,2.1725,0.0975,6.19,6.96,19.17,0.62,0,7.57,0.59,4.27,8.97,0.31,1.91,0.26,9,13.01,8.94,0,0.04,1.64,11.52,4.97,3.58,1.54,1.93,0.081,0,0,0,0,9,9,0,9,0,0,0.07,0,0,0.1,0,0,0,0.01,9.02,0,9,0,0,9,9,0,9,0,9,9,0,0,0,0,0,9,1.14,0,0,0,9.02,0,0,4.22,0,0.44,1.4,0.02,15.42,0,9,0.05,0.71,0.04,0,0.15,1.8,0,0,0,0,9,0.03,0,0,0.22,0,6.74,9.06,1.22,135.09,0.64,0,0.07,9.02,0,0.33,0,9,0.01,0,9,0,0,0.39,0.08,0.09,0.46,5.9,0,6.74,0
"Peru",305.81,57.06,5.11,22.31,0.001,0.17,0.087,0.43,0.004,0,23.34,0.375,0.072,1.194,0.48,0.498,0.126,14.77,108.06,0.153,0.046,121.84,0,25.266,2.798,1.125,20.08,13.3,1.313,26.61,0.76,55.15,13.8582,0.6218,0.06,37.58,10.7,2.21,0,25.77,19.05,0.42,4.34,0.36,11.29,0.14,0.03,8.11,0.02,0,2.14,8.87,121.5,4.47,50.68,6.06,4.22,0.015,0,0,0,0,0.05,0,0,0,0,0,0.01,0,0,0.07,0,0,0,0,0.01,8.188,0,0.01,0,0,0,0,0.08,0,9,9,0,0,0,1.14,0,0,7.78,0,9.17,0,0.01,0,0,0,2.71,0.12,0,0.02,1.58,0,11.9,0.98,0,0.64,0,2.94,0,0,0,0.01,0,9,0,0,0,47.83,0,16.93,7.91,2.18,1.62,0.47,0,7.23,0.24,0,0.32,0,0,10.49,9,0,9.06,0,5.19,0.1,7.81,0.26,29.85,0.014,34.73,0
"Brazil",2102.1941,73.542,76.627,0,0.447,4.294,7.557,0.85,1.578,0.022,32.501,3.941,4.989,1.902,1.912,2.967,39.206,7.772,2.371,1.762,0.055,18.235,25.266,0,60.852,10.11,40.999,81.474,1.791,12.539,2.746,121.428,115.0001,5.1599,81.1,219.9,297.266,29.831,0,7.974,29.594,32.427,37.438,16.276,241.86,2.474,9.35,76.378,19.9,2.945,21.076,12.23,370.085,0.782,248.917,23.71,68.522,1.475,0,0,0.005,9,0.01,0,0.209,0.02,11.64,0.01,8.979,0.13,9.07,0.591,0.126,0.487,0.114,1.439,58.201,112.939,0.006,9.01,14.053,23.907,0.38,0.683,0.683,0,0,0,0.855,2.372,10.418,20.9747,0,0.05,1.139,0,9,9,0.008,0,0.096,4.83,95.659,17.43,230.888,0.66,120.644,19.212,806.496,5.334,80.404,17.437,0.6,34.756,1235.725,0.04,0,389.027,9.541,0.06,39.984,40.23,8.24,82.097,9,0.484,0.099,5.687,499.9169,0.963,0,0.731,2.167,0.012,0.474,0,0,8.606,9,0,0,0,7.4,15.334,21.108,2.884,24.523,0.093,6.214,0.217
"Bolivia",46.561,1.647,0,0,0,0,0.062,0.02,0,0,0.32,0.235,0,0.052,0,0.096,0.211,8.764,0.15,0,9,0.422,2.798,60.852,0,0.013,0.374,50.404,0.301,28.084,0.64,4.615,22.2229,0.9971,0.44,6.133,16.48,1.55,0,0,0,3.1,0,0,9.361,0,0,0.04,1.31,0,9,0,0,0.15,6.422,0.16,3.66,0,0,0,0,0,0,0,9,0,0,0,0,9,0,0,9,0.001,0,0,9,0,9,0,0,0,0,0,9,0,0,0,0,9,0.457,0,9,0,0,9,9,0,9,0,0,13.13,0,0,0,0,0,0,0,0,0,0,0,1.14,0,9,0,0,0,9,0,9,9,0,0,0,0,0,67.376,0.28,0,0,0.05,0,0,0,0,0.75,0,9,0,0,0,0,0,0.3,0,9,0.05,0
"Paraguay",3.159,1.035,0,9,0.004,0,0,0.03,0.152,9,5.327,0.004,0.003,0,0,0,0.002,0.162,4.598,0,0,0.052,1.125,10.11,0.013,0,0.495,13.638,0.092,2.797,0.016,8.601,5.7519,0.2581,13.073,2.093,15.702,1.77,0,9,9,0.665,9,9,1.374,0,0,3.53,0.027,0,0,9,9,0.027,2.655,0.216,1.792,0,0,0,0,0,0,9,0,0,0,0,0.11,0,9,9,0,0,0,0,0,0,0.031,0,0.006,0,0,9,0,9,0,0,0,0,0,9.0255,9,0,0.003,0,0,0,0,0,0,0,20.69,0.055,0,0,0,0.005,9,0,9,9,0,0.05,0,0,0,0,0,9,0,0,0,0,0,1.214,9,0.003,3.394,0.073,0,0.016,0,9,0.004,0,0,0,0,9,0,0,0,0.02,0,0.4,0,0.109,0,0
"Chile",289.82,15.83,0.07,0.08,0.019,0.02,0.097,0.17,0.116,9,12.75,0.252,0.009,1.172,0.409,0.576,1.536,19.18,21.06,0.09,0.004,79.28,20.08,40.999,0.374,0.495,0,54.3,3.202,89.46,0.08,16.12,11.6761,0.5239,65.47,0.01,27.07,0.1,0,0.39,8.09,6.69,0.39,0.05,67.95,0.01,0,33.39,0.67,0.022,3.58,0.98,0.04,0.41,20,5.15,7.15,0.067,0,0,0,0,0,0,0.04,9,0,0,0.05,0,9,0.06,0,0.065,9,0,9,0.04,0,0,0,0,0,0,0,0,9,0,0,14.31,0.02,0,0,0,0.09,0,0,0,0,0,0,0,0,0.01,5.3,0,62.93,7.5,0.01,8.23,0,0,0,0.3,90.7,9,9,0,0,0,0.06,9,0,12.26,0,15.72,0.01,4.73,180.21,0.78,0,0.08,0.52,0,1.13,0,0,0.02,0,0,9,0,0.87,2.37,0.46,0.52,5.57,0,0.11,0.005
"Argentina",408.87,70.23,2.54,156.48,0.099,0.47,2.079,0.72,1.226,0.106,152.85,1.454,0.936,1.493,1.013,1.445,14.384,8.52,7.79,1.183,1.078,1.75,13.3,81.474,50.404,13.638,54.3,0,25.152,17.33,5.08,40.73,2.9477,0.1323,38.89,51.6,149.68,0.58,0,1.38,9.83,21.9,4.04,0.47,146.96,1.25,9.05,3.35,10.67,0.682,0.59,33.6,266.36,38.77,29.13,4.11,15.62,0.026,0,0,1.839,0,0,0.361,1.47,0,0,0,0.34,0.97,0,0.23,0.032,13.211,0.316,0.039,5.7,3.201,0,0,0.037,5.08,0.09,5.559,2.002,0,0,0.01,0.047,4.53,0.03,0.9882,0,0,2.15,0,0,9,0.14,0,0.186,31.45,13.63,3.53,43.13,0.07,21.88,0.14,9.3,0.23,9.66,6.19,2.14,28.75,12.63,5.5,0,16.79,2.27,0,0,0.01,0,20.44,0,11.1,0.05,11.23,280.43,41.6,0,0.15,2.44,0.16,0.15,0,0.01,0.87,0,9,9.1,0,7.48,5.91,0.21,4.68,63.11,0.082,0.03,0.015
"Uruguay",31.224,10.677,0,0,0.055,0.686,0.543,0.677,0.007,9,7.011,0.045,0.157,0.073,0.022,0.051,0.241,2.644,14.116,0,0,0.138,1.313,1.791,0.301,0.092,3.202,25.152,0,7.76,0.64,10.827,0.8422,0.0378,5.797,0.222,20.476,3.075,0,3.977,0.88,2.167,0.212,5.863,5.155,0,0,2.775,15.409,0.792,0.108,0.078,12.064,2.303,4.682,1.473,0.556,0.001,0,0,0,0,0,9,0.001,9,9.001,0,0.664,0,9,0.026,0.001,0.673,0,0,16.95,3.56,0,0,0.024,0.8,0.183,0.001,0.001,9,0,9,9,0,0.016,0,0,9.019,2.324,0,0,0,0.017,0,0,0.022,0,1.503,0.018,0.004,8.759,1.99,18.574,3.18,9.444,9.026,0.12,16.761,0.3,9,0,99.353,0,9,0,9,9,0.118,9,1.817,0,0.492,5.583,0.997,0,0.035,3.064,9,0.231,0,9,0.02,0,0,9,0,2.583,0.176,0.055,0.043,1.846,9,0.29,9
"United Kingdom",1176.9002,591.7,7.41,68.8,3.726,2.1,30.902,56.04,13.601,0.894,168.7,51.847,10.172,0.902,11.093,2.037,7.724,1.49,160.1,31.201,1.387,35.55,26.61,12.539,28.084,2.797,89.46,17.33,7.76,0,199.44,2122.1001,205.385,9.2154,1054.7,804.6,170.39,113.53,0,13.6,483.35,78.8,37.21,18.1,517.8,61.96,1.3,183.89,112.86,6.708,36.3,115.41,436.2,226.93,0.1,362.84,315.08,16.114,0,0.2,0.553,0.074,3.202,2.383,19.97,24.121,29.3,0.716,1.75,8,2.449,15.132,27.707,10.215,19.289,10.625,702.2,8.064,0.541,7.268,12.893,12.8,12.022,102.234,34.208,3.153,1.327,7.889,14.798,17.3,8.724,18.8082,2.5,0.263,129.7,0.7,20,65.5,6.639,0.1,163.726,32.1,14.15,67.96,94.4,139.099,676.9,268.86,13.1,85,59.73,136.8,66.43,373.26,1590.9,12.427,10.4,692.1,67.4,259.55,120.2,116.61,5.735,46,0.2,88.5,1.6,41.7,678.4,200.8,0,50.59,23.19,9.607,29.199,10.3,4.1,118.73,0.7,1,1.5,0,97.73,262.04,36,131.5,1062.51,1.958,20.51,73.226
"Ireland",83.49,5.77,0.35,3.62,0.014,0.07,1.468,1.55,0.846,0,0.18,3.322,0.168,0.02,0.036,0.045,0.888,6.96,5.94,0.085,0.048,5.15,0.76,2.746,0.64,0.016,0.08,5.08,0.64,199.44,0,35.08,18.921,0.849,39.53,2.81,15.09,11.5,0,3.92,23.22,3.67,1.31,10.12,5.53,0.72,0.01,3.57,2.93,2.098,0.61,2.1,15.64,35.61,45.77,10.79,17.87,0.255,0,0,0,0,0.029,0.02,0.1,0.004,0,0.468,1.37,0.01,0.002,0.196,0.77,12.495,0,1.891,11.01,0,0.019,0.006,0.146,0.18,0.722,0.008,3.832,0.081,0.41,0.62,0.097,1.79,1.415,1.8791,0,6.838,2.02,9.03,0.01,0.06,11.99,0,0.076,8.32,2.64,3.76,3.2,0.47,59.89,2.66,7.36,0.39,1.87,1.28,0.2,4.57,59.86,0.14,0.22,70.43,0.35,0.24,1.49,0.3,0.08,2.63,0,2.61,1.25,9.36,31.28,20.16,0,1.25,0.86,0,1.583,0,9,30.62,0.01,9.01,0.22,0,3.36,0.12,1.61,2.7,12.78,0.764,7.77,0.029
"Netherlands",2309.6,136.1,34.77,50.9,3.558,3.8,11.304,2.9,3.15,1.014,21.7,0.379,1.345,21.067,1.522,3.437,2.424,68.94,54.4,8.824,7.128,9.85,55.15,121.428,4.615,8.601,16.12,40.73,10.827,2122.1001,35.08,0,186.8184,8.3823,733.2,83.5,95.99,85.15,0,49.5,217.5,72,9.37,4,575.4,11.03,0.8,56.63,110.33,1.466,28.6,14.88,91.5,51.35,157.4,200.35,363.52,31.594,0,1.7,0.247,1.918,2.099,1.892,3.604,8.391,7.4,2.573,49.32,3.5,3.66,7.123,6.135,29.405,26.831,71.921,450.9,14.435,1.37,9.94,4.255,12.3,1.537,1.787,8.035,0.615,2.754,2,2.954,3,20.61,18.5391,0,3.675,146.7,9.5,9.2,0.2,4.009,0.1,3.21,36.53,31.56,9.65,27,14.041,1326.1,94.98,120.1,81.04,46.44,36.1,17.96,127,977.3,10.116,5.7,438.6,12.36,57.02,419,17.09,4.265,52.9,0.4,69.8,3.3,71.3,295.9,19.46,0,7.81,14.84,1.642,3.338,0,0.5,118.37,0,10.9,15.8,0,72.05,63.25,25.8,8.3,67.25,1.279,24.6,2.543
"Belgium",644.9611,155.6176,9.4653,43.4504,0.1627,13.9731,7.7809,1.8376,0.5072,0.335,29.0946,1.7036,3.2444,9.3122,5.7041,1.426,0.268,5.7998,135.9022,1.1772,2.0385,2.1725,13.8582,115.0001,22.2229,5.7519,11.6761,2.9477,0.8422,205.385,18.921,186.8184,0,0,211.0308,253.1418,62.6394,43.8141,303.6743,6.1252,213.3377,82.4026,11.3986,16.9399,18.184,9.6089,0.8614,51.4323,89.7816,3.12,25.6492,38.6077,51.2026,54.5523,112.55,80.2971,207.7868,9.0633,0.6699,0.1914,1.694,0.0957,0.335,2.1342,10.0491,4.5556,11.7718,0.1436,3.6464,11.2933,3.0913,21.7922,2.8712,6.9291,9.7428,4.1536,31.2958,9.6471,4.0675,3.1774,0.5551,285.8732,1.5983,0.9953,4.948,11.0923,5.8476,2.3926,0.9666,17.227,23.3044,9.8098,0,1.694,74.2677,0.6699,9.0957,0,2.0577,0.0957,4.8523,57.4139,53.1071,32.7314,12.7289,16.1169,216.5822,92.3274,28.9032,31.6116,2.4884,44.6946,10.3362,85.8864,937.343,4.3642,0.5742,191.8901,6.3166,6.2974,12.0589,49.7,1.0336,1.8184,9,23.4479,4.6896,2.5841,247.6865,84.2019,0,23.8212,2.2491,3.1583,0.8135,9,0.2871,9.762,0.2871,0.1914,0,0,9.9917,14.241,11.389,8.0393,60.0458,1.895,7.6756,0.469
"Luxembourg",28.9387,6.9824,0.4247,1.9496,0.0073,0.627,0.3491,0.0824,0.0228,0.015,1.3054,0.0764,0.1456,0.4178,0.2559,0.064,0.012,0.2602,6.0978,0.0528,0.0915,0.0975,0.6218,5.1599,0.9971,0.2581,0.5239,0.1323,0.0378,9.2154,0.849,8.3823,0,0,9.4687,11.3582,2.8106,1.9659,13.6255,0.2748,9.5722,3.6973,0.5114,0.7601,0.8159,0.4311,0.0386,2.3077,4.0284,0.14,1.1508,1.7323,2.2974,2.4477,5.05,3.6028,9.3232,0.4067,0.0301,0.0086,0.076,0.0043,0.015,0.0958,0.4509,0.2044,0.5282,0.0064,0.1636,0.5067,0.1387,0.9778,0.1288,0.3109,0.4372,0.1864,1.4042,0.4329,0.1825,0.1426,0.0249,12.8268,0.0717,0.0447,0.222,0.4977,0.2624,0.1074,0.0434,0.773,1.0456,0.4402,0,0.076,3.3323,0.0301,9.0043,0,0.0923,0.0043,0.2177,2.5761,2.3829,1.4686,0.5711,0.7231,9.7178,4.1426,1.2969,1.4184,0.1116,2.0054,0.4638,3.8536,42.0576,0.1958,0.0258,8.6099,0.2834,0.2826,0.5411,2.23,0.0464,0.0816,9,1.0521,0.2104,0.1159,11.1134,3.7781,0,1.0688,0.1009,0.1417,0.0365,9,0.0129,0.438,0.0129,0.0086,0,0,0.4483,0.639,0.511,0.3607,2.6942,0.085,0.3444,0.021
"France",1802.8,59.7,0.85,82.2,2.768,32.4,9.229,2.19,1.214,0.013,88.5,5.346,1.405,1.523,1.248,4.317,8.391,31.04,89.1,4.556,1.897,6.19,0.06,81.1,0.44,13.073,65.47,38.89,5.797,1054.7,39.53,733.2,211.0308,9.4687,0,303.8,101.99,139.79,0,15,305.46,174.4,10.98,56.8,369.7998,14.07,1.1,231.92,106,19.27,87.1,33.25,373.1,96.37,189,72.71,99.24,9.932,0,0.3,0.972,2.4,1.551,55.281,1.181,41.613,52.4,23.776,60.02,28.4,55.136,42.654,9.064,20.489,6.099,127.998,348.2,51.765,14.144,38.394,21.898,27.1,6.575,14.25,4.312,2.07,3.366,7.3,0.061,17.9,11.106,63.97,0,3.549,135.7,0.1,0,1.2,60.818,8,9.554,355.05,1359.05,339.54,124.4,56.421,850.1,191.65,817.6,379.68,15.7,141.5,21.31,27.52,2890.6001,7.364,2.7,540.6,7.33,192.41,961.1,71.62,3.26,199.5,0.1,13.3,19.8,79.5,501.2,49.93,0,24.44,3.4,0.228,46.47,0,2.6,38.76,0.9,3.9,13.3,0,68.3,43.57,18.6,34.2,114.34,3.068,58.99,1.694
"Switzerland",99.4,106.7,8.69,23.3,0.341,4.2,5.542,1.74,0.835,0,69.7,5.782,1.161,0.601,4.644,7.412,31.31,18.01,75.2,1.038,1.388,6.96,37.58,219.9,6.133,2.093,0.01,51.6,0.222,804.6,2.81,83.5,253.1418,11.3582,303.8,0,220.51,52.5,0,48.7,542.6,54.3,29.71,38.3,436.7,3.71,1,165.93,62.86,3.14,28.7,267.17,60.2,94.79,70.2,110.15,54.86,0.173,0,0.1,0.832,1.6,10.263,0.046,1.87,1.246,0.6,0.046,2.56,4,1.258,1.105,0.652,3.431,1.191,0.238,54.1,0.585,0.668,0,0.197,9.7,2.403,1.591,4.634,0.41,0.6,6,5.554,3.3,2.839,1.7945,4.4,0.525,167.4,0,1.3,0.1,2.109,0.1,0.812,20.33,86.05,1.61,5.7,3.932,174.1,244.03,48.1,73.58,64.89,43.3,6.74,78.55,73.3,0.625,0.3,25,4.19,7.68,167.7,6.26,3.533,25.7,0.1,4,9.6,10.2,93.5,25.42,0,3.65,5.67,0.202,1.82,9,0.9,22.64,0,0.4,2.6,0,13,55.72,16.3,21.9,125.4,0.675,21.7,1.205
"Spain",1667.2901,33.02,3.06,137.62,0.372,4.98,15.588,8.73,0.591,0.238,20.28,2.32,2.05,5.836,2.204,7.414,4.609,6.97,17.57,3.62,3.512,19.17,10.7,297.266,16.48,15.702,27.07,149.68,20.476,170.39,15.09,95.99,62.6394,2.8106,101.99,220.51,0,110.97,0,12.81,52.21,22.64,0.98,2.12,546.75,3.45,0.33,29.32,36.18,0.985,9.47,66.63,68.01,17.45,190.4,14.21,14.51,11.671,0,0.1,0.975,14.28,0.39,0.182,2.057,2.589,20.2,2,50.86,19.64,0.612,27.896,3.204,27.356,1.992,18.666,67.95,141.843,1.592,1.16,1.726,1.14,8.695,0.091,0.928,0.917,0.3,0.16,2.283,38.25,5.778,6.7409,0,0.81,69.25,0.05,0.31,0.42,2.215,0,0.246,14.05,103.46,32.9,210.36,8.659,271.22,0.59,445.26,14.32,28.95,32.94,6.42,10.14,1699.39,0.19,0.08,69.22,1.5,1.35,0,249.19,0.05,10.68,0,9.16,0.69,5.58,265.72,2.41,0,17.03,1.28,0.13,6.821,0,0,0.07,0.03,9,0.37,0,54.11,1.61,2.64,27.43,54.95,25.3,10.47,0.644
"Portugal",297.42,15.08,1.01,65.58,0.03,10.39,0.333,0.15,0.087,0,21.99,14.341,0.212,7.411,1.967,0.266,0.396,0.47,3.87,0.01,0.173,0.62,2.21,29.831,1.55,1.77,0.1,0.58,3.075,113.53,11.5,85.15,43.8141,1.9659,139.79,52.5,110.97,0,0,1.76,5.59,1.77,1.28,1.75,119.47,0.09,0.05,0.19,20.85,3.267,4.65,7.44,37.29,17.41,67.06,10.66,14.85,34.038,0,2.75,10.735,9.01,7.712,0,2.51,0,0.04,0,6.73,0.28,0.15,0.029,0.002,0.19,0.02,3.065,2.35,0.55,0.675,2.28,6.996,1.44,0,1.18,5.01,0.8,0,0,0.21,51.06,5.448,1.0073,0,4.475,10.37,9,0,9.03,0.31,0,0.186,9.92,0.21,2.64,5.44,2.65,102.42,10.61,233.23,1.99,0.26,7.92,0.45,0.63,58.34,0,0,0.06,5.29,0.03,0,0.04,0,0.55,0,0.6,0.19,0.03,103.42,0.85,0,2.67,1.27,0.001,1.34,0,9,0.22,10.25,9,0,0,9.11,0.7,2.5,1.17,6.08,0.354,1.47,0.083
"German Federal Republic",0,0,0,0,0,0,0,0,0,0,0,0,0,0,0,0,0,0,0,0,0,0,0,0,0,0,0,0,0,0,0,0,303.6743,13.6255,0,0,0,0,0,0,0,0,0,0,0,0,0,0,0,0,0,0,0,0,0,0,0,0,0,0,0,0,0,0,0,0,0,0,0,0,0,0,0,0,0,0,0,0,0,0,0,0,0,0,0,0,0,0,0,0,0,0,0,0,0,0,0,0,0,0,0,0,0,0,0,0,0,0,0,0,0,0,0,0,0,0,0,0,0,0,0,0,0,0,0,0,0,0,0,0,0,0,0,0,0,0,0,0,0,0,0,0,0,0,0,0,0,0,0,0
"German Democratic Republic",5,1.9,0,0,0,9,0.096,0.21,0.005,0,0.2,0,0.108,0,0,0.975,0.099,3.58,0,1.639,0.004,7.57,25.77,7.974,0,9,0.39,1.38,3.977,13.6,3.92,49.5,6.1252,0.2748,15,48.7,12.81,1.76,0,0,87.96,46.3,69.1,0,0.3,0.36,0,34.15,14.58,0.753,0,77.78,0,12.79,4.4,15.23,33.86,0.634,0,0,0.464,0,0.519,0.673,0,0.246,0,0,5.66,0,9,9.07,1.906,3.342,0.216,1.361,4.2,0,0.028,0,0.032,1,0.519,0.217,0.866,0.262,0.6,0,0.027,0,0,0.0282,0,9,0,0,0,0,0,0,0.009,2.12,27.18,1.96,8.7,2.591,17.2,5.46,29.2,18.57,11.22,0,0.7,0.41,1.8,0.065,0,9.7,0.16,9,9,9.01,0.04,0,0,0,0,0,20,6.36,0,0.93,2.03,0.002,0.364,0,0,0.8,0,0,0,0,2.35,0.84,0,1.7,1.75,0.157,2.51,0.031
"Poland",385.18,17.02,0,5.17,0.448,0,9.293,0.23,0.037,0.358,0.7,0,0.481,0.538,0.006,0.179,1.083,10.95,0,0,0.063,0.59,19.05,29.594,0,9,8.09,9.83,0.88,483.35,23.22,217.5,213.3377,9.5722,305.46,542.6,52.21,5.59,0,87.96,0,358.99,25.95,80.62,153.3,0.5,0,1.22,2.29,0.423,64.85,12.23,254.7002,97.62,277.14,10.09,21.56,0.741,0,9,9,9,1.566,0.171,0,0.197,0,0,3.13,0,9,2.706,2.517,24.441,0.9,3.381,24,0.358,0.042,10.651,0.013,2.9,0.256,0.434,0.9,0,0.3,0,0.891,0,0.238,0.0564,0,0.001,0,0,0,0,0,0,0.022,75.24,0.54,4.28,36.8,12.167,18.16,15.65,42.52,25.34,16,0,1.6,0.05,11.9,9.468,0,23.8,1.56,9.25,3.7,9.05,0.29,13.56,0,0,0,19.92,239.9,12.51,0,8.6,1.26,0.048,4.822,0,0,8.56,0,0,13.26,0,43.64,12.5,0.1,35.7,48.42,0.108,17.81,0.044
"Austria",23.6,21,0,27.8,0.21,0.3,0.587,1.01,0.118,0,0.9,3.221,3.555,2.865,3.209,6.577,6.014,6.55,9.3,0.165,0.321,4.27,0.42,32.427,3.1,0.665,6.69,21.9,2.167,78.8,3.67,72,82.4026,3.6973,174.4,54.3,22.64,1.77,0,46.3,358.99,0,63.44,1.6,161.6,2.69,0.3,234.87,50.96,2.842,42,133.49,101.5,63.8,95.5,66.23,85.54,1.183,0,0,1.196,0,0.1,0.142,0.82,1.041,2.1,0,3.38,0.4,0.135,6.921,0.143,8.661,0.193,1.092,42.4,0.386,0.159,1.1,0.409,3,1.714,0.221,1.403,0,0.1,0.5,0.323,0.9,2.584,3.8455,0,0.847,7.3,0,9.4,9,0.2,0,0.62,1.7,19.56,6.48,65.4,3.227,7.7,19.57,216,19.32,34.36,22.7,6.05,5.42,5.2,0.299,0,8.4,3.8,8,21.8,2.24,0.43,15.9,0.6,13.4,23.3,6.9,88.8,2.54,0,4.53,0.14,0.067,2.5,0,0.1,4.12,0.3,9,0.6,0,8.91,15.92,2.4,1.3,24.85,0.523,2.28,0.196
"Hungary",62.49,0.41,0,5.39,0.104,0,0.021,0.18,0.07,9,0.1,0,0.311,0.015,0,0.332,0.373,5.81,0,0,0.214,8.97,4.34,37.438,0,9,0.39,4.04,0.212,37.21,1.31,9.37,11.3986,0.5114,10.98,29.71,0.98,1.28,0,69.1,25.95,63.44,0,25.57,57.27,0.86,5.09,45.25,2.89,0.12,12.23,29.24,130.55,0.59,16.47,6.82,3.36,0.186,0,0,0.003,0,0.727,0,0,9.293,0,0,1.5,7.86,9,0.106,2.023,12.497,0.331,2.18,3.14,0.067,0.026,0,0.123,0,6.251,0.932,4.01,0,0.3,0,1.32,0,0,0.2027,0,9,0,0,0,0,0.886,9,0.205,3.27,5.35,3.31,10.9,0.962,7.25,5.28,56.6,0.24,5.67,10.53,2.63,1.42,4.1,9.003,0,15,0.29,10.37,0,0.03,0,11.36,1.2,0,0.36,0,31.58,5.88,0,1.38,1.93,0.073,0.2,0,0,1.06,0,0,27.31,0,11.37,1.73,0,1.3,10.26,9.171,0.98,0.068
"Czechoslovakia",14.7,40.6,0.01,0,0.534,9,0.134,9.72,9.153,0,5.3,0.463,0.263,0.266,0.344,0.997,0.53,0.95,6.3,0,0.199,0.31,0.36,16.276,0,9,0.05,0.47,5.863,18.1,10.12,4,16.9399,0.7601,56.8,38.3,2.12,1.75,0,0,80.62,1.6,25.57,0,4.2,4.32,0,73.82,0.74,2.25,0,50.47,0,0.89,1.1,14.53,10.46,0.037,0,0,0,0,0.682,0.391,0,9.754,0,0,2.85,0,9,5.702,13.509,8.091,9.913,1.608,27.6,0.275,0.061,9,0.071,1.9,0.135,0.405,0.006,0.739,0.1,0.079,2.316,0,0.001,1.8106,0,9.004,0,0,0,0,0,9,0.154,7.21,2.8,6.82,16.1,2.346,47.9,20.39,69.9,44.49,38.51,0,0.6,4.71,9,0.782,0,11.1,0.69,9.61,16.6,9.35,0.765,0,0,0,0,0,18.6,7.29,0,2.6,4.95,6.292,1.053,0,0,4.42,0,0,0,0,2.97,3.35,1,3.6,3.56,0.319,0.39,0.352
"Italy",703.1999,147.8,7.43,73.4,3.821,17.1,7.502,9.73,1.599,0.144,37.3,26.857,0.045,6.273,2.365,14.219,34.413,3.09,173.6,0.201,1.055,1.91,11.29,241.86,9.361,1.374,67.95,146.96,5.155,517.8,5.53,575.4,18.184,0.8159,369.7998,436.7,546.75,119.47,0,0.3,153.3,161.6,57.27,4.2,0,59.93,1,528.23,192.97,14.973,66,9.88,146.8,90.75,34.6,3.1,142.3,1.495,0,0,1.168,0.1,4.241,2.145,2.377,3.124,30,1.657,72.49,2.5,0.44,68.744,2.792,1.736,4.807,14.89,300.9,33.391,4.252,4.507,36.126,109.2,0.138,14.638,11.791,0.042,4.298,39.795,17.41,1.8,8.364,66.9573,0,3.052,205.6,0.1,9.5,10.8,2.562,0.1,4.528,43.31,92.99,2.77,320.9,4.69,802,254.84,1498.8,69.09,169.63,174.9,29.94,143.24,2186.3,5.982,3.9,252.1,28.78,116.77,110,5.94,1.594,15.9,0.4,36.4,9.6,35.9,90.3,26.01,0,30.6,11.28,0.182,7.154,0,9.4,43.91,0.1,0.4,21.9,0,59.75,65.15,22.2,22.5,2.93,3.487,8.77,1.184
"Malta",28,4.93,0.13,0.03,0,0,0.178,0.01,0.017,0,0.1,0,0,0,0.48,0.01,0,0.03,0.01,0.01,0,0.26,0.14,2.474,0,0,0.01,1.25,0,61.96,0.72,11.03,9.6089,0.4311,14.07,3.71,3.45,0.09,0,0.36,0.5,2.69,0.86,4.32,59.93,0,9.66,0.21,4.39,0.214,0.5,3.35,2.81,0.3,3.75,1.27,2.89,0.09,0,0,0,0,0.01,0,0.02,0,0,0,0.33,9,0,0.004,0.039,0.249,0,0.42,1.35,0,0,0.06,0,0.06,0,0,0.14,0,0,0,0.05,0.01,0.01,0.0082,0,0.02,2.92,0,0.03,9,0.01,0,0.002,0.03,0.33,0.34,11.01,0.08,0.03,0.18,0.05,0.17,0.03,0.27,0.04,1.67,0.28,0.12,0,1.99,0.36,9.31,3.38,0.25,0,3.01,0,1.49,9,0.09,9.53,0.27,0,1.15,0.05,0,0.29,0,0,0.01,0,0,9,0,0.01,0.55,0.01,3.52,2.88,0,4.97,0
"Albania",3,19.1,0,0,0,0,0,0,0,0,0,9,0,0,9,0,9,0,9,0,0,9,0.03,9.35,0,0,0,9.05,0,1.3,0.01,0.8,0.8614,0.0386,1.1,1,0.33,0.05,0,0,0,0.3,5.09,0,1,9.66,0,7.07,0.32,9,0,0.07,0,0.05,1.2,0.23,0.61,0,0,0,0,0,0,0,9,9,0,0,9,0,0,9,0,0,0,0,9,0,0,0,9,0,0,0,0,9,9,0,0.019,0,0,0,0,0,0,0,0,0,0,0,9,5.68,0,0,10.2,0,9,0.46,9,0.69,0,0,0,0,0,9,0,0,9,9,0,0,0,0,0,0,0,0,7,9,0,0.06,0.19,0,0,0,0,0.02,0,0,0,0,0,9.06,0,0.1,0,0,9,0
"Yugoslavia",136.66,36.79,0,10.07,0.001,0.55,0.977,0.05,0.022,0,5.06,0.111,0.019,2.66,0.457,5.422,8.556,0.57,1.72,0.47,0.28,13.01,8.11,76.378,0.04,3.53,33.39,3.35,2.775,183.89,3.57,56.63,51.4323,2.3077,231.92,165.93,29.32,0.19,0,34.15,1.22,234.87,45.25,73.82,528.23,0.21,7.07,0,50.63,0.851,11.29,2.11,205.77,3.05,74.7,11.1,26.06,2.519,0,0,0,0,0.02,0.981,0.02,0,0.01,0.01,14.02,6.86,0.002,18.604,0.055,22.902,0.072,0.151,16.85,2.584,1.787,0,0.322,0.28,7.279,2.528,6.854,0,2.16,0.01,4.567,0.03,0.069,31.1882,0,0.011,0,0.01,5.62,0.32,1.225,0,0.13,54.15,17.15,1.34,8.47,19.556,47.49,8.52,372.22,34.73,6.22,7.33,0.98,1.89,5.7,0.038,0.24,6,0.24,0.36,9.6,0.51,0.28,6.09,0.01,0,10.16,13.41,163.02,33.12,0,0.28,0.61,1.068,2.02,0,0.04,0,0,0.08,0.87,0,24.2,3.43,5.33,7.94,46.89,1.079,9.91,0.007
"Greece",270.26,27.69,28.1,9.01,0.006,0.03,0.039,1.2,0.035,0,2.42,0.055,0.495,0.009,0.007,0.295,0.852,2.3,0.26,0,0.047,8.94,0.02,19.9,1.31,0.027,0.67,10.67,15.409,112.86,2.93,110.33,89.7816,4.0284,106,62.86,36.18,20.85,0,14.58,2.29,50.96,2.89,0.74,192.97,4.39,0.32,50.63,0,34.107,11.76,17.73,15.58,25.36,60.2,30.96,24.87,5.345,0,0,0.37,0.39,0.02,0.16,15.34,1.2,0.62,0.27,11.81,0.38,0.15,1.438,0.011,3.263,0.016,1.07,65.88,10.397,0.001,0.73,0.652,9.03,1.832,3.296,1.935,0.164,0.15,0.01,2.659,0.49,0.571,11.7945,0,0.24,8.82,0,0,9,1.5,0,0.039,6.43,0.3,87.83,133.46,6.447,24.03,0.24,32.06,18.08,152.61,25.56,3.05,53.96,431.16,0.374,0,10.69,0.2,0.51,3.3,0.42,1.43,0.66,0.01,11.92,0.03,1.43,403.88,4.36,0,1.12,0.66,0.04,0.7,0,0,0.42,0,9,0,0,8.48,1.31,0.64,53.43,48.78,9.257,46.47,0.003
"Cyprus",8.086,1.655,0.014,9.065,0,0,0.001,0,0.006,0,0.006,0,0,0.009,0.018,0,0.001,0.017,0.001,0.001,0.002,0,0,2.945,0,0,0.022,0.682,0.792,6.708,2.098,1.466,3.12,0.14,19.27,3.14,0.985,3.267,0,0.753,0.423,2.842,0.12,2.25,14.973,0.214,9,0.851,34.107,0,2.315,0.859,13.564,1.597,0.137,0.048,2.434,0.021,0,0,0.005,0.001,0.029,0,0,0,0,0.001,0.299,0,0,0,0.162,0.014,0,0,3.1,0.005,0,0,0.001,0.012,0,0.067,0.004,0.01,0,0.015,0.113,0,0.048,0.0636,0.003,0.001,0.011,0,9,0,0,0,0.015,0.058,0,0,8.696,0.204,0.403,5.278,17.45,0.136,9.506,2.71,0.64,5.378,0.305,0.064,0.003,1.387,0.61,9.33,2.658,0.403,0,0.265,0,0.972,0,0.549,11.858,0.791,0,0.371,0.01,0,0.103,0,9.001,0.053,9,9,0,0,0.038,0.443,0.103,0.001,0.197,0,3.019,0
"Bulgaria",9,1.7,0,0,9.092,9,9,0,0.001,9,0,0,0.003,0,0,0.241,0.009,0.13,0,0,0,0.04,2.14,21.076,9,0,3.58,0.59,0.108,36.3,0.61,28.6,25.6492,1.1508,87.1,28.7,9.47,4.65,0,0,64.85,42,12.23,0,66,0.5,0,11.29,11.76,2.315,0,23.61,0,0.39,29.7,1.38,4.88,0.049,0,0,0,0,9,9,0,9,0,0,7.21,0,0,9.2,9,2.835,0.011,0.029,7.8,0.031,9.57,9,0.139,9,9,0.005,1.881,0,9,0,0.076,0,10.072,9,0,0,0,0,0,0,0,9,0.004,10.46,4.41,1.43,1.3,0.324,50.4,19.46,33.4,3.59,2.88,0,2.52,0.89,0.9,9,0,14.3,0.02,9.1,9,9.25,0.12,0,0,0,0,0,40.1,7.83,0,2.86,3.28,0.001,0,0,0,0.65,0,0,0,0,3.7,4.83,9,19.1,2.15,9,0.72,0
"Romania",5.35,17.56,0,7.49,0.108,0,0.026,0.09,0.014,0,5.59,0,0.042,0,4.809,1.537,0.093,0.87,1.09,0,0.032,1.64,8.87,12.23,0,9,0.98,33.6,0.078,115.41,2.1,14.88,38.6077,1.7323,33.25,267.17,66.63,7.44,0,77.78,12.23,133.49,29.24,50.47,9.88,3.35,0.07,2.11,17.73,0.859,23.61,0,48.77,7.93,7.11,3.22,26.34,0.107,0,0,0.013,9,0.25,0.137,0,0,0,0,0.76,9.85,9,1.253,0.822,2.7,0.001,0.066,10.2,0.102,0.38,9,0.193,2.3,0.682,0.327,1.143,0.444,0.2,0,0.51,0,0.939,0.8591,0,9,0,0,0,0,0,9,0.015,16.96,14.28,10.84,20.38,11.78,47.6,51.91,27.7,64.33,52.07,59.84,20.66,3.24,4.7,0.566,0,63.83,1.08,9.59,15.4,4.2,9.16,16.78,0.21,0,5.72,0,139.12,0.58,0,15.59,3.44,0.234,5.519,0,0,1.47,0,0,5.33,0,2.13,16.74,5.7,32.08,5.05,0.082,1.49,0.012
"Russia",1568.4,369.7,4.18,0,0,9,23.309,9.12,0.018,0,0.5,0,0.06,0,0.132,1.251,0.015,1.29,0,32.114,0.048,11.52,121.5,370.085,0,9,0.04,266.36,12.064,436.2,15.64,91.5,51.2026,2.2974,373.1,60.2,68.01,37.29,0,0,254.7002,101.5,130.55,0,146.8,2.81,0,205.77,15.58,13.564,0,48.77,0,135.83,238.8,11.54,106.7,17.55,0,0,6.195,11.918,9.521,0.109,16.695,2.818,0,0,5.6,0,0.295,0.934,10.663,46.906,3.615,43.697,97.7,0.016,0.705,9,0.608,1.1,2.123,0.26,0.383,0,2.808,6.931,3.427,0,0,0.1909,0,0,0,0,0,0,0,9,0.008,27.07,24.91,3.73,22.3,5.861,240.1,0.02,112.1,373.31,2.59,0,14.15,0.08,3.8,8.517,0,5.2,0.41,9.31,15.5,9.81,2.999,0,0,0,0,0,457.1,117.1,0,20.3,44.52,3.756,1.351,0,0,0.92,0,0,0,0,97.38,45.89,10.1,11.8,346.07,0.068,34.12,0.009
"Finland",258.77,6.17,0.01,29.93,0.105,35.29,0.436,0.25,0.132,0,13.24,10.448,1.534,2.996,0.617,18.4,4.136,32.84,10.06,6.306,0.021,4.97,4.47,0.782,0.15,0.027,0.41,38.77,2.303,226.93,35.61,51.35,54.5523,2.4477,96.37,94.79,17.45,17.41,0,12.79,97.62,63.8,0.59,0.89,90.75,0.3,0.05,3.05,25.36,1.597,0.39,7.93,135.83,0,210.36,82.45,43.14,6.872,0,0,0,0,0.01,0.1,6.05,0,0.02,0.18,1.47,0.05,0.02,1.164,0.441,4.028,0.12,1.087,7.64,0.359,0.007,0.04,0.177,0.7,0.126,4.818,5.351,0.08,0.01,10.06,3.217,0.82,0.449,0.5245,0,0.69,17.11,0,9.44,2.65,0.16,0,0.372,9.64,17.32,3,3.79,2.363,83.03,6.96,0.99,10.11,1.86,5.46,0.82,13.37,119.74,0.48,0.34,2.61,0.16,0.11,0.73,2.98,0.46,8.1,9.09,4.04,0.46,7.09,141.52,1.43,0,2.76,0.2,0.349,0.48,9,9.01,0.65,0.1,9.02,0.35,0,5.63,1.03,29.34,2.68,38.25,0.02,1.32,0.003
"Sweden",254,171,10.48,11.9,0.309,28.2,10.739,0.28,0.476,0.092,63.5,1.782,0.138,3.106,0.235,8.63,3.689,29.63,62.9,0.61,4.251,3.58,50.68,248.917,6.422,2.655,20,29.13,4.682,0.1,45.77,157.4,112.55,5.05,189,70.2,190.4,67.06,0,4.4,277.14,95.5,16.47,1.1,34.6,3.75,1.2,74.7,60.2,0.137,29.7,7.11,238.8,210.36,0,675.53,198.65,21.159,0,0,1.105,9,1.454,0.105,1.068,0.214,1.1,0.2,2.12,0.2,0,11.719,0.47,5.744,0.606,1.518,168.9,2.377,0.073,0.1,0.069,9.2,1.793,10.186,11.683,0.156,1.194,0.9,4.526,6.1,5.609,8.11,0,0.476,100.4,9.2,9.1,0.4,0.57,0,1.321,18.75,64.21,16.9,29.5,5.013,154.8,17.72,81.4,31.55,18.24,18.5,10.68,39.49,178.3,0.186,1,11.2,1.46,70.39,105.3,10.15,1.3,6.2,0.1,20.8,66,36.2,304.3,54.34,0,4.75,14.75,2.91,2.377,0,9.3,9.95,9,9.1,31.2,0,16.48,17.22,10.6,4.9,186.92,1.987,35.84,1.245
"Norway",274.3,83.45,9.13,9.71,0.179,3.52,48.228,2.49,1.719,0.014,4.33,2.219,0.963,0.606,0.922,5.167,2.683,8.21,0.29,5.966,29.491,1.54,6.06,23.71,0.16,0.216,5.15,4.11,1.473,362.84,10.79,200.35,80.2971,3.6028,72.71,110.15,14.21,10.66,0,15.23,10.09,66.23,6.82,14.53,3.1,1.27,0.23,11.1,30.96,0.048,1.38,3.22,11.54,82.45,675.53,0,58.16,45.2,0,0.21,0.078,9,0.013,0.017,1.04,0.03,0.21,0.1,2.65,1.83,0,45.96,0.226,15.297,0.173,0.662,17.71,15.131,0.005,0.47,0.109,7.68,0.813,2.426,2.976,0.02,0.03,0.93,0.343,4.04,1.323,4.0009,0,0.264,8.53,9,9,0.02,0.02,0.11,0.147,4.69,0.17,0.76,21.5,0.455,169.94,8.15,1.24,3.99,0.93,2.14,0.5,8.53,33.4,0.003,2.41,16.87,1.44,11.68,81.13,55.56,0.06,100.19,0,1.79,1.2,4.38,516.76,1.62,0,0.33,5.27,2.218,0.45,9.6,9.01,2.66,0.04,0,20.29,0,2.73,7.35,1.32,1.4,12.66,0.117,3.07,0.27
