"","United States of America","Canada","Bahamas","Cuba","Haiti","Dominican Republic","Jamaica","Trinidad and Tobago","Barbados","Dominica","Grenada","St. Lucia","St. Vincent and the Grenadines","Antigua & Barbuda","St. Kitts and Nevis","Mexico","Belize","Guatemala","Honduras","El Salvador","Nicaragua","Costa Rica","Panama","Colombia","Venezuela","Guyana","Suriname","Ecuador","Peru","Brazil","Bolivia","Paraguay","Chile","Argentina","Uruguay","United Kingdom","Ireland","Netherlands","Belgium","Luxembourg","France","Monaco","Liechtenstein","Switzerland","Spain","Andorra","Portugal","Germany","Poland","Austria","Hungary","Czech Republic","Slovakia","Italy","San Marino","Malta","Albania","Macedonia","Croatia","Yugoslavia","Bosnia and Herzegovina","Slovenia","Greece","Cyprus","Bulgaria","Moldova","Romania","Russia","Estonia","Latvia","Lithuania","Ukraine","Belarus","Armenia","Georgia","Azerbaijan","Finland","Sweden","Norway","Denmark","Iceland","Cape Verde","Sao Tome and Principe","Guinea-Bissau","Equatorial Guinea","Gambia","Mali","Senegal","Benin","Mauritania","Niger","Ivory Coast","Guinea","Burkina Faso","Liberia","Sierra Leone","Ghana","Togo","Cameroon","Nigeria","Gabon","Central African Republic","Chad","Congo","Democratic Republic of the Congo","Uganda","Kenya","Tanzania","Burundi","Rwanda","Somalia","Djibouti","Ethiopia","Eritrea","Angola","Mozambique","Zambia","Zimbabwe","Malawi","South Africa","Namibia","Lesotho","Botswana","Swaziland","Madagascar","Comoros","Mauritius","Seychelles","Morocco","Algeria","Tunisia","Libya","Sudan","Iran","Turkey","Iraq","Egypt","Syria","Lebanon","Jordan","Israel","Saudi Arabia","Yemen","Kuwait","Bahrain","Qatar","United Arab Emirates","Oman","Afghanistan","Turkmenistan","Tajikistan","Kyrgyzstan","Uzbekistan","Kazakhstan","China","Mongolia","Taiwan","North Korea","South Korea","Japan","India","Bhutan","Pakistan","Bangladesh","Myanmar","Sri Lanka","Maldives","Nepal","Thailand","Cambodia","Laos","Vietnam","Malaysia","Singapore","Brunei","Philippines","Indonesia","Australia","Papua New Guinea","New Zealand","Vanuatu","Solomon Islands","Kiribati","Fiji","Tonga","Nauru","Marshall Islands","Palau","Federated States of Micronesia","Samoa"
"United States of America",0,40981.23,729.2,4.9,362.51,1375.0073,722.923,303.0686,394.1586,33.9641,65.7262,123.4115,69.3881,93.1,51.1657,6295.05,102.142,427.9102,219.77,468.7614,138.8,2446.0176,841.8261,2482.3123,6448,16.14,32.87,923.24,248.5806,1224.402,440.2735,534.78,237.4699,2231.0542,173.1239,1448.461,3599.7984,10772.824,2570.6212,644.0167,1597.178,0,0,4227.1997,1096.4653,0,267.2517,17069.843,794.243,42.6729,909.23,442.1722,133.2151,12463.828,0,84.7694,4.5754,73.1079,125.55,0,33.01,1.2097,907.6282,354.6955,32.838,80.2172,84.96,3707.1934,57.87,179.4683,83.0978,200.4,29.8606,70.2693,55.14,72.1571,1191.9622,4246.6956,1609.4467,878.6621,48.4966,0,0.77,0.89,202.86,9.2912,23.9,56.0016,28.3004,27.68,2.4158,252.1998,113.1625,10.3,20.3,7.23,61.69,3.2461,21.7441,3932.7502,1546.91,2.25,5.04,375.36,214.48,6.19,97.19,62.8142,4.2425,45.68,2.88,19.81,37.46,5.9,2291.89,32.7,11.9671,34.1944,66.54,293.9729,166,111.6,16.3,26.5,65.4622,1.79,203.7483,2.0619,167.05,1216.6663,324.4122,0,7.92,45.5,310.1323,4244.7398,1636.3876,79.6124,448.29,335.7274,3575.2002,3425.2109,99.3234,615.5412,157.49,5.7451,2210.82,73.95,10.6,58.1,22.8264,53.6,358.55,118.8,66367.094,36.32,17518.602,12.43,6893.201,66480.582,6015.1997,0.3,1217.8168,1605.241,231.09,1653.7166,49.4734,168,8582.2021,581.8,12.69,329.897,10340.853,423.311,248.7981,6331.4889,7328.9341,9323.051,95.1,495.6523,14.8,0.57,5.1,22.99,3.4138,0.7,0,0,0,5.16
"Canada",40981.23,0,9.896,42.5675,23.7763,27.2102,52.2573,80.1078,38.3185,2.0805,6.0203,11.3034,4.9055,7.2931,4.804,3645.2913,4.9546,2.7026,37.0488,2.8916,2.7204,64.4163,8.4282,57.1336,460.8974,131.8333,58.1093,46.4724,40.9939,72.2605,3.8398,4.4226,94.2805,65.3431,17.3709,883.5698,508.2928,231.3219,557.2797,18.7923,2337.5828,0,0,508.7079,81.6999,0,53.6588,2451.0271,49.7122,189.1119,10.9445,12.7333,0.498,1188.2803,0,19.3671,1.6242,7.6337,41.1983,0,0.2651,19.9551,30.6835,14.9138,26.5091,4.2467,15.1119,283.0486,31.5002,11.7988,14.8609,22.1134,5.8825,9.3851,6.2103,2.085,290.0189,883.1412,1480.7644,228.5667,45.2796,0,0.1656,0.0159,0.0068,0.0907,14.1222,17.9009,2.0292,0.2897,1.2676,41.5905,0.2669,1.3669,3.0888,2.0778,35.6319,13.0729,9.1131,265.2899,1.0314,0.2286,0.2496,1.7126,3.7856,1.8745,21.9394,26.0721,0.0677,1.5857,0.0453,2.0118,1.1345,0,4.5545,15.0927,3.5038,7.4545,2.5706,223.0105,93.9114,1.9524,1.5535,1.5644,3.4667,0.0062,14.1503,0.2307,25.0384,99.0255,49.5151,35.6572,17.614,448.8642,7.8714,87.3011,85.4685,11.2749,22.8301,13.8634,20.7383,55.7545,14.8942,153.9551,3.0139,12.7893,115.0565,13.1579,0.3018,0.672,3.7058,25.3345,5.7572,11.5925,4293.8428,2.15,2669.2693,1.759,851.1785,3218.3057,370.5631,0.0029,100.8935,23.4047,20.2492,45.2595,3.0151,2.3093,782.0944,4.3778,2.1006,94.2162,1141.7717,500.9966,3.2579,574.3944,218.0073,258.11,8.2084,72.7091,0.1789,0.2491,0,0.6506,0.5564,0.0284,0,0,0,0.723
"Bahamas",729.2,9.896,0,0.1783,0.0537,0.4721,0.9847,10.7308,2.0722,0.047,0.0216,0.0725,0.0572,0.047,0.0168,8.4606,0.065,0.2394,0,25.4875,0,1.4803,0.9871,5.6767,0,0.0066,0.0634,0.1544,1.1418,4.9269,0.0112,0.0366,7.018,0.2299,1.2077,51.2763,3.2646,6.4442,6.4677,0.0023,77.6901,0,0,7.44,35.3623,0,0.0757,150.1967,32.485,1.5423,1.1649,0.9002,3.4912,282.3295,0,0.0424,9,0.0289,2.853,0,0,0.102,35.9856,0.1698,0.114,0.3643,0.028,122.7216,0.428,0.4419,0.5306,7.84,0.3235,0,1.2495,0.0024,7.7829,1.6463,10.0694,39.3143,1.4659,0,0,9,0,0,9,0.0013,0.8776,0,9,2.1967,0,0,0.012,0,0,9.0333,0,0,0.0021,0,0,0,0,0,0,0.0078,0,0,0,0,9,0,0,0,0,0,0,1.3144,0,0,0,0,0.0002,0,0.003,0,0,0.0646,0.2627,0,0,0,0.3629,0,0,0,0.05,0,0.03,16.6241,0,0,0.0327,9,0,9,0,0,9.015,0.22,0,0.11,27.5684,0,0.6696,0.1121,579.48,162.1847,1.3475,0,0.0109,4.0461,0,0,9,0,0.5926,0,0,0.1331,1.0805,79.3064,0,0.6746,0.794,5.2145,9,1.9128,9,0,0,0,0,0,0,0,0,0.006
"Cuba",4.9,42.5675,0.1783,0,0.0001,22.8652,0.5836,39.8398,0.2945,0,0.0066,0.0975,0,0,9.0001,210.9663,34.9475,0,0,0.0243,1.53,3.2108,2.9718,25.8856,0,11.8285,0.1194,5.6773,1.4124,66.121,0.7072,0.2728,35.549,68.8712,2.3124,12.0151,0.6364,193.093,26.5384,0.0217,237.5743,0,0,10.08,524.39,0,19.8281,34.1596,2.0493,1.3432,0.612,12.206,9.6269,216.2043,0,0.0654,0,0.0018,0.12,0,0,0.1748,1.1844,8.1463,10.1927,0,2.063,237.882,0.07,0.069,1.4603,14.49,29.6174,0,9,0.8424,2.0127,12.0876,0.1319,9.5727,0.025,0,0,2.3265,0,0.0212,0,0.1663,9.0211,0.0167,0,0.0201,9.0022,9,0,9,0.916,0,0,0.5636,0.0012,0,0,0,9,0,0,0.0326,0,9,0,0,0.001,0,9,0.22,0.1049,0.1565,0,0.1625,0,0,0,0,0.0204,9,0.028,0,0,1.0679,0.8616,12.026,0,0,1.5269,0,1.1115,5.4765,0.289,0.5814,0,0.1977,0.319,0.1217,0.7177,9,2.919,0.2393,0,0,0,4.1,0,17.74,206.6492,0,19.9691,0,0,10.6805,1.075,0,0,9.0227,9,0,0,0,5.8077,9,0,40.6524,0.429,0.0367,9,0.6034,1.7184,1.9893,9,3.7062,0,0,0,0,0,0,0,0,0,0
"Haiti",362.51,23.7763,0.0537,0.0001,0,67.2229,0.7104,8.1681,0.3361,0.034,0,0.0163,0.0359,0,0.0023,12.4791,0,13.8837,0,0.0906,0,5.918,3.5649,24.7136,0,0,0.3604,0.2581,2.0966,10.0034,0.055,0,10.681,14.8932,1.4328,11.5206,2.4555,22.8653,2.0321,0.0724,24.553,0,0,0.12,8.5427,0,0.3634,20.5316,0.272,1.1913,0.1682,1.4146,0.1212,3.2671,0,0.0003,9.0145,0,0,0,0,0.0167,0.1655,0.2539,0.0363,0,0.022,1.2441,0.004,0.0114,0.0006,0,0,0,0,0,0.6897,0.5674,2.1308,1.3861,0.0014,0,0,0,0,0,9,0,0,9.0126,9,0.002,0,0,0,9,0,0,0,0,0.029,9,0,0,0,0,9,0,0,9,0,9,9,0,0,0,0.0016,1.9102,0,0.3606,0,0,0,0,0.0436,9,0.0412,0,0,0.0094,0.0214,1.6694,0,0,5.679,0,0,0,0.04,0,6.93,0,9,0.0182,0.0008,0,0,9,0,0,0,0,0,0,20.728,0,15.3809,0,19.8,36.7973,3.3,0,0.9676,3.0803,0,0,0,9,2.2962,0,0,0.0845,4.5772,0,0,3.0689,5.4047,0.0953,0,0.1303,9,0,0,0,0,0,0,0,0,9
"Dominican Republic",1375.0073,27.2102,0.4721,22.8652,67.2229,0,1.0991,17.2935,2.9869,1.3059,1.1179,0.7707,0.225,0.3527,0.3456,280.2998,1.7016,32.2223,8.1211,5.9005,2.2348,18.9069,131.9994,74.8071,735.5672,0.1572,0.7613,13.0386,7.6911,88.301,0.0124,0.0375,23.0229,46.5572,2.2517,19.2865,7.0513,46.3392,5.125,0.4185,17.5109,0,0,0.9564,221.7309,0,0.3417,96.035,0.1345,0.5089,0.1298,4.9748,0.469,31.9755,0,0.0137,9.0017,0.002,0.0129,0,0,0.0015,0.6195,0.1502,0.4744,9,0.2371,47.6238,0.02,0.0017,0.9289,0.276,10.6729,0,0,0,4.019,2.7696,19.748,44.5301,0.0121,0,0.2482,9,0,9.1452,9,0.0041,2.2357,9,0,0.3085,0.293,9,0.1674,0.0029,0.0748,0.117,0.0471,0.1543,9,0.1129,9.2062,0.0003,9,9.0642,0.0137,10.1823,9.1795,9.1703,9,9,9.5272,0,9,0,0.0296,0.0299,9.0916,0.8449,9,9.1225,0.4902,9.1043,0,9,0.0258,9,1.8507,0.0633,1.0278,0.0113,9,0.0687,11.915,0.9876,0.0448,0.0216,0.083,0.1279,5.4932,0.1905,0.3148,0.4571,0.0115,0.2759,0.0867,0.0485,2.4841,0,0,0,0,0,90.2285,9,95.745,0,173.131,247.4846,9.5513,1.0024,7.8969,0.173,0.0844,12.7456,9.0483,9,7.6891,0.0217,9.0941,0.4433,2.4288,0.2996,0.2615,1.2052,18.5922,4.7304,0.0617,11.5695,9,0,9,0,0.0095,9.4102,0,0,0,9
"Jamaica",722.923,52.2573,0.9847,0.5836,0.7104,1.0991,0,270.6131,5.9269,12.4145,0.4992,3.1502,0.4652,2.3871,1.9917,67.0833,2.9442,11.907,4.1716,0.8762,0.0642,10.9325,30.6986,17.5941,51.4195,25.8172,6.9304,0.4318,0.0611,53.1969,0.0091,0.0573,3.9384,2.376,2.7852,86.2533,3.6186,72.177,7.9342,0.2756,117.6999,0,0,15.8681,3.2411,0,15.5616,75.3145,1.7225,1.4502,0.0385,1.5467,0.3782,5.7878,0,0.0911,0,0.0105,0.0032,0,0,0.0242,1.2902,0.1596,0.1663,0,0.0525,73.1361,0.4986,0.0689,0.0137,0.1396,0.0011,0,0,0,2.2668,8.7884,55.0435,5.0838,0.1427,0,0,9,0,0,0,0.0068,0.0026,0,9,0.0256,0,9,0,0,26.2748,0.0023,0.0042,0.0245,0,9,0,0,0,0,0,0.0039,0,9,0,0,0,0,0,0,0.0004,0.0486,0,2.1662,0,0,0,0,0,0,0.0034,0,0.0028,0.007,0.0031,0,0.1221,0.048,25.6182,0,0.0178,0,0.18,0.0089,3.7785,0.2932,0,0.1456,0,0,0.3464,0.0515,0,0,0,9,0,0,45.7575,0,17.5099,3.0306,13.5229,147.6158,4.2153,0,0.7693,0.0842,0,0.8387,0,9,12.8359,0,0,0.1107,3.862,1.7708,0.0118,0.5296,7.3799,16.6759,0,11.4791,0,0,0,0,0,0,0,0,0,0
"Trinidad and Tobago",303.0686,80.1078,10.7308,39.8398,8.1681,17.2935,270.6131,0,119.3057,15.6749,43.495,47.7604,27.3513,28.269,16.1884,10.3262,1.4103,59.8728,14.9323,4.492,2.6159,12.1725,40.7044,121.5211,290.7823,71.9863,24.0414,17.4952,1.1768,15.9337,0.4906,0.141,1.6503,3.5893,10.4555,41.5397,16.7062,9.0067,0.8451,0.5579,98.8379,0,0,9.2919,38.626,0,3.2896,49.9544,2.1787,3.3482,0.1849,2.2369,0.5984,6.4841,0,0.3526,0,0,0,0,0,0.0409,0.6105,0.2425,0.3103,9,0.7557,1.8438,0,9.0759,0,1.8404,9,9.0009,0.0428,9,1.1825,3.6789,0.1516,2.999,0.0043,0,0,0,0,0.0344,0.0062,0,0.3429,0,0.0081,0.1179,0,0,10.6201,0.0027,0.0053,0.006,0,0.0046,0.0083,0,0,0,0.0191,0.0005,0.0081,0.2562,9.0042,0.0118,0,9,0,0,0,0.0132,0.0001,0.0111,0.054,15.4106,0.0007,0,0.0001,0.0106,0.0001,0.0039,0.0477,0,0.3827,7.2616,0.0718,0,0.004,0.2042,3.2112,0,0.3677,0.0564,0.0059,0.0639,3.0353,2.9029,0,0.0338,0.0108,0.0678,0.0443,0.0238,0.0216,0,0,9.007,9,0.6704,37.4783,0,21.7213,1.4666,30.6713,131.3228,12.0634,9,4.5338,0.0275,0.0854,1.0847,0,0,19.7856,0,0,0.36,5.082,2.9699,0,0.5095,4.6933,23.5376,0.033,7.4006,0,9,0,0,0,0,0,0,0,0
"Barbados",394.1586,38.3185,2.0722,0.2945,0.3361,2.9869,5.9269,119.3057,0,2.6919,3.923,5.6851,4.5055,8.209,4.7431,11.1774,1.7352,6.9544,2.4567,0.2021,0.0004,2.7684,3.2166,1.672,5.5187,1.6555,2.5979,0.663,0.3273,10.7468,0.0191,0,9.3868,0.8587,0.0854,57.558,0.9494,10.1552,3.243,0.0018,14.7872,0,0,7.5583,3.2584,0,0.2351,14.7797,0.2384,0.8209,0.0077,0.3579,0.0066,6.4152,0,0.0298,0.0005,0.0006,0,0,0,0.0337,0.2684,0.096,0.0272,0,0.0408,0.0251,0.0268,0.0006,0.0001,0.0616,0,9,0,0,2.2389,12.7803,2.2884,3.8378,0.0458,0,0.0001,0,0,0.0001,0.0146,0.0072,0,0.0002,0.0018,0,0.0865,9,0.0012,0.0681,0.0072,0.0028,0.0067,0.0097,0.0066,0,9.0002,0,0.0105,0.0004,0.0049,0.0005,0.0002,0.0013,0.0049,0,0,0,0.0003,0.0526,0.0001,0.0011,0.0694,0.1915,0.0218,9,0,0.0254,0.0023,0.0001,0.0005,0.005,0.0061,0.0013,0.0133,0,0.0119,0.1402,0.4,0,0.0102,0,0.0009,9.0161,1.628,0.1318,0,0,0.0023,0,0.0354,0,0.0014,0,0,0,9.001,9,28.2332,0,5.472,0.2705,9.9056,83.0777,1.2891,9,0.2865,0.0081,0,0.7739,9,0,2.7415,0,9.0001,0.0742,1.9648,0.6541,0.0052,0.6163,2.2851,5.6965,0,12.321,0,0,0.0029,0,9,0.0001,0,0,0,0.0178
"Dominica",33.9641,2.0805,0.047,0,0.034,1.3059,12.4145,15.6749,2.6919,0,1.1847,0.35,1.2469,3.1744,0.3484,0.74,0.2434,0.8141,0.217,0.0022,0,1.3856,0.5093,0.5028,1.2207,2.197,0.4094,0.0304,0.0037,0.6252,0.0001,9,0.0874,0.0052,0.0018,13.8315,0.4446,2.65,0.2053,0.009,0.5068,0,0,1.4241,0.0196,0,0.0722,0.6995,0.0723,0.0159,0.0461,0.0244,0.0053,0.2837,0,0.0014,9.0022,0.0043,0,0,0,0.01,0.2163,0.0094,0.0007,9,0.0222,0.0454,0,0.0259,0.0007,1.99,0.0105,0,0,0.0073,0.0079,0.0219,0.2512,0.2236,0.0007,0,0,0,0,0,9,0,2.49,0,0,0.0076,0.003,0,9,9.0007,0,9,0,0,0.0185,0,0,0,0,9.0015,0,0.1494,9,0,0,0,0,0,0,0,0.0276,0.3031,0.0011,1.9355,0,0,0,0.0107,0,0,0.0541,0.0007,0,0.0081,0.0369,0,0.017,0.0252,0.0428,0,0.016,0,0.26,0,0.0015,0,0,9.0435,9.0007,0,0,0,9,0,0,0,0,0.2,0.5276,0.0011,0.8807,0.0241,0.7637,7.4897,0.1244,0,0.0004,0.2965,0,0.0339,9,0,1.5111,9.0007,0,0.0015,0.2256,0.0104,0,0.0169,0.0135,0.0651,0.0007,0.0555,9,0,0,0,0,0,0,0,0,9.0011
"Grenada",65.7262,6.0203,0.0216,0.0066,0,1.1179,0.4992,43.495,3.923,1.1847,0,0.4557,0.21,0.8367,0.4485,0,0.0011,9,0,0,0,0.0186,0,0.1017,0,1.9999,0.0102,9,0.0022,0.9278,0,0,0.09,0.6143,0.5339,14.2196,0.1209,4.5174,0.1871,0.0149,1.1187,0,0,0,0.4499,0,0.0624,5.1032,0.01,0.1563,0.028,0,0.0058,0.5305,0,0,0,0,0,0,0,0.1525,0.0106,0.0036,0.016,9.0007,0.01,0.0026,0.16,0.0051,0,0,0.0958,0,0,0,0.0906,0.1979,1.1273,0.9243,0,0,9,0,0,0,9,0,0,0,0,0,0.0447,0,9,9,0,0.001,0,9,9,0,9,0,0,9,9,0.0616,9,9,0,0,0,0,9,9,0.002,0.0493,9,0,9,9,0,0,0,0,0,9,9,0.0003,0.0016,0,9,9,0.0049,9,0.0178,0,0,0,0,0,0,9,9,0,9,0.0304,9,0,0,9,0,0,2.8614,0,0.9619,9,1.0071,11.0014,0.025,9,9,0.7721,0,0,9,0,0.254,9,9,2.02,0.0455,9,9,0,0.9995,0.9306,0,1.6383,0,9,0,0,0,0,0,0,0,9
"St. Lucia",123.4115,11.3034,0.0725,0.0975,0.0163,0.7707,3.1502,47.7604,5.6851,0.35,0.4557,0,3.5944,1.1711,0.1963,2.2381,0.1727,0.8315,1.9278,0.0593,0.0048,0.2656,1.2741,2.114,1.7252,2.6834,0.0661,0.0678,0.0474,2.0771,0.0333,0,0.4833,0.2944,0.0137,18.5757,0.4485,4.2523,0.7815,0.1071,6.2808,0,0,0.4896,0.277,0,0.0226,2.8663,0.0734,0.1081,0.0878,0,0.0165,2.9351,0,0.0019,0.0019,0,0,0,0,0.002,0.007,0.1682,0.0133,0,0.0333,9,0.003,9.0068,0,0.0015,0,0,0,0,0.4544,0.3601,0.6248,0.7635,0.0007,0,0,0,0,0,0,0,9,0,0,0,0.0019,0,0,0.0008,0,0,0.0474,0,0.0106,0,0,0,0,0,0,0.0037,0,0,0,0,0,0,0,0,0,0.0015,0.0059,0.0211,0,0,0,0.0826,0.0011,0,0.0007,0,0.0019,0,0,0,0,0.0056,0.077,0,0.0126,0,0,0.6578,0.023,0.0059,0,0.0015,0,0,0.0192,0,0,0,0,0,0,0,6.6096,0,1.6352,0.4463,0.8852,19.8401,0.6278,0,0.4504,0.1374,0.04,0.1219,9,0,1.7285,0,0,0.0311,0.3985,0.363,0,0.5722,0.4175,2.2495,0,1.3519,0,0,0,0,0.0007,0,0,0,0,0
"St. Vincent and the Grenadines",69.3881,4.9055,0.0572,0,0.0359,0.225,0.4652,27.3513,4.5055,1.2469,0.21,3.5944,0,3.0982,1.3012,1.0115,0.1866,0.584,1.1514,0.0294,0,0.3955,0.591,0.6151,1.3033,2.3071,0.017,0.0004,0.0041,1.98,0,0,0.0221,0.1182,0.2355,8.5843,0.6612,1.7302,0.1982,0,73.5998,0,0,0.0939,10.0272,0,0.0496,1.6969,0.0306,0.0153,0.028,0.0309,0,4.8777,0,0.0084,0,0,0,0,0,0.002,0.5898,0.0023,0.0204,0,0.4245,16.5214,0.47,0.0255,0.0021,0,0,0,0,0,6.2485,0.1545,41.4345,4.1585,0.0447,0,0.0003,9,0,0.0755,0,0,0.0013,0.0002,0,0.7288,0,0,9,0.0041,0,0.0123,0.0007,0,0,9,0,0,0,0,0.0002,0.0001,0,0.0005,0,0,9,0,9,9,9,0,0.0067,0.2375,0.0033,0,9,0.0001,0,0,0.0024,9,0,0,0.0292,0,0.0001,0.0007,0.0909,0,0.0001,9,0.0023,0,0.0337,0.0004,0,0,0.0013,0,0,0,0.0004,0,0,0,0,0,1.8039,0,0.558,0,0.2016,7.4175,0.021,9,0.013,0,0,0.024,0,0,0.1364,0,0,0.0144,0.9275,0.1274,0,0.0003,0.3393,1.53,0,0.2715,0,9,0,9,0,9,0,0,0,0
"Antigua & Barbuda",93.1,7.2931,0.047,0,0,0.3527,2.3871,28.269,8.209,3.1744,0.8367,1.1711,3.0982,0,1.27,0,0.111,9,0,9,0,0.0826,0,0.1073,0,2.5946,0.0634,0.117,0.0863,1.7021,0.0176,9,0.08,0.0256,9.0384,50.0878,0.6398,1.7354,0.8528,0,37.6011,0,0,1.2,0.5916,0,0.9012,441.566,0.0612,0.1902,0.138,0.0309,0.0232,4.4974,0,0.0013,0,0,0,0,0,0,1.0938,0.0109,0.013,0,0.01,9,0.32,0.0766,0.0006,0,0,0,0,0.0177,0.294,2.325,4.2989,0.882,0,0,0,0,0,0,0,0,9,0,0,0.24,0.0029,0,0,9,0.0081,0.0166,0,0.1219,0,0,0,0,0,0,0,0.0006,0,0,0,0,0,0,0,0,0.0285,0.0015,0,0.7693,0,0,0,0,0.0001,0,0.0001,0,0,9.0098,0.3611,0,0,0,2.3167,0,0,0,0.06,0,0,0,0,0,9.0028,0,0,0.0131,0,0,0,0,0,9,0.775,0,0,0,3.6,0,0.225,0,0,2.4306,0,0,9,0,0,0,0,0,0.2301,18.0187,0,0.1327,1.5719,0.9744,0,0.0987,0,0,0,0,0,0,0,0,0,0
"St. Kitts and Nevis",51.1657,4.804,0.0168,9.0001,0.0023,0.3456,1.9917,16.1884,4.7431,0.3484,0.4485,0.1963,1.3012,1.27,0,0.6433,0.0167,0.0614,9.0216,9.0003,9,0.004,9.4096,0.3165,0.1876,0.248,0,0.0175,0.0091,0.408,0,9,0.0323,0.1177,0.0041,0.4402,0.0672,0.2396,0.0005,0,0.8698,0,0,0.1,0.1082,0,0.1223,0.1944,0.0526,0.0191,0.0634,0.001,0.025,0.0339,0,0.0002,0.0153,0.0629,0,0,0,9,0.2264,0.0035,0.0006,0,0.0024,1.1326,0.02,0,0,0,0.0689,0,0,0.0088,0.16,0.0096,0.3211,0.6215,0.0014,0,0,0,0,0,0,9,9,0,0,0,0,0,0,0,9.0001,9,9.0001,0,9,9.0012,9,9,0,0,9,0.1033,9,0,0,0,0,0,0,0,0,0.0085,0,0.0055,9,0,0,9.0054,0,0,0.0052,0,0,0.0133,9.0007,0,0,9.0008,0.0069,0,0.0588,0,0.03,9,0.989,9.0032,0,0,9,9,9.0263,0,9.087,0.7,0,0,0,9,0.4635,0,0.2244,9.0489,0.1934,6.623,0.1243,0,9.0086,9.0041,0,0.0175,0,0,9.0631,9,9,0.0153,0.2608,9.0035,0,0,0.136,0.1662,0,0.1523,9,0,0,9.0009,0,0,0,9.0001,0,0
"Mexico",6295.05,3645.2913,8.4606,210.9663,12.4791,280.2998,67.0833,10.3262,11.1774,0.74,0,2.2381,1.0115,0,0.6433,0,43.039,507.046,162.9136,244.0555,60.6531,123.1954,144.1107,223.7841,159.1949,0,0,9.8955,1.7543,562.4494,36.3195,5.9948,173.1718,258.0196,7.6965,584.7968,296.685,55.6128,27.7447,3.018,1016.6362,0,0,674.8409,521.3942,0,71.7319,4051.3571,7.8431,140.8731,70.4744,14.1294,5.678,1596.9757,0,0.3072,0,2.0741,0,0,0,0.4598,2.3074,1.4045,12.9643,9.7543,30.1403,68.9506,1.86,0.0214,1.6148,43.7504,1.9195,0,5.9066,0.0251,175.0741,727.3996,6.3099,78.6055,1.8599,0,0,0,0,0.0157,0,0.1429,0.1484,0,0.065,6.3077,0.0252,0,1.3257,0,0,1.8334,5.4377,0.1904,0,0,0,0.9131,0,0,0.5866,1.2336,0,0,0,0,0,0,0,0.0569,0.5841,0.2146,0,45.648,9,0,0,0,0.0131,0,0.0978,0,83.7668,52.8488,2.4134,11.4179,0,13.3138,11.7509,0,17.1354,0,8.8351,1.5169,175.5693,0.1743,1.0941,43.5957,0,6.7582,0,2.8357,0,0,0,0,0,0.1,2042.6875,1.38,1621.3162,0,2968.7833,3930.8907,160.0889,0,10.4059,3.8608,0,40.4819,0.002,0,266.2331,0.22,0,13.669,1041.0244,2.5143,0.0793,388.2745,337.9687,32.296,0,104.5708,0,0,0,0,0,0,0,0,0,0
"Belize",102.142,4.9546,0.065,34.9475,0,1.7016,2.9442,1.4103,1.7352,0.2434,0.0011,0.1727,0.1866,0.111,0.0167,43.039,0,9.3823,1.1726,0.394,0.165,1.448,3.5245,0.5112,5.5535,1.5838,0.044,0.245,0.0006,2.4425,0.0066,0.0405,0.063,0.0695,0.0389,54.4216,4.7901,12.3042,0.2874,0.0702,3.0395,0,0,0.693,41.489,0,0.3222,1.824,0.0848,0.573,0.037,0.0035,0.0543,11.9368,0,0.002,0,0,0,0,0,0.0979,0.9083,0.0326,0.0005,9,0.41,2.069,0.79,0.0171,0.0376,1.6,0,0,0,0,0.0003,0.3032,0.0955,0.991,0,0,0,0,0,0,0,0,0,0,0,2.2906,0.0022,0,0,0,0,0,0,0,0,9,0,0,0,0,0,0.0008,0,0,0,9,0,0,0,0,0.0255,0.0386,0,0.068,0,0,0,0,0.0002,0,0.0023,9,0,0.01,0.0045,0,9,0,0.4542,0,0,0,0,0,0.703,0.001,0,0,0,0,0,0,0,0,0,9,0,9,3.1866,0,0,0.2015,2.476,67.0428,0.0915,0,0.024,0.6466,9,0.041,0,0.0015,10.07,0,0,1.22,0.6274,0.1025,0.0269,0.0566,0.1944,0.1571,0,0.2484,0,0,0,0,0,0,0,0,0,9
"Guatemala",427.9102,2.7026,0.2394,0,13.8837,32.2223,11.907,59.8728,6.9544,0.8141,9,0.8315,0.584,9,0.0614,507.046,9.3823,0,59.8879,71.9669,119.2,35.9094,46.8333,55.475,187.5,0,1.2155,21.451,8.8418,83.9366,0.1294,0.0564,9.675,31.2043,1.0755,20.5198,5.177,48.7171,23.0466,1.1142,24.5903,0,0,1.68,80.4695,0,1.176,14.9575,5.3519,0.3027,2.7894,1.1408,1.8326,63.4383,0,0.0461,0,0,0,0,0,0.2151,4.1829,0.0523,0.4237,9,0.187,7.0166,0.05,1.7084,0.3245,1.3,2.7256,0,0,0,3.4525,12.2238,4.9666,1.364,0.1321,0,0,0,0,0,0,0.0018,0.1257,9,9,0.2563,0.013,0,0,0,0,0.4067,0,0.019,0.2552,0,0,9,0,9,0,0.0001,9,0,0,0,0,0,9,9,0,0,9,1.0797,0,9,0,0,0.0007,0,0.0451,0,0,0.0002,0,0,0,0,7.4057,9,0.6307,0,0.81,0.63,17.06,41.5899,0,4.601,0.4308,9,10.703,0.6907,9,0,0,0,0,0,180.2344,9,84.4584,0,346.32,101.724,12.245,9,15.7248,0.2356,9,3.1995,0,0,8.4562,9.022,0,2.6972,2.153,10.5903,0.0021,0.2391,9.1166,10.6153,9,6.3853,0,9,0,0,0,0,0,0,0,0
"Honduras",219.77,37.0488,0,0,0,8.1211,4.1716,14.9323,2.4567,0.217,0,1.9278,1.1514,0,9.0216,162.9136,1.1726,59.8879,0,101.0405,40.2,72.746,12.1537,20.9225,26.5,0,0.0423,7.8903,5.9554,39.2777,0.0038,0,4.656,5.4424,0.0983,26.0832,12.8961,2.2853,27.4111,1.287,21.1217,0,0,23.52,2.7974,0,3.8563,43.6306,0.8511,0.3032,2.2996,1.4862,1.8634,5.0343,0,0.01,0,0,0.136,0,0,0.2427,0.951,0.0021,0.2588,9.091,0.233,11.3768,0.198,0.021,0.0384,2.42,0.0362,0,0,0.0005,1.2589,2.7331,0.7627,0.3976,0.0616,0,0,0,0,0,9,0,0.0129,0,0,0.0976,0,9,0,9,0,0,0,0,0,9,0,0,0,9,0,0.0023,9,0,0,0,9,0,0,9,0.0139,0.0088,0,2.2862,0,0,0,0,0,0,0.0047,0,0,0.0018,0.069,0,0,0,6.5402,0,0.0506,0,0.3,0.0165,10.48,0.1418,0,0.2549,0.025,9,0,0.0255,0,0,0,0,0,0,92.0754,0,67.3506,0,119.88,46.7954,11.5225,0,4.0155,0.0953,0,0.3267,0,0,7.9517,0,0,0.5053,0.893,4.3045,9,0.0329,2.6321,0.5123,9,0.5831,0,9,0,0,0,0,0,0,0,9
"El Salvador",468.7614,2.8916,25.4875,0.0243,0.0906,5.9005,0.8762,4.492,0.2021,0.0022,0,0.0593,0.0294,9,9.0003,244.0555,0.394,71.9669,101.0405,0,36.9445,16.9842,69.9678,36.6709,42.5079,0.1045,0.013,80.0461,6.0378,33.2871,0.0602,0.1033,10.1857,8.752,0.3644,7.1952,1.2332,11.3541,14.3511,0.1673,6.3069,0,0,6.3678,33.3447,0,0.3165,29.745,0.1924,3.0462,0.1939,3.592,0.1368,22.5353,0,0.0532,0.0092,0.0028,0,0,0,0.4768,0.0461,0.001,3.0837,0,1.0023,8.5495,2.33,0,0.0083,0,0.7547,9,9,9,0.1574,20.7404,0.1221,13.7069,0.0507,0,9,0,0,0,9,0,0,0,9,0,0.0505,9,9,0,0.0012,9.0014,0.0026,0,9,0.0148,0,9,0,0,0,9,9,9,9,0,9,0,0,0.002,0.007,0,0,0.9883,0,0,0,0,0,0,0.2189,9,2.2373,0.0804,0.0988,0,0,0,1.0719,0,0,9,0.12,0,2.1268,18.6803,0.8938,0.1247,0,9,0,0.0008,0.1174,0,0,9,0,0,35.4744,0,0,0,39.6015,109.5906,2.578,9,0.6757,9.0382,9,0.3395,0,9,6.6162,0.0012,0,0.0284,5.5704,10.5065,0,0.7301,1.7559,3.1613,0,11.8819,9,0,0,0,0,0,0,0,0,9
"Nicaragua",138.8,2.7204,0,1.53,0,2.2348,0.0642,2.6159,0.0004,0,0,0.0048,0,0,9,60.6531,0.165,119.2,40.2,36.9445,0,184.8154,128.3261,11.1045,128.7,0,0,14.47,1.4756,13.0703,0.04,0,4.58,5.1746,0.7519,3.1558,0.5746,2.5174,7.8636,0.1635,5.2597,0,0,7.2,0.849,0,0.7144,20.998,0.0566,1.1708,0.093,0.6735,0.0481,5.1873,0,0,0,0.0459,0,0,0,0.037,0.1639,0.1834,0.011,0,0.01,10.3407,0.002,0.0069,0.0355,2.8,0.7932,0,0,9,2.804,0.797,1.1878,0.353,0.0704,0,0,0,0,0,9,0,0,0,0.0016,3.0429,9,9,9,0,0,0,0,0,9,0,9,0,0,9,9,0.0026,9,0,0,0,0,0,9,0,0.5345,0.0435,9,0.1715,0,0,0,0,0.0291,9,0,9,0,0.0081,0,0,0,0,1.81,9,0,0,0.01,0.0388,2.3,0,9,9.0191,0,0,0,0.1313,0,0,9.5261,0,0,2,18.7757,0,0,0,40.8,92.5544,2.15,9,1.0753,9.2568,0,0,9,0,5.6075,0.03,9,0.539,0.7273,0,0,0.2541,1.5149,0.3032,9,0.1518,0,0,0,0,9,0,0,0,0,9
"Costa Rica",2446.0176,64.4163,1.4803,3.2108,5.918,18.9069,10.9325,12.1725,2.7684,1.3856,0.0186,0.2656,0.3955,0.0826,0.004,123.1954,1.448,35.9094,72.746,16.9842,184.8154,0,31.8902,81.4214,221.0244,0.6343,0.446,3.3757,3.5048,88.2932,0.3932,0.0428,35.0868,27.2605,4.5675,531.3381,19.7034,511.1108,187.684,0.5095,29.3674,0,0,15.9851,3.3634,0,17.7707,135.026,23.5974,5.1478,15.1035,4.6175,1.4722,5.8904,0,0.4264,0.0401,0.1344,1.7261,0,9,1.8253,0.5837,0.6076,0.4875,0,0.9471,10.0425,0.85,2.404,4.5018,4.7223,1.6661,0,0,0.0637,24.2893,52.6019,19.4557,19.2859,1.2548,0,0,9,9,9.0037,0,0.012,9,0.0771,0.031,0.0888,0,0,0,0,0,0.006,0.7299,0.0033,9,0.0567,9,0.0018,0,9.0176,0.0433,0.0028,0,0,0,9,0,9,0,0.0057,0.0073,0.0213,9.4183,3.7944,0,9,0.072,0,0.1031,9.002,0.1213,0,2.9378,0.0069,1.969,0,0.0307,0.0164,3.4099,0.0267,0.0594,0.022,0.71,0.0644,15.1628,0.7826,0.0048,0.4212,0.0192,0.0553,0.1958,0.1189,9.8079,0,9.0015,9,9.0035,45.1,23.9926,9,0,101.2125,43.9581,168.4568,3.8182,9,0.3147,0.4391,0.0049,0.1166,9,0.0317,2.2129,9.017,0.001,0.4429,2.4104,17.4537,9,9.1862,6.8979,19.4908,0.0065,1.8028,2.2942,9,0,0,0,0,0,0,0,9
"Panama",841.8261,8.4282,0.9871,2.9718,3.5649,131.9994,30.6986,40.7044,3.2166,0.5093,0,1.2741,0.591,0,9.4096,144.1107,3.5245,46.8333,12.1537,69.9678,128.3261,31.8902,0,54.4019,90.6955,0.4212,0.0186,181.4105,82.8664,13.3917,9.6247,0.104,12.2429,15.2009,5.469,21.8506,3.9401,15.1389,2.7664,0.4585,16.9852,0,0,19.0346,25.0712,0,13.7112,102.7324,0.8766,1.3647,1.0913,8.454,2.4072,32.4979,0,0.0915,9.0015,0.4869,0.85,0,9,0.4168,8.7551,0.6176,0.9195,0.199,0.4123,128.9532,1.3399,1.1546,0.0867,2.9496,0.1964,23.5807,0.0043,0.295,47.9884,23.823,0.0916,4.1183,1.4022,0,0,9,9,0.0564,0,0.0022,0.03,0,0,3.2628,0,9,9,0,0.4043,0.0265,0.3492,0,0,0,0,0,0,9,0,0.0013,9,0,9,0,0,0,0.0241,0,0.0008,0.0236,0,0.5298,0,0,0,0,0.0163,0,0.1251,0,0,0.0169,0.4053,0,0,0.0826,14.5093,0,0.2258,0.0397,0.0292,0.1873,0.9364,1.4572,0,0.0041,0,0.433,0,0,0,0.6,0.007,0,0,16.4,22.446,0.03,19.8294,0,38.5948,186.9979,2.2107,0,0.665,0.1954,9,1.023,0.0061,0,59.2298,0.02,9,3.4628,4.6241,17.4017,0.0005,6.3139,1.518,1.0462,0,11.9847,9,0,0,0,0,0,0,0,0,9
"Colombia",2482.3123,57.1336,5.6767,25.8856,24.7136,74.8071,17.5941,121.5211,1.672,0.5028,0.1017,2.114,0.6151,0.1073,0.3165,223.7841,0.5112,55.475,20.9225,36.6709,11.1045,81.4214,54.4019,0,129.5909,1.067,3.2646,110.4055,234.3092,215.9379,168.3399,2.3524,57.9684,67.5634,4.3327,170.8859,14.007,95.1526,201.3459,0.5307,214.9744,0,0,86.3112,61.0111,0,84.0045,68.7472,34.0895,9.6865,5.2984,19.7447,1.5134,9.7826,0,0.4912,0.054,7.4581,8.0268,0,0.1598,6.2773,10.4616,0.1239,1.6152,0.001,3.865,30.3315,0.6629,0.0599,2.7546,2.6057,4.8667,0.0175,0.0556,0.3481,24.1557,37.243,47.9801,41.9719,0.5111,0,0,0,0,0.0171,0.0438,0.4614,0.4862,1.8716,0.0016,0.031,0.1204,13.0744,0.0131,0,0.0094,0.0928,0.2004,0.3133,0.0255,0,0.6749,0.0608,0,0.014,0.0876,0.1281,0,0.0002,2.3481,0,0.0224,0.0383,0.172,0.009,0.1739,0.0216,0.0007,17.3194,0,0.002,0.0066,0.0086,0.001,0.0001,0.0866,0.2246,10.3031,3.2481,0.3333,0,0.0127,1.2353,1.9976,0.0036,0.7367,10.0942,1.125,0.5339,39.9848,6.8138,0.014,1.3746,3.7739,0.0168,0.5834,0.0008,0.1926,0.2872,0.0044,0.0128,0.0708,1.3491,230.1655,0.1761,76.2692,3.7472,136.4301,260.6808,48.0036,0.0033,5.6704,0.189,0.0709,5.6682,0,0.0036,20.2297,0.0217,0.0123,3.5303,22.0197,20.6814,0.0003,1.7071,29.3923,6.7727,0.066,0.2579,0,0,0,0.0583,0,0,0,0,0,0.0006
"Venezuela",6448,460.8974,0,0,0,735.5672,51.4195,290.7823,5.5187,1.2207,0,1.7252,1.3033,0,0.1876,159.1949,5.5535,187.5,26.5,42.5079,128.7,221.0244,90.6955,129.5909,0,0,0,121.3,236.3438,614.7938,6.9081,13.9,12.14,153.6924,41.3175,34.9995,6.1899,56.6099,17.0749,1.2188,15.0498,0,0,72.2,120.0377,0,20.645,277.528,37.2229,8.3583,8.635,1.7601,0.1534,492.3755,0,0.0346,0.0363,0.3365,0.21,0,0,3.8791,1.7439,0.0143,1.646,9.0001,11.4,10.7568,1.27,0.0017,0.9863,1.3,1.7402,0,0,0.0515,21.5915,10.5651,23.1922,41.129,0.0125,0,9,0,0,0,0,2.2897,0,0,0,17.2868,0.0022,0,0,0,0,0.8966,0.216,0,0,0,0,0,0,0,0,0.8813,9,0,0,0,0,0,0,0,0,0.3971,0,6.7893,0,0,0,0,0.0019,0,0.0069,0,0,5.797,0.1771,0,0,0,5.3698,0,3.9578,0,9.79,0.0243,25.2,1.3581,0.6091,0.0192,0,0,0,0.0234,0,0,0,0,0,0.1,314.4334,0,0,0,238.8,61.8818,20.45,0,5.7016,0.0521,0,0.3471,0,9,5.5404,0.1,0,6.911,11.4296,17.3264,0.0181,1.9898,18.7655,8.7488,0,45.3374,0,0,0,0,0,0,0,0,0,9
"Guyana",16.14,131.8333,0.0066,11.8285,0,0.1572,25.8172,71.9863,1.6555,2.197,1.9999,2.6834,2.3071,2.5946,0.248,0,1.5838,0,0,0.1045,0,0.6343,0.4212,1.067,0,0,2.9574,3.3297,0.0165,7.5174,0,0,97.891,0.2359,0,81.931,0.2243,7.2097,3.0029,0.4819,1.4998,0,0,0.2431,2.6299,0,29.7885,2.8701,0.017,0.1204,0.0569,0.1571,0.016,1.0673,0,0.0051,0,0,0,0,0,0.005,0.044,0,0.002,9,0.033,0.1875,0,9.2558,0.0157,0,0,0,0,0,0.2067,1.3761,2.2778,0.2737,0,0,0,0,0,0,9,3.1872,0.0031,9,0,0,9,9,0,0,0.2065,0.0351,0,1.4136,0,0,0,0,0,0,0,0.013,9,0,0,0,0,0,0,0,0,0,0,0.4181,0.307,0,0,0,0.0143,0,0.024,0,0,0,0.1609,0,0.0042,0,0.3131,0,0,0,0.04,0,0.33,0.2386,0,0,0.0004,0,0,0.2487,9,0,0,0,0,9,8.4324,0,1.4608,4.1669,0.24,9.2491,1.2125,0,0.4933,0.0607,0,0,0,0,1.6577,9.02,0,0.0066,2.3474,3.4205,0,0.3065,1.4606,1.2649,0.0038,1.8305,0,0,0,0,0,0,0,0,0,0
"Suriname",32.87,58.1093,0.0634,0.1194,0.3604,0.7613,6.9304,24.0414,2.5979,0.4094,0.0102,0.0661,0.017,0.0634,0,0,0.044,1.2155,0.0423,0.013,0,0.446,0.0186,3.2646,0,2.9574,0,0.5728,0.2211,3.3869,0,0,0.264,1.0131,0.0885,16.8093,0.3544,18.0583,11.0748,4.7072,40.8841,0,0,2.6193,19.8845,0,4.211,7.112,0.0494,0.2854,0.08,0.0633,0.0375,2.9223,0,0.0008,0,0,0,0,0,0.0626,0.0854,0.0679,0,9,0.01,23.0526,0.004,0,0.0142,2.31,0,0,9,0,0.7317,0.7296,107.0219,0.8844,21.4693,0,0,0,0,0,0.0211,0.9216,0.0002,0,0,0.0088,0,9,6.5374,9,0.0349,0,3.924,0.0109,0,0,0,0,9,0,0,0.1305,0,0,0,0,0,0,0,9,0.0047,0,0,3.2816,0,0,9,0,0.0019,0,0.0001,0,0,0.0003,0.0582,9,0.0116,0,1.8343,9,0,9,0.02,0,13.7273,0,0,0,0,9,0.0099,0,0,0,0,0,0,9,9.8915,9,2.9757,2.4205,2.64,0.9666,1.98,9,0.2397,0,0,0,9,0,2.2695,9,0,0.4224,0.3138,0,9,0.1065,2.4051,0.4612,0,0.0236,0,0,0,0,0,0,0,0,0,0
"Ecuador",923.24,46.4724,0.1544,5.6773,0.2581,13.0386,0.4318,17.4952,0.663,0.0304,9,0.0678,0.0004,0.117,0.0175,9.8955,0.245,21.451,7.8903,80.0461,14.47,3.3757,181.4105,110.4055,121.3,3.3297,0.5728,0,36.146,93.9191,71.5424,0.6843,106.951,32.678,3.044,17.2683,2.9108,78.6404,76.9202,1.8194,43.0966,0,0,6,13.486,0,17.5726,157.5915,101.0167,1.5525,3.8141,13.668,6.9558,176.0263,0,1.4109,0.0799,0.7444,13.178,0,9.2686,7.2798,6.9885,0.0255,2.3945,0.2805,18.043,86.0636,1.834,0.1626,8.9718,7.43,1.2884,0.1793,0.0003,0.6255,0.2163,9.6684,3.7434,3.7764,0.0508,0,9,9,9,0,0,0.0535,0.0754,0,0,0.6769,0.1052,0,0.0746,9,0.3229,0,0,0.0172,0.0334,0.0958,0.3078,0,9,0.161,0.3304,2.2284,9,9,0,0,0.005,0,42.2302,0,0.0182,0.0401,9.0019,1.7866,0,0,0,0,0,9.0781,0.1241,9,0.0634,0.0173,0.5816,1.2971,0,0,28.6156,0.0955,1.5644,0,0.2,0.7341,0.91,25.8787,0,1.0028,0.0451,0,0.6449,0,0.4235,0,0,9.2,9,0.54,17.0807,9,16.2514,0.998,24.36,142.5974,3.5125,9,0.2491,0,9.0024,1.2688,0,9.008,2.0315,9,0,1.0072,10.0447,0.0736,0.002,0.2337,8.1826,1.2928,0.0006,28.7489,0.0107,9,0,0.0101,0,9.035,0,0,0,0
"Peru",248.5806,40.9939,1.1418,1.4124,2.0966,7.6911,0.0611,1.1768,0.3273,0.0037,0.0022,0.0474,0.0041,0.0863,0.0091,1.7543,0.0006,8.8418,5.9554,6.0378,1.4756,3.5048,82.8664,234.3092,236.3438,0.0165,0.2211,36.146,0,81.1514,14.6633,7.623,325.3078,164.7556,77.1094,123.6743,18.9502,52.8047,30.6625,0.5036,44.1665,0,0,101.8996,351.9292,0,0.1807,38.126,20.4176,11.2496,11.7397,2.7489,6.9084,37.0514,0,0.1545,0.0057,0.8223,4.8988,0,0,1.008,0.9422,1.2792,13.2652,0.0318,2.4898,1.1451,0.1044,2.5557,0.7244,6.7642,0.3226,0.0022,0,0.0001,5.1425,63.5501,21.7779,7.2962,0.0024,0,0,0,0.0022,0.029,0.935,0.3391,0,0.0143,0,0.1781,0.0044,0.5742,0.9372,0,0.5104,0,1.1813,4.1767,0.0341,0.0099,0,0.1925,0.0605,0.0033,0.0055,0.011,0,0,0,0,0.0319,0,1.5323,0,0.0038,0.0441,0.561,2.3515,0,0,0,0,0.4889,0,0.0145,0,1.749,0.2872,0.0958,0.264,0.0814,24.8539,24.5808,0,0.2731,0.124,1.8213,0.358,8.6476,2.7073,1.114,1.3751,0,0.036,1.0175,0.1901,0.0341,0,0,0,0.0803,18.0989,168.451,0,57.5088,1.7017,123.2626,47.0005,7.5819,0,0.8513,0.3405,0,2.2977,0,0.033,56.2965,0,0,1.5527,17.242,3.7786,0.1444,24.6261,14.4637,5.624,0.0924,53.3318,0,0.0198,0.082,0.0396,0.0932,0,0,0,0,0.0429
"Brazil",1224.402,72.2605,4.9269,66.121,10.0034,88.301,53.1969,15.9337,10.7468,0.6252,0.9278,2.0771,1.98,1.7021,0.408,562.4494,2.4425,83.9366,39.2777,33.2871,13.0703,88.2932,13.3917,215.9379,614.7938,7.5174,3.3869,93.9191,81.1514,0,248.7665,532.9236,182.1391,793.3955,59.7441,282.641,157.6708,1543.4394,713.6255,17.8944,309.8698,0,0,563.9762,2.141,0,226.3677,1706.6304,158.6914,296.7061,101.7992,48.838,19.4658,906.1301,0,11.5268,0.0046,14.4667,54.2236,0,1.2397,30.1467,69.506,4.5959,28.9524,0.2321,118.0502,365.2875,5.9471,41.2168,11.753,32.8741,8.0665,1.593,2.0042,0.3907,210.0482,1234.9491,24.1413,80.0291,4.1436,0,0.2717,0.1947,0.1452,11.8867,2.7753,14.4199,54.4549,3.2758,3.4562,49.9489,2.0464,0.8899,2.7665,1.1792,37.4055,26.3507,6.4819,562.5367,2.3408,0.6578,5.3416,5.3471,1.7325,0.2893,16.4461,17.322,0.057,0.5104,39.1688,10.2597,5.665,0,41.0157,2.7969,0.5486,5.944,0.1155,54.0152,0.3952,0.002,0.5316,1.685,1.5802,1.1275,0.8305,0.4492,70.1382,980.2955,49.9103,26.3252,1.6643,625.1574,183.701,110.0924,306.3947,33.7936,59.1928,21.3264,191.1113,236.4919,56.0112,35.0889,53.0277,36.1637,158.8686,7.2896,0.2728,6.8807,1.5202,1.2,15.5188,35.8017,170.4018,0.1,260.1277,105.7958,210.9579,144.8797,104.2716,0,9.6117,13.5258,0.3663,23.6044,0.0666,0.2178,86.2904,4.0546,0.0605,18.4742,163.6798,16.4011,0.1062,35.5631,143.3791,33.2635,1.3882,10.7659,0.0066,0,0.9042,0.4719,0.0113,0,0,0,0,0.0044
"Bolivia",440.2735,3.8398,0.0112,0.7072,0.055,0.0124,0.0091,0.4906,0.0191,0.0001,0,0.0333,0,0.0176,0,36.3195,0.0066,0.1294,0.0038,0.0602,0.04,0.3932,9.6247,168.3399,6.9081,0,0,71.5424,14.6633,248.7665,0,2.7893,109.8844,207.9514,6.9683,17.6373,1.6898,1.0507,3.3222,0.406,12.4742,0,0,7.3305,41.4756,0,0.1056,35.2844,0.4291,2.2203,0.1881,0.6403,0.0355,12.9154,0,0.0496,0.0053,5.8405,0.0209,0,9.0193,0.0018,0.0199,0.0429,0.022,0.0109,2.699,3.0878,0.067,0.0159,0.0003,0.0564,0,9,9,0.0032,0.0961,36.8445,5.082,5.3868,0.0241,0,9,9.0021,0,9,9,0.0077,0.0156,9,9,0.0085,0.0079,9.1357,0,0,0.299,0.0055,0.7236,0,0,0.7869,9,0.0743,9,9,0.0004,0.0987,0.0002,0,0,9,0,9,0.0007,0.01,0,0.0095,9,0.9649,0,0,0,0.0054,0,0,0.0004,9,0.0308,0.0414,0.0781,0,0,0.0899,1.7329,0.1756,0.1759,0.001,0.08,0.0689,12.9069,0.0663,0,0.0056,0.0417,0,0.0587,0.0219,9.0031,9.1,9,0,0,11.6,28.4226,9,13.8474,1.6877,24.7106,139.7203,1.5941,9,0.1129,0.0144,0.0225,0.2611,0,0,2.1965,9,9,0.057,1.9408,0.3414,0.0356,0.213,1.0237,1.1167,0,2.4725,9,9.0002,9,0,9.0097,9,0,0,0,9
"Paraguay",534.78,4.4226,0.0366,0.2728,0,0.0375,0.0573,0.141,0,9,0,0,0,9,9,5.9948,0.0405,0.0564,0,0.1033,0,0.0428,0.104,2.3524,13.9,0,0,0.6843,7.623,532.9236,2.7893,0,1.006,300.75,74.7829,53.0174,34.1579,77.1266,0.0687,0,15.9842,0,0,13.44,13.5516,0,13.6237,39.1201,0.014,2.7016,0.2012,0.3486,0.0079,34.8357,0,0,0,0,0,0,0,0.0805,0.589,0.0202,0.0188,0.0125,0.121,0.0008,0,0.139,0.0125,0,0,0,0,0,0.2296,14.9191,0.1946,0.2665,0.0958,0,9,0,0,9,9,0.0398,0,0,9,0.0301,9.0101,0.0569,0,0,0,0,0,0.0374,0.0419,0,0,0.0172,0.3269,9,0,9.104,0,9,9,9,0,0,0,0,0,0.1352,0,3.4406,0,0,0,0,0.0546,9,0.0006,9,0,0,0.2427,0,0,0,0.9594,0.0087,0.0492,0,0.014,0.0415,0.43,0.3482,0,0,0,0,0,0,0,0,0,0,0,0,200.7267,9,8.0133,0,38.28,48.3148,7.04,0,1.9043,0,0,0,0,0,4.8996,0,0,0.7469,3.5277,4.4008,0,0.7741,2.3408,0.0378,0,0.1677,0,0,9,0,9,9,0,0,0,9
"Chile",237.4699,94.2805,7.018,35.549,10.681,23.0229,3.9384,1.6503,9.3868,0.0874,0.09,0.4833,0.0221,0.08,0.0323,173.1718,0.063,9.675,4.656,10.1857,4.58,35.0868,12.2429,57.9684,12.14,97.891,0.264,106.951,325.3078,182.1391,109.8844,1.006,0,1379.3825,3.6279,373.4453,24.6821,353.7339,86.7706,4.9652,147.5253,0,0,108.42,46.5767,0,18.4116,22.163,9.5083,14.9285,3.818,2.4538,0.331,223.0658,0,3.8587,0.1,0.0544,0.45,0,0,1.0355,29.3195,0.2078,12.379,0,4,4.9282,1.17,1.0598,0.9463,9.61,0.5707,0.06,8.5,5.2505,1.365,195.5773,35.4765,3.741,0.7789,0,9,0,35.2,0.15,0.04,0.0167,0.0203,0.044,0.3979,0.0527,0.0396,0,0.429,0,0.396,0,0.0016,131.233,38.276,0,0,20.798,0,0,0.004,0.0012,0.06,0,0,0,0,0.1,0.066,0.01,0.0516,0.4227,0,23.5235,0.03,0.13,0,0,0.2751,9,0.3321,0,4.233,1.14,3.9002,4.4,0,21.22,21.3615,0,4.235,0.39,1.69,0.7025,42.42,33.0969,0.6114,3.7862,1.397,1.48,31.064,12.7908,0.13,0,0,0.4,0,0.51,77.3454,0.08,357.34,1.124,409.16,1837.076,23.12,0.01,32.8808,1.8443,0.037,0.3482,0.2,1.124,12.0718,0.06,0.033,18.055,48.4448,101.0886,0.1262,34.8816,5.6173,51.9539,0.66,15.1196,0.286,0,0.2,1.54,0.1014,9,0,0,0,2.2
"Argentina",2231.0542,65.3431,0.2299,68.8712,14.8932,46.5572,2.376,3.5893,0.8587,0.0052,0.6143,0.2944,0.1182,0.0256,0.1177,258.0196,0.0695,31.2043,5.4424,8.752,5.1746,27.2605,15.2009,67.5634,153.6924,0.2359,1.0131,32.678,164.7556,793.3955,207.9514,300.75,1379.3825,0,399.7079,224.7323,87.8213,542.5415,81.7282,2.7742,1103.4688,0,0,255.2728,75.57,0,138.6155,492.4619,13.8704,78.3843,6.6377,2.9902,12.7042,543.8333,0,2.7543,0.0166,3.2856,7.1011,0,0.0176,0.5474,57.958,16.9372,2.5955,0.2566,1.6546,48.8413,1.4516,24.7883,6.0481,8.1616,16.6142,0.0207,2.5974,0.0704,69.6429,285.0147,26.6267,96.3517,0.1457,0,0,0,0,0.007,0.108,12.5227,0.0626,0.0038,1.3007,32.9696,0.097,0.0729,0.9587,0.2128,3.7707,0.6109,0.7765,19.9039,1.834,0.0001,0.1008,1.8475,0.3002,0.0004,35.9313,19.1291,0.0002,0,0.21,3.5896,0.0532,0,7.7272,3.3,2.306,11.8059,3.4842,108.6609,0.0057,0.1481,0,0.0087,0.1728,0.0119,25.6583,0.0187,61.4307,110.6683,49.8952,13.7021,4.4443,127.5051,60.4774,37.5441,187.5121,78.585,25.8987,69.4481,38.6119,22.7029,12.3681,17.6162,36.4819,11.2725,88.4332,12.2907,0.0002,1.8721,299.7999,0.0187,0,4.7645,290.3502,0.0003,120.1413,2.1922,399.6987,545.9136,228.9891,0.0002,113.3855,85.43,4.6511,31.3718,0,196.3204,81.4343,0.1741,0.1195,12.1539,13.3109,49.898,0.3082,3.2698,18.8741,28.9001,0.0263,36.5739,0,0.0001,0.0002,0.6516,0.0025,0,0,0,0,0
"Uruguay",173.1239,17.3709,1.2077,2.3124,1.4328,2.2517,2.7852,10.4555,0.0854,0.0018,0.5339,0.0137,0.2355,9.0384,0.0041,7.6965,0.0389,1.0755,0.0983,0.3644,0.7519,4.5675,5.469,4.3327,41.3175,0,0.0885,3.044,77.1094,59.7441,6.9683,74.7829,3.6279,399.7079,0,21.5968,3.5771,19.6524,3.2227,0.1906,72.972,0,0,18.6139,26.8977,0,9.2536,5.3579,2.3305,5.8895,1.396,0.4612,0.3741,48.4238,0,0.085,0.0073,0.0126,0.0251,0,0,1.876,4.5478,203.6794,1.6544,0,0.345,53.5683,5.0455,0.0203,1.2995,0.3899,0.6678,9,0.0248,0.0016,9.0898,12.3638,19.8557,7.4328,0.216,0,0,18.449,9,0,9,0.0036,0,0.0622,0.6188,0.0513,0.0216,0,0.0309,0,0.0905,1.1072,7.656,0.2916,0.4073,9,9,0,0.251,0,0.0322,0.0002,0,9,9.0009,0,9.0008,9,0.4282,0,0.0073,0.089,0,3.901,9,0,0.0908,0,0.0434,0,0.3001,0,2.1007,3.4538,2.9975,0,0,21.6699,3.9794,0.053,12.4284,2.672,0.1273,0.346,67.5595,14.748,10.1098,0.3146,0.0237,2.8204,0.4861,0,0.1048,0,0,0,0.0062,0.005,11.4265,9,21.4278,1.0372,48.9407,36.2827,13.5163,9,2.4738,13.6226,9.139,1.8416,0,0.013,1.154,0.031,9.0036,0.0803,9.0044,2.2305,0,1.706,5.7265,2.5933,0,3.8325,0,0,0,0,0,0,0,0,0,9
"United Kingdom",1448.461,883.5698,51.2763,12.0151,11.5206,19.2865,86.2533,41.5397,57.558,13.8315,14.2196,18.5757,8.5843,50.0878,0.4402,584.7968,54.4216,20.5198,26.0832,7.1952,3.1558,531.3381,21.8506,170.8859,34.9995,81.931,16.8093,17.2683,123.6743,282.641,17.6373,53.0174,373.4453,224.7323,21.5968,0,3587.521,2647.431,1661.989,162.8082,3638.976,0,0,4669.2139,735.8512,0,267.5693,10949.902,984.23,554.7697,262.0499,229.9841,105.8322,2305.726,0,98.6893,7.8999,5.7262,113.7853,0,19.9905,123.091,1061.578,105.5296,14.2403,2.7268,22.2717,1549.2278,207.0625,343.5766,63.0359,65.2141,45.9018,65.6246,20.1987,51.637,1742.4458,1576.0879,3033.3213,179.5341,253.6347,0,6.9122,3.2693,10.1712,13.5714,23.9449,16.8023,30.9123,24.9514,7.042,67.4972,4.159,10.6027,24.8655,65.8251,63.8741,7.7665,36.8501,612.4507,20.9184,0.3962,1.2111,8.0956,0.7348,47.9736,23.721,98.4904,0.94,2.2143,5.3288,34.9001,42.7785,8.8083,100.3556,9.2747,64.7236,57.535,13.6022,136.1739,100.5907,1.2185,366.5623,44.6845,26.5164,1.6833,396.0962,22.1257,5.3886,44.8612,56.1933,126.9806,150.2658,379.9442,119.155,62.3626,102.0546,46.4572,244.022,135.9957,649.866,842.2688,77.4433,216.7064,146.884,248.0626,1433.6105,198.1882,3.5732,21.088,66.1142,6.9822,16.0344,150.244,7550.9486,3.787,3030.0226,21.8193,2614.992,9501.5606,281.1953,2.1703,139.1011,160.844,25.2567,311.5793,4.9753,5.5542,1450.4437,48.6896,5.0945,384.6643,1833.2893,1237.872,56.5582,1319.378,1173.9005,1575.6944,92.9495,366.0298,0.2217,15.472,0.2336,94.7492,0.1776,2.4285,0,0.1042,0,1.9062
