"","United States of America","Canada","Bahamas","Cuba","Haiti","Dominican Republic","Jamaica","Trinidad and Tobago","Barbados","Dominica","Grenada","St. Lucia","St. Vincent and the Grenadines","Antigua & Barbuda","St. Kitts and Nevis","Mexico","Belize","Guatemala","Honduras","El Salvador","Nicaragua","Costa Rica","Panama","Colombia","Venezuela","Guyana","Suriname","Ecuador","Peru","Brazil","Bolivia","Paraguay","Chile","Argentina","Uruguay","United Kingdom","Ireland","Netherlands","Belgium","Luxembourg","France","Monaco","Liechtenstein","Switzerland","Spain","Andorra","Portugal","Germany","Poland","Austria","Hungary","Czech Republic","Slovakia","Italy","San Marino","Malta","Albania","Montenegro","Macedonia","Croatia","Yugoslavia","Bosnia and Herzegovina","Slovenia","Greece","Cyprus","Bulgaria","Moldova","Romania","Russia","Estonia","Latvia","Lithuania","Ukraine","Belarus","Armenia","Georgia","Azerbaijan","Finland","Sweden","Norway","Denmark","Iceland","Cape Verde","Sao Tome and Principe","Guinea-Bissau","Equatorial Guinea","Gambia","Mali","Senegal","Benin","Mauritania","Niger","Ivory Coast","Guinea","Burkina Faso","Liberia","Sierra Leone","Ghana","Togo","Cameroon","Nigeria","Gabon","Central African Republic","Chad","Congo","Democratic Republic of the Congo","Uganda","Kenya","Tanzania","Burundi","Rwanda","Somalia","Djibouti","Ethiopia","Eritrea","Angola","Mozambique","Zambia","Zimbabwe","Malawi","South Africa","Namibia","Lesotho","Botswana","Swaziland","Madagascar","Comoros","Mauritius","Seychelles","Morocco","Algeria","Tunisia","Libya","Sudan","Iran","Turkey","Iraq","Egypt","Syria","Lebanon","Jordan","Israel","Saudi Arabia","Yemen","Kuwait","Bahrain","Qatar","United Arab Emirates","Oman","Afghanistan","Turkmenistan","Tajikistan","Kyrgyzstan","Uzbekistan","Kazakhstan","China","Mongolia","Taiwan","North Korea","South Korea","Japan","India","Bhutan","Pakistan","Bangladesh","Myanmar","Sri Lanka","Maldives","Nepal","Thailand","Cambodia","Laos","Vietnam","Malaysia","Singapore","Brunei","Philippines","Indonesia","East Timor","Australia","Papua New Guinea","New Zealand","Vanuatu","Solomon Islands","Kiribati","Tuvalu","Fiji","Tonga","Nauru","Marshall Islands","Palau","Federated States of Micronesia","Samoa"
"United States of America",0,96714.2,2041.5099,382.27,381.73,1367.2856,1726.3005,7046.1204,576.5707,71.4,78.36,134.56,62.02,188.3,130.23,57173.36,106.68,924.8787,1790.2109,799.542,943.5457,493.115,854.0954,3048.9658,29035.0932,56.53,97.9271,4833.1877,3465.2588,11689.458,31.2401,280.8596,4121.5078,15.2495,16.87,11900.981,20376.8744,14431.713,4468.838,235.8985,13326.696,0,0,6048.6668,1530.2424,0,2166.6225,48781.195,712.16,5447.5908,1540.2169,1185.7864,1098.1497,20645.137,0,157.7894,6.2538,33.3163,3.8011,11.26,0,29.54,256.5591,68.5472,50.3265,27.6914,3.3367,69.9885,14313.6547,404.002,209.6003,297.3134,884.8282,300.7094,58.3062,12.161,543.5137,3437.8688,9798.7393,3948.7046,3219.7263,521.2113,0,4.07,5.77,1218.54,23.12,39.43,86.1389,126.56,45.63,17.12,620.9613,44.02,47.5069,69.61,0.67,108.96,16.678,160.1,26505.4211,1267.68,23.1,1954.97,3032.7,8.23,65.9198,34.2437,140.68,8.0654,3.67,21.6,49.18,67.4397,7.9,10469.07,47.401,29.391,30.9573,13.73,2053.0332,8,424.6,226.7,152.5,233.0276,1.6,155.8465,0.14,456.5561,14668.5071,93.3135,2150.7899,97.53,49.3456,483.2754,10587.7199,989.2761,17.23,945.9592,933.9845,13482.7009,24497.4588,198.47,1834.0198,114.03,1338.4469,11666.32,389.7695,413.45,43.08,50,92.92,93.91,107.542,239739.685,77.4429,16773.699,0,13839.606,82915.559,11819.814,2.3,1775.9499,3120.0917,8.36,2081.6486,16.96,85.0045,13902.918,2302.6926,1.93,8278,21096.893,12284.43,522.09,1732.9746,10275.7575,0,12104.6626,39.92,218.627,7.71,3.37,0.2,0,136.64,1.94,3.5,0,0,0,15.34
"Canada",96714.2,0,33.3446,111.9747,10.94,81.7844,277.0369,103.5576,46.9001,5.6954,6.259,13.0096,10.0201,62.235,0.3722,7429.8562,0.5232,78.828,77.9193,3.7976,41.2138,286.756,7.1282,134.2812,736.4522,114.3221,207.1002,26.4812,1750.0941,1994.0402,23.8916,6.7757,1295.4381,370.2259,29.4402,756.179,2023.2395,1207.0485,277,17.3993,2709.5905,0,0,1273.6519,475.0464,0,230.3524,7345.7612,355.0931,1011.1562,149.8488,104.3296,141.2205,3079.4478,0,8.9298,3.8775,0.9643,32.018,6.1372,0,1.5046,25.4882,78.0737,6.824,31.9969,19.3506,57.9155,824.0057,35.5692,4.8748,437.3916,90.7121,1.8081,8.7708,39.7134,21.945,725.4993,1825.2111,3576.6559,1082.2559,144.9366,0,0.1755,0.0732,224.7828,0.5552,10.1184,14.3428,15.6379,4.0357,3.9862,181.0875,24.8965,4.7672,14.1093,3.123,54.0057,3.9882,3.5502,499.4614,15.7968,0.144,11.4976,14.5826,18.8868,4.7683,28.642,4.6401,2.3522,0.8954,1.8242,2.595,0.1095,0.8694,522.6937,11.4001,14.536,2.5948,3.5611,245.8287,112.5742,9.8998,11.5575,1.0038,10.6854,0.6719,3.3842,2.2443,5.0992,4528.1734,20.1534,0.8839,8.2905,233.7599,66.8614,1480.6169,33.7175,23.1171,17.0876,25.1052,477.0905,1140.9256,26.5907,25.122,69.5918,32.5208,668.1862,36.1814,6.181,13.3162,0.1079,31.2398,4.225,102.4919,24925.2013,178.7313,2531.0278,16.7559,2506.3567,5306.6195,297.9835,0.0194,112.6655,421.1852,8.033,105.0329,5.7132,2.8397,1670.7591,141.3967,4.483,455.5676,2197.7245,41.8449,15.1002,719.1535,252.6441,0,304.8755,3.7313,29.8092,0.1489,0.0041,0.0572,9,4.8555,0.0821,0.0152,0,0,0,0.354
"Bahamas",2041.5099,33.3446,0,0.5768,0.2546,8.4449,0.1258,66.5972,3.319,0.0034,0.2742,0.1259,0.0405,0.152,0.0258,13.2921,0.6372,37.5307,0.5006,0.6936,0.0465,6.3311,1.0286,17.1433,458.3225,0.0214,0.024,1.3293,3.4131,1599.4554,0.0039,0,2.1688,3.2436,2.1205,42.0055,3.0446,110.4758,1.9412,3.814,101.83,0,0,18.6725,94.986,0,5.7382,241.5657,89.1663,4.9953,0.094,7.1071,0.1365,25.0145,0,0.5964,0.0381,0,0.0088,6.5411,0,0,0.0211,12.6895,0.1213,1.3865,0.0515,0.1686,389.9563,0.2849,1.3347,19.1897,0.7758,0.0806,2.7669,0.0628,0,6.1451,2.2213,257.502,45.1054,0.5674,0,0,9,0,0,9,0.0059,0,0,9,1.6197,0,0,0.039,0,0,0.0008,0.5428,1.0427,0.0082,0,0,0,0,0.0002,0.0798,0.0018,0,0,0,0,9,0,0,0,0,0,0,7.3195,0,0,0,0,0.0048,0,0.1584,0,0.2176,213.8054,0.0002,0,0,0,48.5707,0,0,0,0.7053,0,1.66,64.8611,0.0851,0,0.0957,9,0.4089,0,0,3.7393,0.1,0,0,0.2031,186.8951,9.0018,206.1983,0.3624,1235.1295,1252.1198,43.9113,0,1.5509,11.3128,0,0,9.0498,0,3.6142,0,0,0,1.4815,266.6815,0,1.0573,1.1258,0,0.0004,9,15.9288,9,0,0,0,0,0,0,0,0,0,0.7235
"Cuba",382.27,111.9747,0.5768,0,12.5403,16.1989,3.3906,32.1177,0.2511,0,0.0586,0.1695,0.009,0,9.0005,166.114,56.5044,9.0952,8.7595,8.1423,0.5708,9.8982,18.8967,48.0318,2309.4208,38.2572,0.0486,6.7104,3.1034,342.8273,6.2954,0.0195,50.7527,102.7593,45.3508,27.533,0.4433,487.3804,51.0106,0.1768,95.1056,0,0,0.8721,705.6695,0,15.6204,552.0254,12.9113,3.9214,0.8545,32.0298,8.7485,369.3935,0,0.2126,0.0157,0.0107,0.058,1.2263,0,0,0.2121,3.0761,2.9101,2.7495,0.0131,0.6047,156.3195,0.3084,0.0802,1.3841,19.6536,0.2676,0.214,0,0.5154,8.5932,19.9259,0.4235,38.2452,0.084,0,0,7.5248,0,0.0687,0,0.7816,0,0.054,0,0.0308,9.0072,9,0,9,2.9625,0,0,0.2917,0.0039,0,0,0,9,0,0,0.0017,0,0,0,0,0.0608,0,9,0,0,0,0,3.3744,0,0,0,0,0.0916,9,0.1577,0,0.6901,236.9235,0.2665,47.1719,0,3.5113,8.5945,0,0.1764,0.4217,2.3955,0.0553,0,0.505,0.0063,0.3561,2.3214,0.3613,1.6354,0.0621,0,0,0,0,0,34.3815,861.1553,0.0474,5.6239,0,220.3391,122.1307,23.762,0,0.9045,10.1884,9,0,0,0,33.3394,9,0,168.08,1.6611,8.3555,9,0.2912,0.8107,0,0.5681,9,49.8195,0,0,0,0,0,0,0,0,0,0,0
"Haiti",381.73,10.94,0.2546,12.5403,0,309.1847,1.1447,12.8417,1.287,0.0016,0,0.0429,0.0228,0,0.0462,0.2484,0.0215,13.4302,2.5072,4.165,4.6741,11.0172,1.8317,72.5319,14.9705,3.691,1.1754,0.784,43.495,72.6252,0.3063,0,5.8062,23.7761,3.5884,8.8925,2.655,24.7497,2.9051,0.0123,30.0819,0,0,1.2285,13.1545,0,0.2173,37.6111,1.0019,1.3941,0.4891,1.7952,0.0015,12.6975,0,0,0,0,0,0.0021,0,0,0.0066,0.1269,0.0152,0.701,0,0.1117,2.5998,1.0025,0.0203,0.0859,1.2701,0.0018,9,0,9,0.742,54.4028,6.5716,3.3509,0.0007,0,0,0,0,0,9,0,0.0032,9,9,0.4787,0,0,0,9,0,0.0076,0,0.0375,0,9,0,0,0,0.0101,0.0006,0,0,9,0,9,9,0,0,0,0.0046,0,0,0.3877,0,0,0,0,0,9,0.0115,0,2.4215,0.0053,0,4.884,0,0,6.4225,0,0,0,0.0076,0.7913,8.69,0.0486,0,0.0528,0.0024,0,0.6331,0,0,0,9,9,0,0.0001,65.418,0,0.9183,0,15.2955,33.0396,21.4766,0,3.4589,0,0,0,0,9,5.4616,0,0,0,49.388,0,0,0.0313,7.3242,0,0.7168,0,0.2254,9,0.0379,0,0,0,0,0,0,0,0,9.1033
"Dominican Republic",1367.2856,81.7844,8.4449,16.1989,309.1847,0,34.5378,288.7315,1.7543,2.3162,0.8747,2.3756,0.7183,1.0422,1.0621,573.9802,1.6462,87.8676,11.5688,49.8371,10.9813,132.9632,273.7062,674.8723,1020.695,1.9933,0.5597,46.3657,28.3987,378.9569,3.403,0.8568,44.2658,175.7115,14.1458,73.5367,7.533,63.5424,104.3972,0.1271,59.3117,0,0,11.6627,222.0789,0,3.5323,141.5202,1.4505,7.9501,0.023,4.7954,5.1366,63.6746,0,1.2483,0.2147,0,0.033,0.3554,0,0,0.0467,1.1553,0.1009,1.445,9.0552,0.7205,59.9049,0.0681,0.1149,0.0468,36.7007,0.366,0.0289,0,0.0018,105.6394,42.2524,27.0658,82.3473,0.1484,0,0.231,9,0,0.0117,9,0,0.6233,9,0,0.1587,0.0078,9,0.004,0,0.0409,0.0038,2.2231,0.0207,9.2933,0.0289,9.2908,0,0.0364,0.044,0.0022,0.0756,9.0639,9,9.0114,9.0203,2.244,0,9,0.0918,0,0.0137,0,3.9289,10.3992,9,0.1005,0.1797,0.0267,9,0.1829,0,1.9101,0.3391,0.1667,0.1207,0.0099,0.0968,1.8473,3.5154,0.1384,0.2117,0.5679,0.108,26.0724,4.0013,3.7361,0,0.0613,0.0471,0.3804,0.1241,2.207,0,0,9,0,0.099,340.5664,0.002,330.7033,0,22.5432,307.0888,40.5931,0.1418,9.4734,1.5046,0.2599,0.0895,9,9,45.6714,0,0.0054,3.0402,5.5986,17.6089,0.0469,1.2128,22.3302,0,9.2492,0,16.1255,9,0,9,0,5.2537,0,0.0373,0,0,0,0
"Jamaica",1726.3005,277.0369,0.1258,3.3906,1.1447,34.5378,0,738.1886,5.6426,10.1527,1.2126,3.4409,1.2473,3.6798,2.1139,77.0314,9.5226,13.3603,23.8668,2.6381,5.7732,50.5003,43.2573,148.0366,496.0413,27.4427,13.8217,2.3428,2.0731,147.6755,0.0042,0.002,12.1851,23.4357,1.6309,117.2708,9.077,129.7998,20.2148,0.3191,42.8812,0,0,54.5379,39.5923,0,2.2319,44.9275,3.612,19.3067,5.8355,0.23,0.7531,19.2042,0,0.3338,0.0087,0.0021,0.0181,0.0273,0,0,0.1945,0.1866,0.0603,0.2153,0.0005,0.071,29.4453,0.1173,0.0014,0.09,0.1088,0.0495,0.0001,19.8938,0,39.6081,37.6101,123.3502,27.8963,12.8303,0,0,0,0,0,0,0.0415,0,0,9,0.0007,0.0317,9,0,0.0502,0.0292,0.0339,0.0572,3.0034,0,0,0,0,0,0.0093,0.0808,0,0,9,0,0,0.0027,0,0,0,0.0186,0.0413,0,7.7897,0,0,0,0,0,0,0.0173,0,0.0562,0.0108,0,0,0.4,0.1603,22.5766,0.0001,1.9344,0,0.0076,0.4763,15.343,0.0164,0.018,0,0,0.1866,0.3102,0.1663,0.0053,0,39.9,9,0,0.0247,125.0333,0,14.671,2.2995,21.4803,171.2292,25.1607,0,3.9886,1.2429,0,1.3267,0,0,30.186,0.1399,0,0.5248,9.7319,4.3258,0,1.1947,10.9452,0,19.5133,0,19.7335,0,0,0,0,4.1832,0,0,0,0,0,0
"Trinidad and Tobago",7046.1204,103.5576,66.5972,32.1177,12.8417,288.7315,738.1886,0,312.5241,42.2155,134.6832,133.0159,64.7761,51.1403,58.685,384.1887,21.7248,11.8223,12.2981,12.4136,2.5787,21.0148,26.265,128.8397,323.3601,213.1401,33.8183,50.6808,42.1248,577.6252,0.0109,0.0004,12.5192,31.9687,10.4513,134.7372,15.7212,8.0081,20.7478,1.7513,318.0656,0,0,7.7335,756.6747,0,13.3734,126.2861,3.847,9.9237,1.3295,8.2659,1.3443,71.5315,0,0.1827,0.0161,0.001,0,0.0353,0,0,0.5381,0.7045,0.1609,19.7395,9,1.6592,4.9722,0.0187,0.044,0.0945,12.3924,0.0013,0,0,0.0011,3.6341,31.9351,6.6567,17.3526,0.0009,0,0.0008,0,0,0.3048,0,19.8088,0.0051,0.0258,0,0.0016,0,0,0.0015,0.0143,0.4254,0.1488,67.6865,0.449,239.3544,0.0299,0,0,0,0,0.1203,0.3914,9,0,0.0001,9,0,0,87.1826,0.0209,0,0,0.1102,0.2292,0.0071,0,0,1.4731,0.0001,0.0593,0.0141,0,2.0785,0.0447,0.015,0.0182,0,0.4677,8.8207,0,0.013,0,0.0305,0,7.04,0.3599,0.0033,0.0022,0,0,0.5107,0,0.1208,0,0,9,0.0284,0.0335,179.56,0,15.4155,5.1861,25.6823,25.8823,68.8909,9,1.2522,1.9637,0.0125,1.57,0,0,68.5176,0.222,0.0004,0,16.1368,81.984,0,0.2938,1.4567,0,14.4721,0.0422,23.19,0,9,0,0,0.0857,0,0,0,0,0,0.0427
"Barbados",576.5707,46.9001,3.319,0.2511,1.287,1.7543,5.6426,312.5241,0,3.0716,8.155,19.7359,10.5264,11.006,11.7445,12.923,0.5257,1.0699,6.1652,0.686,1.5173,9.0844,1.5979,6.1823,2.5315,10.2914,15.8698,1.1165,0.8322,10.1896,0.6607,0.0441,2.276,2.3328,3.53,59.6835,4.1275,10.6954,5.9972,0.2929,25.8016,0,0,18.3695,1.4555,0,0.1165,20.6925,0.4656,2.9661,0.5525,0.7512,0.1554,13.226,0,0.3074,0.0107,0.0044,0.0045,0.0019,0,0.0085,0.0361,0.6341,0.4337,0.0591,0.0005,0.0904,0.0919,0.0004,0.0198,1.6732,0.2884,0.004,0.0157,0.0304,0,1.9445,19.8122,1.234,6.3671,0.228,0,0,0,0.0002,0.0086,0.0456,0.0031,0.0001,0.0005,0,0.0074,0,9,0.0295,0.1278,0.0187,0.0012,0.8374,0.03,0.0021,0.0091,0.0003,0.0006,0,0.008,0.0099,0.0035,0,0,0,0,0.0002,9.0157,0,0.0001,0.0548,0.0687,0.0335,1.1591,0.0185,0,0.0001,0.1232,0.0002,0.0016,0.0349,0.0011,0.0092,0.0021,0.0001,0,0.033,0.0324,2.7994,0,0.0805,0.0019,0.0075,0.1271,2.5186,0.0473,0,0.0003,0.0305,0,0.2527,0.0459,0.0003,0,9.0023,0,0.0085,0,55.0528,0.0003,5.9498,1.6116,12.046,59.4402,5.1996,0,0.301,0.0963,0,0.2587,9,0.0001,11.7694,0.0258,0.0026,0.353,3.2035,0.1403,0,1.0419,2.5192,0,4.1497,0,11.8471,0,0,0,0,0.1556,0,0.001,0,0,0,0
"Dominica",71.4,5.6954,0.0034,0,0.0016,2.3162,10.1527,42.2155,3.0716,0,3.9707,1.13,3.1722,8.1926,2.9539,0,0.0538,0.8712,0.0521,0.1154,0.0173,0.5944,0,2.0124,1.3413,4.3343,0.2947,0.0191,0.158,1.6985,0.0015,0.0231,0.1424,0.4905,0.0218,7.6876,0.1275,2.455,0.5768,0.0004,1.274,0,0,0.5714,0.1863,0,0.0812,2.6483,0.4503,2.1299,0.0161,0.4359,0,3.5014,0,0.0972,0.0211,0.0693,0.068,0.4244,0,0,0.135,0.0497,0.023,0.4534,9.067,0.0263,0.1898,0.0111,0.5996,0.0026,0.0148,0.0043,0.0323,0.0063,0,0.0132,0.2517,0.4742,0.8994,0.0196,0,0,0,0,0,9,0.0361,0,0,0,0.1166,0,0,9,9,0.016,9,0,0,0,0,0,0,0,0,0.2803,0.0206,0,0,0,0,0,0,0,0,0,0,0,0.0116,0,0,0,0,0.0043,0,0,0,0,0.0092,0.3942,0,0,0,0.3195,0,0.1688,0,0.107,0,0,1.5414,0.0954,9,9.0022,0,0,0,9,9.6072,9,9,0,0.0002,58.8629,0,2.9841,0.0896,15.1187,4.3477,2.7464,0,0.254,0,0,0.2237,9,0,1.3653,9,0,0,0.8323,0,0,0.0075,0.2315,0,0.4402,0,0.0619,9,0,0,0,0,0,0,0,0,0,9
"Grenada",78.36,6.259,0.2742,0.0586,0,0.8747,1.2126,134.6832,8.155,3.9707,0,2.4508,3.0474,4.1917,3.5303,0,0.0064,0.0422,3.3012,0.1338,0,0.299,0.0297,1.1482,0.5167,6.3205,0.0472,0.0204,0.0405,5.1813,0,0.0058,0.6807,0.5095,0.0095,12.735,0.2745,3.4839,0.1312,0,3.5761,0,0,0.0531,0.7612,0,0.0451,4.3538,0.2537,0.2399,0.0063,0.0113,0,7.4193,0,0,0,0.0072,0,0.0294,0,0,0,0.0397,0.0112,0.0008,9.0436,0.0003,0.0344,0,0,0,0.0087,0.0017,9,0,0,0.1118,1.0871,1.5018,1.4462,0,0,9,0,0,0,9,0,0,0,0,0,0.0378,0,9,9,0,0.5711,0,21.5868,9,0,9,0,0,0.0347,0,0.1008,9,9,0,0,0,0,9,9,0,0.0145,9,0,9,9,0,0,0,0,0,9,0,0.1251,0,0,9,9,0.1397,9,0,0,0,0,0,0.0828,0,9,9,0,9,0,9,0,0,9,0,0.0001,4.8318,0,0.7183,9,2.2134,9.141,0.7965,9,0.3783,0,0,0,9,0,1.3863,9,9,0,0.1343,0,9,0,0.2072,0,0.0224,0,1.8632,0,9,0,0,0,0,0,0,0,0,9
"St. Lucia",134.56,13.0096,0.1259,0.1695,0.0429,2.3756,3.4409,133.0159,19.7359,1.13,2.4508,0,3.9315,3.8853,1.238,0,0.3246,0,3.7838,0.0021,0,1.1652,2.379,3.8565,127.3009,9.8554,0.0189,0.0038,0.7254,4.4351,0,0,0.583,0.6127,0.1553,22.3872,0.2366,45.8888,2.7001,1.1724,127.6149,0,0,1.7879,1.0654,0,0.0195,6.663,0.0315,0.6144,0.0107,0.0135,0.0055,71.0574,0,0.3726,0,0,0,0,0,0,0.0129,0.0069,0,0.001,0,0.0143,0,0,0,0,0.0006,0,0,0,0,0.2227,1.2768,0.5324,0.763,0,0,0.0112,0,0,0.021,0.0035,0,9,0,0,0,0,0,0,0,0,0,0,0,0.0516,0,0,0,0,0.0009,0.005,0,0,0.0007,0,0,0,0,0,0,0,0,0,0,0,0,0.0011,0.2411,0,0,0,0,0,0,0.0008,0,0.0442,0.0281,0.2255,0,0,0,0,0.5997,0.0694,0.0061,0,0,0,0,0.4698,0,0,0,0,0,0,0,6.0471,0,0.3986,1.3636,2.417,25.1885,0.7396,0,0.3774,0.0823,0,0,10.9244,0,2.9339,0,0,0,0.2764,0,0,0.0084,0.9442,0,1.8598,0,2.5835,0,0,0,0,0,0,0,0,0.0006,0,0
"St. Vincent and the Grenadines",62.02,10.0201,0.0405,0.009,0.0228,0.7183,1.2473,64.7761,10.5264,3.1722,3.0474,3.9315,0,2.9717,1.313,0,0.116,0.0158,1.4382,0,0,0.3777,0,2.1195,0.2849,2.1992,0.0714,0,0.1272,2.8247,0,0,0.0866,0.309,0,2.9105,0.4175,6.696,0.4411,0,32.8698,0,0,4.1734,53.6718,0,0.0996,25.2452,0.0389,0.1015,0.0013,0.1539,0.1222,23.2989,0,0,0,0.0767,0,0.3623,0,0,0.1035,32.6552,0.0186,4.2753,0,0.5359,12.6093,0.0768,3.0979,1.2937,0.7415,0,0,9,0,0.0522,0.2854,0.4005,1.2511,0,0,0,9,0,0,0,0,0,0.0001,0,0.4566,0,0,0,0.0034,0.0024,0.1374,0.0005,0.0099,0,9,0,0,0,0,0,0,0,0,0,0,9,0,9,9,0,0,0.0009,3.4954,0.0003,0,9.0002,0.0086,0.1649,0,0,9,0,0.0068,0,0,0,0.0012,25.5112,0,0,0.0068,0,0.0032,0,0.0341,0,0,0,0,0,0,0,0,0,0,0,9.0013,16.3251,0,0.2595,0.109,0.6384,14.1953,19.9309,9,0.4165,0.0453,0,0.0576,0,0,1.2498,0,0,0,0.183,100.2118,0,0,2.6185,0,0.5125,0,0.7658,0,9,0,0,9,0,9,0,0,0,0
"Antigua & Barbuda",188.3,62.235,0.152,0,0,1.0422,3.6798,51.1403,11.006,8.1926,4.1917,3.8853,2.9717,0,2.2527,0,0.5611,0.0211,1.0434,0,0,0.4597,0,1.8641,20.06,8.3916,0.2958,0.1292,0.7899,5.6354,0.0005,9,0.5611,0.4044,9.5897,28.9126,1.3529,3.9316,0.2999,0.0006,13.7217,0,0,5.0039,1.6703,0,29.7629,43.3774,6.1749,0.5954,0.1712,0.0032,0.0019,9.5925,0,0.0063,0.0284,0,0.0411,0.0331,0,0,0,2.2723,0.0176,3.7022,0.0182,0.0958,0,3.5466,1.2267,0.7332,0.0003,0,9,0,0,16.8228,1.8063,17.0957,0.5632,0.1003,0,0,0,0,0,0,0,0,0,0,1.7023,0.0037,9,0,9,0.0262,0,0,2.3259,0,0,0,0,0,0,0,0.0906,0,0,0,0,0,0,0,0,0.0002,0,0,5.3427,0,0,0,0,0.1536,0,0.0149,0,0.0735,0.0049,0.0156,0,0,0,1.1314,0,0,0,0.0569,0,0,0,0,0,9.0083,0,0,0,0,0.9913,0,0,0,0,161.056,0,0,0,5.87,0,0.4707,0,0.0176,0,0,0,9,0,0,0,0,0,0.8075,132.7511,0,0.0063,0.7174,0,0.4276,0,0.7479,0,0,0,0,0,0,0,0,0,0,0
"St. Kitts and Nevis",130.23,0.3722,0.0258,9.0005,0.0462,1.0621,2.1139,58.685,11.7445,2.9539,3.5303,1.238,1.313,2.2527,0,0,0.0166,0,0.0535,0.0005,9.0045,0.2152,11.6635,0.3263,0.246,0.3614,0,0.0384,1.2588,1.9269,0.0002,9,0.0611,0.2895,0.0833,16.0625,0.176,3.1344,4.6688,0,2.9194,0,0,1.5105,17.6313,0,0.4961,5.061,0.2893,0.6624,0.0371,0.7717,0,5.0536,0,0,0,0,0.0023,0.017,0,0,0.002,0.2868,0,1.1689,0,0.0003,2.2481,0,0.0062,0.2025,0.4322,0.4554,0.0043,0,3.036,3.3283,0.7527,0.5423,2.489,0,0,0,0,0,0,0,9,9,0,0,0.0049,0,0,0,0,9,9,9,0.0987,9,9,9.0029,9.0002,0,0,0.0148,0.0646,9,9,0,0,0,0,0,0,0.0032,0,0,0,0.0022,0,0,9.0067,0,0,0,0,0,0.0045,9,0,0,9.0052,0.2489,0,0,0,0.8976,9.0018,0.1306,9,0,0,9,9.0483,9.0033,0,9.0497,0,0,9,0,0.0592,0.8651,0,0.4866,9.5803,0.5779,12.221,1.1979,0,13.1381,0,0,0,0,0,9.2225,9,9.0009,0,0.0732,0.056,0,0.0001,0.2381,0,0.265,0,0.0653,9.0001,0,0,0,9,0,0,0,9,0,0
"Mexico",57173.36,7429.8562,13.2921,166.114,0.2484,573.9802,77.0314,384.1887,12.923,0,0,0,0,0,0,0,87.3006,559.6685,129.9984,536.0602,319.762,285.7566,103.6166,1410.8522,738.2375,0,1.0152,280.2496,138.4156,4672.7097,7.0176,28.2172,1669.7362,867.45,215.382,390.0122,856.4699,714.1509,129.6495,40.908,2212.3338,0,0,1140.1244,650.7466,0,51.7801,6964.0482,128.7212,449.2621,237.2107,65.6683,42.4458,4153.1564,0,3.6665,1.2746,0.4827,1.95,18.6701,0,0,27.3773,10.2034,2.2562,33.8781,0.6956,22.8335,403.6554,1.4593,0.7597,12.5535,393.6553,4.1591,0.6939,5.2442,0.5547,216.7629,966.0034,200.9501,200.7312,4.2783,0,0,0,0,0,0,0.3333,0,0,0,12.7996,0,0,1.333,0,0,0.0526,0,94.7121,0,0,0,0.6604,0,0.0533,2.7881,0,0,0,0,0,0.0648,0,0,14.5476,0.6735,0.1582,0,95.287,9,0,0,0,0.3683,0,0.8656,0,144.6102,35.3983,10.7743,30.5752,7.075,27.2632,135.4581,0,64.0951,0,11.3877,8.2728,438.6843,75.9015,0,22.0489,0,55.9523,0,8.136,0,0,9,0.49,0,48.1835,24717.5573,0.7795,5029.6253,0,10945.465,13986.7081,621.507,0,95.2777,17.5109,0,75.2614,0.0539,0.3602,1730.0899,8.2587,0,266.9,4706.2012,1631.286,0,1312.055,833.8461,0,115.2591,0,284.1876,0,0,0,0,0,0,0,0,0,0,0
"Belize",106.68,0.5232,0.6372,56.5044,0.0215,1.6462,9.5226,21.7248,0.5257,0.0538,0.0064,0.3246,0.116,0.5611,0.0166,87.3006,0,50.8453,5.62,10.3907,3.9043,12.7962,0.4822,1.0382,1.0481,0.3482,0.0049,0.0611,1.0556,4.187,0,0.0022,2.0778,2.0829,0.2536,49.9209,1.6682,7.781,1.9192,0.271,1.3569,0,0,1.6973,4.3832,0,9.2754,7.6047,1.8878,2.7753,0.3999,1.5142,0.0006,2.8403,0,0.0025,0,0.0009,0,0.1799,0,0,0.9657,0.4051,0,3.349,9,0.0043,25.5039,0.3872,0.6964,2.6026,0.8522,0.3286,12.1236,0.332,0.0384,1.2299,0.249,2.1826,1.755,0,0,0,0,0,0,0,0,0,0,0,15.9549,0,0,0,0,0,0,0,11.2541,0,9,0,0,0,0,0.081,0.1056,0,0,0,9,0,0,0,0,0.0887,0,0,2.4706,0,0,0,0,0.0261,0,0.1303,9,0,0.0118,0.0082,0,9,0,0.1239,0,0,0,0.4464,0,0,0,0.0003,0,0,0,0,0.0009,0,0,0.1,9,0,0.1197,31.7729,0,2.034,0,3.5046,2.295,2.407,0,0.1856,0,9,0,0,0,0.0392,0.1186,0,0,0.7675,0,0.1108,0.0932,0.4999,0,2.0465,0,0.4106,0,0,0,0,0,0,0,0,0,0,9
"Guatemala",924.8787,78.828,37.5307,9.0952,13.4302,87.8676,13.3603,11.8223,1.0699,0.8712,0.0422,0,0.0158,0.0211,0,559.6685,50.8453,0,331.513,86.2213,142.5761,158.7312,318.0603,176.1762,36.1011,0.2507,0.4199,118.794,29.1054,384.1638,0.2033,0.2906,159.2316,206.1202,6.2756,2.5884,6.9125,5.9773,66.118,0.3725,30.6642,0,0,30.9122,73.9204,0,0.6098,120.804,0.2437,3.477,0.1705,1.1296,0.1741,72.3008,0,0.0508,0.0755,0,0.493,0.4177,0,0,0.029,0.7231,0.0021,0.6491,0.0461,0.5928,61.0389,15.7685,8.2421,4.6547,37.5653,1.5369,0.0337,0.0229,0.0554,1.3866,69.8317,50.6771,6.853,0.232,0,0,0,0,0,0.0029,0.0711,0,0,0.0311,0.0885,0,0.0173,0,0,0,0.0129,0.1507,17.8857,0,0.055,0,0,0.0312,0.0088,0.1682,0.0073,0,0,0,0.1074,0.0738,0,0,0,0.0016,0.0003,0.0091,7.9067,0,0,0.0028,0.029,0.0016,0,0.0476,0.22,0.6652,4.8055,8.7483,1.9272,0.4736,0.01,9.1336,0.7641,0.9027,10.8273,0.6274,2.3377,37.4778,27.1929,0.2162,2.1716,0.0858,0.7517,6.0608,0.4617,0.2008,9,0,0,0,0.0088,743.0631,0.0302,127.9229,3.5411,483.3432,221.8178,70.7194,9,13.6959,2.2625,0,0.7243,9,0.7532,53.5004,0.0341,0,2.4486,8.9884,6.6213,0,3.7636,0.2768,0,12.8883,0,24.1174,0,0,0,0,0.0417,0,0,0,0,0,0
"Honduras",1790.2109,77.9193,0.5006,8.7595,2.5072,11.5688,23.8668,12.2981,6.1652,0.0521,3.3012,3.7838,1.4382,1.0434,0.0535,129.9984,5.62,331.513,0,42.8612,32.4524,213.4525,247.5112,59.7143,42.3611,0.0072,0.1726,127.8439,24.9202,127.1472,0.2416,0.0715,56.6138,92.1114,2.5802,31.5655,0.1589,40.8521,108.7363,0.0359,1.0544,0,0,4.6136,10.8157,0,8.3249,104.4374,0.7485,1.0115,1.0547,1.3117,0.1763,15.1304,0,0.0051,0.198,0.0377,0.0004,1.1742,0,0.0079,0.3527,0.7958,0.1009,0.5724,0.0194,17.6963,28.1751,0.1118,0.0867,0.004,4.1768,0.2756,0.1147,0.1042,0,4.0005,33.7322,2.2087,2.6537,1.4644,0,9,0,0,0,0.4691,0.0128,0.0301,0.0181,0,0.0122,0.0134,0,0,0,0.0793,0.0075,0.0392,3.0539,0,0.0203,0,0.017,0,0.0407,0.2842,0,0.0043,9,0,9,0.0139,9,0.0144,0.0067,0.0359,0.0066,0,0.3562,9,0,0,0,0,9,0.0143,0,46.2428,0.189,0.4024,0,0.0391,0.0036,1.922,0.0281,0.065,0.1343,0.4284,0.0663,6.0997,0.3283,0,0.1357,0.0731,0.0572,0.2963,0.0966,0.0563,0,9,0,0.0426,0.0199,138.7594,0,32.2052,29.1644,19.6285,110.9139,26.4914,0.07,0.8637,0.1923,0,0.3167,9,0,18.0357,9,0,0.3858,5.9444,0.2567,0.0311,1.5748,3.0067,0,1.5652,0,5.1082,0,0,9,0,0,9,9,0,0,0,9
"El Salvador",799.542,3.7976,0.6936,8.1423,4.165,49.8371,2.6381,12.4136,0.686,0.1154,0.1338,0.0021,0,0,0.0005,536.0602,10.3907,86.2213,42.8612,0,5.5561,113.4061,145.7152,82.8368,129.782,0.0961,0.1044,155.4959,27.9016,280.1909,0.2004,1.046,132.5504,126.0244,26.0127,31.0343,5.9218,20.1107,7.5113,1.0476,31.8791,0,0,32.4136,32.4692,0,10.4299,32.6222,0.1518,4.048,0.2525,8.3267,0.0628,62.7891,0,0.0006,0.0055,0,0.0004,0.598,0,0,0.049,0.3842,0.0125,0.1053,0,0.4816,51.4743,0.0021,0.0939,0.027,5.9157,1.4477,0.0335,0,9.3504,34.2935,40.2992,18.8362,10.2101,0.0651,0,9,0,9,0,0,0,0,0,0.0877,0.0066,0.0011,9,9.0014,9,0,0,0.0157,4.9699,0.0001,0.0024,9,9.0003,0,0,0.0106,0.0047,9,12.2105,9,0,9,0,0,0.0072,0,0,0,0.8227,0,0,0,0,1.0681,0,0.0262,2.691,0.0597,0.4246,0.0842,0.7694,0.0451,0.0001,3.242,0,0.0823,0,0.0224,0.0632,10.0808,0.0282,0,0.001,0.013,0,0.1458,0,0.3348,9,0,9,0,1.1189,439.9953,0,0,4.9979,113.5184,131.6617,19.0214,9,19.8185,0.6665,9,0.5965,0,9,21.7448,0.2339,0,1.281,9.9116,7.9788,0,0.8991,4.8438,0,16.6909,0,18.517,9,0,0,0,0.0068,0,0,0,0,0,9
"Nicaragua",943.5457,41.2138,0.0465,0.5708,4.6741,10.9813,5.7732,2.5787,1.5173,0.0173,0,0,0,0,9.0045,319.762,3.9043,142.5761,32.4524,5.5561,0,187.8524,16.6695,12.0194,211.0668,0,0,75.15,4.4755,93.1053,0.0565,0.7461,37.9166,69.3891,1.2015,11.3311,4.5083,0.2415,2.8977,0.1662,8.9138,0,0,6.7524,1.7489,0,0.3796,7.871,0.2986,0.2402,0.1608,0.3453,0.0147,3.0167,0,1.0212,0.0417,0,0.0054,0.1237,0,0,0.0285,0.2493,0.0202,0.0356,0,0.9693,10.3739,0.0206,1.0591,0.1224,11.8289,0.1737,0.0059,9.0091,0,7.0146,7.4638,0.824,1.9221,0.2682,0,0,0,0,0,9,0.0049,0,0.009,0,0.0059,9,9,9,0,0,0,0.0092,0,9,0,9,0.0041,0,0.0019,0.0088,0,9,0,0,0,0,0,9,0,0.0296,0.0201,9,0.0004,0,0,0,0,0.0065,9,0.0501,9,0.0158,0,0.1348,0,0.0004,0.0308,1.8315,9,0.1778,0.0005,0.7468,0.0115,8.0218,0.0229,0.1925,9,0.0001,0,1.9939,0,0,0,9,0,0,0.1172,216.5486,9.0052,11.2219,2.4288,43.6464,101.1829,20.6655,9,0.431,0.448,0,0.6549,9.0039,0,15.7035,0.1227,9,3.3446,18.8191,2.7578,0,1.8626,7.137,0,2.7215,9,7.2903,0,0,0,0,0,9,0,0,0,0,9
"Costa Rica",493.115,286.756,6.3311,9.8982,11.0172,132.9632,50.5003,21.0148,9.0844,0.5944,0.299,1.1652,0.3777,0.4597,0.2152,285.7566,12.7962,158.7312,213.4525,113.4061,187.8524,0,75.9956,221.1531,521.181,5.5112,0.5608,6.4997,11.5534,264.5089,0.4505,0.1376,208.4965,47.3886,5.7015,871.7381,486.0106,1682.1255,321.8498,1.5977,188.9062,0,0,32.1762,78.7386,0,38.5255,37.9987,1.0765,8.1171,5.8861,5.6973,0.8109,25.3457,0,0.2014,0.6297,0.1386,0.775,2.7973,0,0.018,9.144,3.1344,0.0096,2.1712,0.1626,14.4818,1.4102,10.9509,22.2287,0.1032,5.7901,2.7904,0.8259,0.4613,0.3143,6.5447,42.5888,45.3966,5.3218,2.3568,0,0.0318,9.0001,0,9.0693,0,0.0445,0.0003,0.0059,0,0.0839,0.0196,0.0118,0,0.0002,0.039,0.0034,5.3336,0.0001,0.0065,0.0149,0.0031,0.0122,0.0719,0.0096,0.2832,0.0597,0.0037,0.0018,0,0.0082,0.0438,0,0.0396,0,0.0012,0,0.5055,25.3861,0.0024,0.0003,0.0203,0.3028,0.0631,0.0028,0.3281,0,0.3963,4.7737,0.9946,0,0.005,0.083,36.8997,0.0059,0.6,0.0305,1.2544,0.1849,36.9178,0.7657,0.0302,0.0497,0.0188,0.6314,0.1995,0.0382,0.0153,9,9.0002,0,0.0026,0.4548,1480.3087,0.1397,79.0549,2.3859,188.4952,300.9535,14.5714,9.0059,10.0741,0.6346,0.3875,0.4068,0.1181,0.0299,11.7306,0.0231,0.0033,0.4106,371.4446,183.7578,9.0066,12.0231,6.7751,0,30.2587,0.0059,0.9609,0,0,0.0008,9,0.1218,0.001,0,0,0,0,0
"Panama",854.0954,7.1282,1.0286,18.8967,1.8317,273.7062,43.2573,26.265,1.5979,0,0.0297,2.379,0,0,11.6635,103.6166,0.4822,318.0603,247.5112,145.7152,16.6695,75.9956,0,74.2629,1421.1989,0.0597,5.0317,449.5467,6.9897,130.4051,6.5902,0.7695,3.2014,58.6226,12.535,5.236,6.4109,58.2701,10.1394,0.1181,5.0245,0,0,52.786,503.7825,0,2.1297,180.9789,66.4203,2.3315,0.0389,1.5611,0.2809,100.8914,0,0.0174,0.4526,0.9272,0.4885,44.6351,0,9,0.0535,24.6038,0.0291,0.6715,3.482,0.7882,20.2578,0.1413,2.955,2.1215,24.2265,0.1197,0.0802,0.3835,1.1032,9.1747,2.7757,7.1268,6.9644,0.7702,0,9,9,9,0,0,0.1972,0.0136,0,0,189.3707,0,9,9,0,0.3436,0.1077,0,0,0,9,0,0,0,0.3932,0.6704,0,9,0,9,0,0,0,0.0492,0,0.0134,0,0,10.162,0,0,0,0,0.4259,0,1.9532,0,0.0177,1.0529,0.1197,0,0.016,0.023,7.2766,0,0.0396,0,0.0031,0.4251,10.8461,0.074,0.0202,0.0782,0,0.1611,0.0015,0,0,0,0,0,0,0.9613,154.7122,0.1653,1.3372,0,81.4406,194.9231,280.9881,9,0.7939,0.2158,9,0.2408,0,9,2.4892,2.7496,9,53.6414,13.7023,0.4602,0,13.4092,19.3578,0,1.9693,0,22.0547,9,0,0,0,0,0,0,0,0,0,0
"Colombia",3048.9658,134.2812,17.1433,48.0318,72.5319,674.8723,148.0366,128.8397,6.1823,2.0124,1.1482,3.8565,2.1195,1.8641,0.3263,1410.8522,1.0382,176.1762,59.7143,82.8368,12.0194,221.1531,74.2629,0,1666.0114,5.1523,4.4775,868.1989,493.2446,1563.0967,50.3956,11.5127,117.8934,513.5928,24.5963,365.4245,49.1146,511.6375,478.5121,1.8691,184.9991,0,0,69.7755,265.3203,0,176.5122,438.3839,11.5285,95.5164,8.7594,9.6251,2.2526,232.3785,0,0.6384,0.5181,0.2232,0.5689,31.8066,0,0.0813,6.663,11.3399,0.0203,4.7074,0.3001,1.1774,26.0532,2.2689,0.3928,2.5978,42.7531,1.124,0.0008,0.0341,0.0126,150.3859,74.4896,21.5986,83.4977,3.6314,0,0.0024,0,0.0015,0.1264,0.0413,10.5862,0.1821,0.0193,0.1116,0.2091,0.0003,0.0177,0.1868,0.0009,1.6924,0.0106,1.1662,3.9924,0.1743,1.7545,0.0889,0.8028,0.0011,0.1436,0.2291,0.3134,0.0245,0.0317,0,0.221,0.0171,0.3619,32.0898,0.0016,0.0217,4.5882,0.1985,12.5183,0.0007,0,0.0054,0.1018,0.1246,0.0007,0.3509,0,6.3484,2.674,0.7202,3.7251,0.0201,0.4148,181.6094,0.1097,2.6163,12.4584,1.8063,0.5718,339.5452,1.6347,1.1655,1.1028,2.591,0.7069,4.0506,0.294,0.3292,0,0.0011,0.0089,0.0831,0.1622,1934.6649,0.0353,178.2242,4.5058,534.5866,563.305,277.2516,0.0068,24.8858,0.2244,0.0342,3.9449,0.0054,0.0129,111.244,0.1207,0.0152,25.2047,133.0371,66.8724,0.0041,6.167,111.9494,0,3.9745,0.0022,0.0884,0.0506,0.001,0,0,0.3486,0,0,0,0.0078,0,0.001
"Venezuela",29035.0932,736.4522,458.3225,2309.4208,14.9705,1020.695,496.0413,323.3601,2.5315,1.3413,0.5167,127.3009,0.2849,20.06,0.246,738.2375,1.0481,36.1011,42.3611,129.782,211.0668,521.181,1421.1989,1666.0114,0,25.6929,51.1236,164.999,114.853,2429.6378,28.8425,142.3322,311.5322,821.2888,3.8973,881.6369,61.1508,766.6194,246.8126,6.5802,293.1499,0,0,240.803,1692.0201,0,249.8715,57.613,32.0264,36.8787,3.2056,25.7528,2.4242,299.2595,0,7.4776,0.5277,0.0032,5.4312,13.0101,0,0,16.6021,49.4737,40.0342,9.2868,0.0003,10.9625,3.1685,4.8153,0.096,65.6485,15.6961,5.929,0.0005,0,0.3973,55.682,264.1414,28.2475,74.4458,10.223,0,9,0,0,0,0,4.5679,1.4465,0,0,163.519,0.1133,0,0,0,0.0495,2.3142,1.525,0.0373,0,0.13,0,0,0,0.014,0.0614,0.163,9,0.757,0,0,0,0,0.0103,0,0.039,0,0,42.459,0,0,0,0,0.0008,0,0.001,0,25.0394,0.4254,4.1441,0.0088,0.247,30.3665,48.7017,1.5162,2.4588,33.6586,6.6168,0.437,16.161,8.5522,0.0201,0.2407,0,16.9775,10.398,0.0032,0.285,0,11,0,0,2.1983,752.573,9.001,0,3.5118,920.264,684.4392,424.4236,0,12.4646,0.219,0,0.0018,0,9,60.0968,0.0005,0,10.986,25.5955,214.7517,0,4.8061,63.5028,0,11.9948,0,50.9822,0,0,0,0,0,0,0,0,0,0,0
"Guyana",56.53,114.3221,0.0214,38.2572,3.691,1.9933,27.4427,213.1401,10.2914,4.3343,6.3205,9.8554,2.1992,8.3916,0.3614,0,0.3482,0.2507,0.0072,0.0961,0,5.5112,0.0597,5.1523,25.6929,0,5.5566,1.0762,1.9575,21.4714,0,0,0.3369,2.4658,0.0593,23.7481,0.7775,2.625,29.2136,1.177,22.4134,0,0,0.6939,3.0863,0,48.7646,1.5819,0.4684,0.0866,0.0172,0.572,0.0432,6.4254,0,0,0,0.0033,0,0.0787,0,0,0.2529,0.1012,0.0597,0.0031,9,0.2539,0.0212,0.0001,0.0085,0.0001,11.4644,0.0001,0,9,9,6.8513,8.2741,0.2935,1.7691,0.0003,0,0,0,0,0,9,0,0,9,0,0,9.2346,9,0,0,0.6679,0,0,1.5712,0,0,0,0,0,0.0033,0,0.1238,9,0,0,0,0,0,0,0,0,0.0001,0,0.7389,0.4823,0,0,0,0.0026,0,0.0176,0,0.0033,0.0023,0.1478,0,0,0.0163,2.1576,0,0,0,0.0716,0,8.09,0.866,0,0,0.0012,0,0,0.0726,9,0,0,0,0,0.0049,69.5099,0,4.4052,13.477,5.0555,23.9024,2.461,0,1.0527,1.477,0,0.0223,0,0,3.3966,9,0,0,11.3506,3.8972,0,0,1.7734,0,1.0379,0.0122,5.7769,0,0,0,0,0,0,0,0,0,0,0
"Suriname",97.9271,207.1002,0.024,0.0486,1.1754,0.5597,13.8217,33.8183,15.8698,0.2947,0.0472,0.0189,0.0714,0.2958,0,1.0152,0.0049,0.4199,0.1726,0.1044,0,0.5608,5.0317,4.4775,51.1236,5.5566,0,0.0223,0.2679,22.3797,0.0262,0.02,0.198,1.0345,0.1422,1.0932,3.713,38.9353,135.7233,0.2968,114.1097,0,0,0.5268,1.8381,0,1.593,5.7454,0.0539,0.0202,0.0276,0.0238,0.0579,0.0674,0,0.0028,0.0195,0.001,0,0.0086,0,0,0.0137,0.019,0.087,0.0082,9,0.0483,8.7133,0,0.0235,0.0162,0.0003,0,0.003,9,0,0.0016,0.2967,312.0091,0.0824,56.6124,0,0,0,0,0.0012,0.0142,0,0,9,0.0033,0.0353,0,9,0.0289,0.0025,0.0139,0.0023,0,0,0,0.3084,0,0,0,0.0891,9,0,0,0,0,0,9,0,0,0,0.0036,0,0,0.1243,0.0155,0,0,0,0.0151,0,0.0001,0,0.0331,36.4127,0.0034,0.0299,0,0.0003,1.0557,9,0.0018,0,0.0127,0,0.0104,0,0,9,0,0,9.3173,0,9.0006,0,0,0,0,0.0048,12.2611,0,1.2459,1.1472,0.0365,4.9526,0.3856,9,0.0945,0,0,0.01,9,0,2.2774,0,0,0.1449,0.446,0.4164,9,0.0116,0.725,0,0.2159,0,0.097,9,0,0,0,0,0,0,0,0,0,0
"Ecuador",4833.1877,26.4812,1.3293,6.7104,0.784,46.3657,2.3428,50.6808,1.1165,0.0191,0.0204,0.0038,0,0.1292,0.0384,280.2496,0.0611,118.794,127.8439,155.4959,75.15,6.4997,449.5467,868.1989,164.999,1.0762,0.0223,0,820.9969,850.5285,4.1873,8.4617,117.1766,344.2355,58.6029,16.3496,9.9944,0.0825,199.5482,0.4852,51.5805,0,0,5.3537,206.8548,0,17.2951,50.7755,44.0442,7.8869,0.8497,1.8929,0.2242,222.4143,0,2.3278,9.6466,3.4995,6.8921,19.8575,0,0,3.1496,26.8067,0.0517,11.4924,2.3708,65.7975,367.8051,17.6934,11.1279,8.4527,16.4667,6.2093,3.6907,1.7792,3.1344,52.0485,10.5022,13.248,7.1671,0.6228,0,0,0,0,0,0,0.0087,0,0,0,0.3764,0.0122,0,0.0278,0.0032,0.7986,0.1338,0.0089,65.1204,0.0349,0.0223,0,18.8996,0,0.2306,0.156,0.0418,9,0,0,0.0797,0.0064,0,42.1335,0,0,0,0,5.2465,0.019,0,0,0.0004,0.204,0.0112,0.1081,0,1.1069,15.0942,4.5355,0.0442,92.11,6.0049,38.9201,0,3.4509,1.6092,0.055,0.1947,30.1662,53.9294,0.0012,0.686,0.1109,32.8946,1.3633,0.051,0.0922,0,0,0.74,0.079,12.3178,733.4921,9.0098,102.7491,0.2837,465.041,259.8439,7.5528,0,2.545,1.1204,9,2.7901,0,0.0063,160.6699,0.195,0,4.9595,13.8902,0.0146,0,2.4898,21.8943,0,5.0035,0.0179,20.4051,0.0244,0.0002,0,0,0.0002,9,0,0,0,0,0
"Peru",3465.2588,1750.0941,3.4131,3.1034,43.495,28.3987,2.0731,42.1248,0.8322,0.158,0.0405,0.7254,0.1272,0.7899,1.2588,138.4156,1.0556,29.1054,24.9202,27.9016,4.4755,11.5534,6.9897,493.2446,114.853,1.9575,0.2679,820.9969,0,771.9417,54.6481,119.7511,502.3943,731.777,20.938,308.6008,22.0412,417.4984,309.8871,1.4609,47.4501,0,0,54.3502,563.6457,0,14.3023,275.3953,36.6047,39.0177,5.4237,8.2565,5.0363,453.9632,0,0.0607,0.0484,0.0684,0.219,2.1126,0,2.0423,0.1552,18.9619,0.2158,121.8193,0.1467,2.2145,53.3484,0.9664,4.798,6.7473,22.6557,4.6004,0.0181,0.0384,0.0153,109.7125,45.6562,125.8247,58.7082,0.4117,0,0,0.0761,0.0968,2.074,2.3077,6.2855,0.0151,0.2832,0.0059,0.0983,1.72,1.3925,0.9655,0.0162,2.3712,0.2873,3.64,267.6965,0.8192,0.945,0,1.5099,1.1559,0.0011,0.0364,0.625,0.0001,0.0014,0.0006,0.0011,0.0376,0.0004,60.0575,0.1025,0.1087,0.2012,0.001,23.0926,0.0007,0.001,0.0019,0.2837,1.0218,0,0.6177,0.0359,1.031,15.6872,0.4851,0.2499,0.4989,0.5666,50.2572,0.0002,0.6735,0.8772,2.2239,0.0871,30.5485,7.6199,0.1373,1.0271,0.2515,4.5059,2.7333,20.903,0.0618,0.0003,0.1126,0.3113,0.2394,30.8555,1218.7318,0.0048,231.8907,23.9618,268.0933,732.1247,49.8476,0,6.1607,0.107,0.0003,5.0864,0.0001,1.6846,4.0046,0.2228,0.0091,15.7484,126.8796,0.3164,0.0018,14.8524,34.2454,0,15.0045,0.3611,10.9143,0.0208,0.0276,0,0,0.6005,0.1448,0.0055,0,0,0,0.2426
"Brazil",11689.458,1994.0402,1599.4554,342.8273,72.6252,378.9569,147.6755,577.6252,10.1896,1.6985,5.1813,4.4351,2.8247,5.6354,1.9269,4672.7097,4.187,384.1638,127.1472,280.1909,93.1053,264.5089,130.4051,1563.0967,2429.6378,21.4714,22.3797,850.5285,771.9417,0,1006.0911,739.2581,1081.9073,2887.2089,426.6628,1955.7396,168.2256,4646.2128,1887.2923,21.2308,102.9793,0,0,842.8683,1098.8136,0,1199.1088,670.8003,107.6279,352.29,10.9337,185.8913,1.6491,1489.1934,0,21.1942,28.3027,14.7225,37.3437,138.1746,0,15.6341,120.8284,136.7431,127.1741,413.4963,12.3435,534.0636,1947.7782,7.3406,12.2946,30.1117,113.601,33.2822,14.5724,45.2568,0.1027,1.5283,501.9468,237.8826,9.0904,2.1044,0,0.8575,4.161,90.7897,46.4921,8.4981,82.3101,36.7308,80.6923,2.6324,44.2935,32.045,25.742,12.4362,38.3411,242.8942,8.6796,112.6013,2826.6338,29.6328,4.3273,1.5727,283.0183,192.6584,8.176,41.6333,20.3241,0.2317,0.4314,67.6784,8.3024,58.2869,7.3141,408.8166,22.0942,1.8153,7.7785,1.0385,1036.3968,12.4726,0.0447,3.6831,0.22,6.3783,2.6674,5.2489,0,89.1928,1649.9577,119.0371,216.4837,149.5804,652.5483,757.4831,482.6691,716.7789,179.3762,219.0354,103.6026,311.6747,144.6912,312.6602,183.392,114.4311,140.7321,767.3729,77.3346,2.8027,10.3641,0.1172,7.0622,5.1405,142.2139,4473.4887,2.3138,1164.5094,30.2907,710.1916,825.0361,654.3072,0.0284,180.3673,92.8187,2.0597,17.7329,2.7562,15.8721,68.4941,0.0235,0.0279,63.4922,299.4095,592.5393,16.1331,170.7691,199.9889,0,130.0735,20.2593,50.8633,0.0137,0.6985,0.0888,0.0006,0.8529,0.2637,0,0,0.0006,0,0.7659
"Bolivia",31.2401,23.8916,0.0039,6.2954,0.3063,3.403,0.0042,0.0109,0.6607,0.0015,0,0,0,0.0005,0.0002,7.0176,0,0.2033,0.2416,0.2004,0.0565,0.4505,6.5902,50.3956,28.8425,0,0.0262,4.1873,54.6481,1006.0911,0,4.6074,175.8241,130.5717,5.007,16.1382,1.0074,34.3981,6.3068,0.451,17.4906,0,0,10.1037,17.4205,0,0.2847,40.5842,0.1432,3.3785,0.7308,1.3704,0.5662,8.6206,0,0.0776,0.0683,0.0004,0.0004,0.2128,0,9.0018,0.1222,0.0752,0.0001,0.0733,0.0011,0.1034,0.7232,0.0917,0.0575,0.2708,2.4797,1.3058,0.0001,9.0015,0,5.121,54.3659,0.4224,3.1745,0.0043,0,9,9,0,9,9.0001,0.0034,0,9.001,0,0.0199,0,9,0.0057,0,0,0.0073,0.0023,0.0087,0,0.0008,9,0.001,9,0.0014,0,0.0001,0,0,0,9,0.1263,9,0,0.0104,0,0.0389,9,1.1684,0,0,0.4662,0.9573,0,0,0.0043,9,0.0841,0.3586,0.122,0.0979,0.0002,0.0608,0.6982,0.0006,0.1198,0.1608,0.0051,0.0074,4.1263,0.04,0.0104,0,0.0007,0.0066,0.0333,0,9.0286,9.0002,9,9,0,0.0238,179.6075,9.0001,13.2277,0.3472,138.7237,54.2762,13.5537,9,0.2014,0.1582,0.0086,0.645,0,0,3.1892,9.0193,9.0011,1.4628,3.7711,1.7705,0.0002,0.4369,6.0675,0,2.4667,0,0.6367,9,9,9,9,0,9,9,0,0,0,9
"Paraguay",280.8596,6.7757,0,0.0195,0,0.8568,0.002,0.0004,0.0441,0.0231,0.0058,0,0,9,9,28.2172,0.0022,0.2906,0.0715,1.046,0.7461,0.1376,0.7695,11.5127,142.3322,0,0.02,8.4617,119.7511,739.2581,4.6074,0,119.2887,255.2807,332.8517,20.8433,0.989,65.2499,0.8251,0.0919,22.8553,0,0,188.3551,33.6348,0,9.9744,8.7663,0.4333,6.8724,0.4999,0.6958,0.1468,80.477,0,0.0032,2.1318,0.0026,0.005,1.3179,0,0,0.661,22.9959,0.0083,0.0194,0.0836,0.1812,224.5245,0.0204,0.1143,0.0396,0.2186,0.0013,0.0014,0,0.2921,2.6119,25.211,0.7173,1.4174,0.0423,0,9,0.0498,0.0931,0,9,0.2348,0,0.0164,0.282,0.2902,9,0,0.2469,0,0.4756,0.0134,0.0443,0,1.0402,0,0,0.072,0,0,0.428,0,0,9.024,9,9,0,0,22.1327,0.1288,0,0.0176,0,6.4277,0.0384,0.0034,0,0,0.0671,0.1343,0.1254,9.4862,0.9192,0,2.0737,0.0002,9,0.8508,11.0541,0.0982,2.4923,1.0535,7.8807,0.0604,8.9411,4.2108,0.0006,0.2145,0.4531,0.0046,1.2834,0,0,0,9,0,0,0.0171,1291.4378,0,55.6865,23.4679,89.1358,178.9545,13.8315,0,1.3097,0.0176,0.0287,0.2842,0.0266,0.0012,1.9933,0.0091,0,1.4885,67.5052,31.4208,0,2.6113,5.0077,0,1.2934,0,0.7501,0,0,9,0,0,9,9,0,0,0,0
"Chile",4121.5078,1295.4381,2.1688,50.7527,5.8062,44.2658,12.1851,12.5192,2.276,0.1424,0.6807,0.583,0.0866,0.5611,0.0611,1669.7362,2.0778,159.2316,56.6138,132.5504,37.9166,208.4965,3.2014,117.8934,311.5322,0.3369,0.198,117.1766,502.3943,1081.9073,175.8241,119.2887,0,3942.5913,88.9389,653.7586,13.5867,3070.2315,143.8394,11.4884,1455.3732,0,0,88.0227,816.5197,0,27.1498,867.3328,206.8145,45.8836,11.2526,21.8449,7.4943,2222.9458,0,1.5307,0.0719,0.0649,0.1533,40.0748,0,0.1335,9.2193,185.2765,1.4703,407.3904,0.8748,1.9233,123.591,2.0897,0.9629,7.0143,57.4781,1.3577,0.5479,0.6031,0.0497,24.7172,51.5273,36.0474,38.169,1.5758,0,9,0,1.0195,0,0.0058,0.2498,0.2228,0.3497,0,0.2547,0.9076,0,0.0305,0.1335,7.6939,0.0033,6.9859,402.0567,57.3038,0,0,0,0,0.0013,0.4111,1.3332,0,0,0,0,0.4283,0,1314.2953,0.3201,0.0863,0.2129,0,16.1346,0.2039,0.0811,0,0.033,0.024,9,1.7411,0,18.3859,1.4253,2.3838,1.5209,0.0416,3.3508,404.843,0.5924,1.3436,0.4421,1.6395,1.9697,43.4983,79.68,1.5626,9.6941,2.6168,5.9532,52.7249,39.5476,0.0255,0,0.0133,0.23,0.0181,0.3306,1299.6475,0.1377,1236.1212,27.4011,2083.6745,5238.8818,1364.5133,0,58.4344,1.0797,0.2397,1.6772,0.0303,0.1484,47.7779,2.0566,0.1979,47.832,31.509,129.6053,0,5.7011,6.6534,0,83.7175,0.2538,20.6581,0.1812,0,0.3785,0,2.4644,0.3572,0,0,0,0,2.8117
"Argentina",15.2495,370.2259,3.2436,102.7593,23.7761,175.7115,23.4357,31.9687,2.3328,0.4905,0.5095,0.6127,0.309,0.4044,0.2895,867.45,2.0829,206.1202,92.1114,126.0244,69.3891,47.3886,58.6226,513.5928,821.2888,2.4658,1.0345,344.2355,731.777,2887.2089,130.5717,255.2807,3942.5913,0,991.0272,286.677,10.3183,1125.4807,173.0503,9.8587,238.1715,0,0,214.5748,1424.6822,0,58.9499,332.9824,308.4768,7.3698,20.612,46.134,14.6051,363.8113,0,0.3641,0.6009,1.9181,7.638,42.546,0,3.3075,85.8109,96.4659,23.3095,92.646,2.0142,5.885,713.4618,3.9853,16.9171,12.9135,28.7847,63.3958,3.5484,20.2911,5.1805,27.3268,205.6642,14.5736,239.7168,1.9746,0,0,0.5118,1.3519,2.3553,5.2232,79.9872,5.4209,1.9491,12.1797,12.5983,2.3323,2.2999,3.8275,8.7324,21.6959,0.7648,11.6726,173.3129,12.7481,0.022,0.2189,49.1035,38.8458,2.3137,11.3698,22.2895,0.0163,0.6323,0.0032,0.1817,0.1304,0.0187,152.2894,11.362,0.908,2.6476,3.1245,930.5846,1.8332,0,0.0315,0.048,15.7336,0.333,31.2674,0.1767,221.9308,615.2202,111.5567,84.2463,2.3006,1.7217,241.6865,34.0346,162.1516,142.3578,30.4405,68.0208,39.4197,377.657,75.7292,59.1982,1.477,46.0695,175.0794,32.5862,0.2112,0,0.0022,1.8261,0.0004,17.589,767.811,3.6218,195.1054,0,116.7209,421.8045,545.7007,0.0139,23.9924,78.6864,9.9034,3.4583,0.0341,13.8272,137.5195,0.9703,0.0156,196.1205,383.2048,98.7545,0.5011,180.0558,177.4668,0,2.5106,0.0509,5.5805,0.2889,0,0,0,0.1204,0.0044,0,0,0,0,0.1048
