"","United States of America","Canada","Bahamas","Cuba","Haiti","Dominican Republic","Jamaica","Trinidad and Tobago","Barbados","Dominica","Grenada","St. Lucia","St. Vincent and the Grenadines","Antigua & Barbuda","St. Kitts and Nevis","Mexico","Belize","Guatemala","Honduras","El Salvador","Nicaragua","Costa Rica","Panama","Colombia","Venezuela","Guyana","Suriname","Ecuador","Peru","Brazil","Bolivia","Paraguay","Chile","Argentina","Uruguay","United Kingdom","Ireland","Netherlands","Belgium","Luxembourg","France","Monaco","Liechtenstein","Switzerland","Spain","Andorra","Portugal","Germany","Poland","Austria","Hungary","Czech Republic","Slovakia","Italy","San Marino","Malta","Albania","Macedonia","Croatia","Yugoslavia","Bosnia and Herzegovina","Slovenia","Greece","Cyprus","Bulgaria","Moldova","Romania","Russia","Estonia","Latvia","Lithuania","Ukraine","Belarus","Armenia","Georgia","Azerbaijan","Finland","Sweden","Norway","Denmark","Iceland","Cape Verde","Sao Tome and Principe","Guinea-Bissau","Equatorial Guinea","Gambia","Mali","Senegal","Benin","Mauritania","Niger","Ivory Coast","Guinea","Burkina Faso","Liberia","Sierra Leone","Ghana","Togo","Cameroon","Nigeria","Gabon","Central African Republic","Chad","Congo","Democratic Republic of the Congo","Uganda","Kenya","Tanzania","Burundi","Rwanda","Somalia","Djibouti","Ethiopia","Eritrea","Angola","Mozambique","Zambia","Zimbabwe","Malawi","South Africa","Namibia","Lesotho","Botswana","Swaziland","Madagascar","Comoros","Mauritius","Seychelles","Morocco","Algeria","Tunisia","Libya","Sudan","Iran","Turkey","Iraq","Egypt","Syria","Lebanon","Jordan","Israel","Saudi Arabia","Yemen","Kuwait","Bahrain","Qatar","United Arab Emirates","Oman","Afghanistan","Turkmenistan","Tajikistan","Kyrgyzstan","Uzbekistan","Kazakhstan","China","Mongolia","Taiwan","North Korea","South Korea","Japan","India","Bhutan","Pakistan","Bangladesh","Myanmar","Sri Lanka","Maldives","Nepal","Thailand","Cambodia","Laos","Vietnam","Malaysia","Singapore","Brunei","Philippines","Indonesia","East Timor","Australia","Papua New Guinea","New Zealand","Vanuatu","Solomon Islands","Kiribati","Tuvalu","Fiji","Tonga","Nauru","Marshall Islands","Palau","Federated States of Micronesia","Samoa"
"United States of America",0,96583.22,1219.49,397.87,298.41,284.21,1692.6134,6759.1902,561.8794,63.63,84.64,114.46,64.2846,185.3,83.02,42082.73,134.38,658.6392,2098.5368,418.3872,701.768,449.0157,781.0162,3411.6265,28397.7832,59.73,98.7143,4182.7853,3025.366,12082.877,16.4264,127.9824,2317.1191,421.498,523.3528,15456.821,19303.4008,12034.052,3671.084,289.5943,9285.725,0,0,6396.2114,1489.5508,0,1079.8217,35570.356,851.2397,3481.1323,1537.5345,297.0653,723.674,19059.164,0,90.0856,1.4301,5.2655,29.0048,0,53.34,244.9718,906.9735,65.8,27.1889,12.6435,187.9891,11578.8823,393.4416,294.0851,378.9467,515.8103,148.844,64.6925,57.7869,91.4799,2897.4247,10218.405,4261.657,3238.9548,158.6447,0,10.91,2.22,1401.29,33.25,31.63,130.3851,17.7261,93.48,22.8,1162.3448,47.89,48.6227,14.6,31.68,197.96,0.1734,42.18,23332.801,2847.18,10.58,1520.93,1582.31,198.16,49.2432,327.54,70.75,1.2256,4.85,9.49,51.58,440.7228,29.9,7825.6004,50.663,9.3435,68.328,92.71,1359.8223,19.7,417.4,112.4,195.4,289.1471,1.17,166.1243,17.21,212.617,9479.5336,87.1502,1564.81,115.756,84.2169,209.521,8137.8901,465.5035,178.8,457.4021,732.2634,11087.6,20163.0146,86.6285,2442.4702,69.03,672.3368,7782.7701,52.2283,219.84,115.12,237.1,61.94,16.65,40.6828,205862.645,115.7459,14337.199,6.27,14735.266,76503.535,11026.685,2.4,1960.961,2554.658,5.83,2010.6833,2.6825,95.9,12311.2483,1838.5077,6.28,6343.1,19886.694,8094.391,534.93,588.959,9060.8039,0,10527.9912,1.47,486.6489,7.21,0.43,0.9,0,156.79,3.68,1.5,0,0,0,77.6855
"Canada",96583.22,0,9.5413,93.949,8.0221,40.3097,240.3215,72.2344,50.5734,3.8968,6.3483,8.6734,9.097,14.784,0.4065,6486.5531,2.1636,45.9007,93.8831,3.9698,27.1192,230.1252,17.979,142.5341,1304.1382,118.268,164.8701,14.3273,1032.6885,1744.9527,5.4289,1.5744,1086.2366,348.861,96.7856,1784.9428,1498.0362,721.0609,288.9266,15.7937,2087.0949,0,0,1272.7329,45.0297,0,158.1875,6064.7365,318.7477,739.8655,60.4163,14.2844,93.2187,2439.4416,0,17.6411,3.9254,18.5513,2.7175,0,0.3076,1.8004,0.2275,7.3505,17.9628,16.311,2.8519,1067.5922,36.1225,6.3974,458.2854,178.1042,28.1977,17.0441,36.1926,13.4483,839.7187,1689.4487,4073.0639,1157.8947,24.5405,0,0.0687,0.0306,496.7414,0.2501,6.1211,24.9385,3.2379,2.6249,2.2891,114.6386,18.8234,5.2607,8.3009,1.9456,59.2721,9.1353,5.091,60.7782,8.8408,0.096,5.3978,9.8916,13.2843,24.3228,22.4478,115.2519,1.6509,1.8313,1.0367,1.7861,16.064,1.3014,243.5637,4.2709,17.0936,0.2491,1.633,3134.003,49.9078,12.9498,4.2534,0.4198,10.738,0.7125,3.2179,2.0317,68.4278,3572.1617,1.1979,7.7597,8.1444,157.7448,132.0343,1025.1734,25.7022,40.467,25.0156,25.7761,419.4102,1038.9134,14.3054,43.6013,18.7314,3.1887,474.687,18.7556,16.808,26.6522,0.2156,5.0866,43.3481,94.2532,18671.5048,126.3717,2413.7028,19.4542,2280.0881,4538.2991,740.1778,0.0268,11.6323,382.6014,9.7076,18.6251,5.0853,7.6841,1277.7705,117.724,5.5643,335.1389,1811.4865,71.7155,0.1542,602.5534,171.3997,0,15.7753,3.5762,171.371,3.188,0.0708,0.0956,9,1.8806,0.0579,0.9383,0,0,0,0.2099
"Bahamas",1219.49,9.5413,0,0.4667,0.206,0.6116,0.7345,52.8973,2.1863,0.0027,0.2218,0.1019,0.0328,0.123,0.0209,11.6446,0.5155,93.9475,1.017,1.0399,0,5.9467,0.4921,77.1513,145.5027,0.0173,0.0456,0.8644,2.872,1630.8701,0.015,2.4884,1.8204,18.4986,1.7157,31.4452,3.1217,46.4777,8.6344,0.0036,22.8419,0,0,17.0233,93.3619,0,8.1108,332.0299,45.8362,1.7407,0.1891,4.5995,0.1544,61.0901,0,0.214,0,0.0097,0.2051,0,0,0.0132,22.0535,0.1678,0.6448,0.0056,0.1609,256.1844,0.2039,1.252,1.3226,0.42,0.0413,0.4082,0.1787,0.0001,1.8967,47.632,270.1949,7.262,1.813,0,0,9,0,0,9,0.0066,0,0,9,4.0989,0,0,0.0315,0,0,0,0.4392,0.8446,0.0065,0,0,0,0,0.0322,0.1723,0.0015,0,0,0,0,9,0,0,0,0,0.0002,0,1.9894,0,0,0,0,0.0063,0,0.0108,0,0.1363,0,0.0007,0,0,0,32.7311,0,0,0,0.0609,0,1.1,51.592,0.0677,0,0.0775,9,0.3312,0,0,2.974,0.4,0,0,14.1255,173.2671,9,107.2189,0.2933,1712.6517,242.0059,2.2662,0,1.2548,0,0,0,9.0403,0,2.893,0,0,0,1.1172,249.7018,0,0.839,4.8527,0,2.2309,9,0.7384,9,0,0,0,0,0,0,0,0,0,0.5854
"Cuba",397.87,93.949,0.4667,0,10.1465,17.7886,3.3868,25.9867,0.4243,0,0.0475,0.1371,0.0073,0,9.0004,221.424,45.7183,8.0425,2.4033,5.6248,0.2156,4.0746,15.0703,64.2897,1816.2531,30.9543,0.0227,7.7948,2.6141,227.2868,1.3278,0.1337,44.5313,104.7551,36.6938,17.9657,0.9029,470.8258,52.2538,0.3737,108.426,0,0,7.7399,497.0913,0,4.859,304.176,15.0314,1.7622,0.2165,13.3819,14.5596,257.7761,0,0.1191,0.0145,0.0722,0.1661,0,0,0.0128,2.3068,1.1696,0.707,0.0007,3.9121,76.316,0.0335,0.242,0.1734,22.2444,8.7932,0.0603,0,0.3815,10.4786,17.9606,1.4209,22.2973,0.1121,0,0,6.0884,0,0.0556,0,0.685,0,0.0437,0,0.0072,9.0058,9,0,9,2.397,0.0174,0,0.2363,0.0031,0,0,0,9,0.0024,0,0.0014,0,0,0,0,0.1841,0,9,0,0,0.0011,0,2.3305,0,0,0,0,0.0139,9,0.1103,0,1.6381,162.4463,0.1201,37.5116,0,1.677,0.1639,0,0.1514,0.3412,2.1832,0.084,0,0.3951,0.0051,0.2885,1.8782,0.2518,1.3248,0,0,0,0,3.88,0,5.2048,455.142,0.0585,6.9412,0,0,163.258,8.9545,0,0.7318,9.3947,9,0,0,0,10.0069,9,0,227.81,1.8204,0.3114,9,1.1464,0.8711,0,3.31,9,45.5246,0,0,0,0,0,0,0,0,0,0,0
"Haiti",298.41,8.0221,0.206,10.1465,0,149.6749,0.685,10.2096,0.9784,0.0013,0,0.0347,0.0184,0,0.0374,5.2003,0.0174,12.4421,1.9737,1.7885,0.43,6.709,4.164,48.2243,6.0047,2.9864,0.0339,0.6294,24.5803,50.3468,0.1197,0,6.6809,12.6541,2.9034,6.6936,0.7459,15.2931,0.9905,0.1209,26.2554,0,0,0.1613,17.0111,0,0.4748,19.0134,1.0462,1.3075,0.3441,1.0979,0.0086,14.4753,0,2.3762,0,0.0001,0.0131,0,0,0,0.0055,0.2006,0.0212,0,0.1465,1.2631,0.8198,0.0093,0,0.0052,0.0015,9,0,9,0.6299,17.8118,2.3378,2.3925,0.0002,0,0,0,0,0,9,2.7888,0.0026,9,9,0.0067,0,0,0,9,0,0,0,0.0304,0,9,0,0,0,0.0001,0.0007,0,0,9,0,9,9,0,0,0,0,0.007,0,0.6347,0,0,0,0,0.0001,9,0.021,0,0.8758,0.0121,0.0002,3.9563,0,0,5.0527,0,0.0174,0,0.0429,3.3092,4.62,0.0363,0,0.0428,0.0019,0,0.5036,0,0,0,9,9,0,0.2858,36.2462,0,3.4324,0,16.0483,26.3513,15.7979,0,2.7986,0,0,0,0,9,2.2919,0.1627,0,0,39.371,0,0,0.1087,5.4459,0,1.0082,0,1.2648,9,0.0307,0,0,0,0,0,0,0,0,9.0836
"Dominican Republic",284.21,40.3097,0.6116,17.7886,149.6749,0,19.1324,341.7973,2.872,0.6793,0.2952,3.4472,1.1832,2.6423,1.8175,482.1298,0.0074,35.0656,4.9805,31.5016,9.5555,100.2566,173.1753,572.4229,869.219,1.1928,0.474,88.1761,18.0973,308.4057,1.7801,0.5073,34.3086,103.4849,7.0549,45.8726,7.6082,79.0652,68.7204,1.6508,35.9104,0,0,5.3338,162.582,0,1.7415,110.2237,17.547,0.1413,0.4006,5.1212,4.6678,91.1908,0,1.3986,0.1712,0.0332,0.1355,0,0,0.0869,1.2246,0.0701,1.9152,9.0036,1.7056,13.1582,0.0587,0.132,0.0167,2.545,0.1004,0.0174,1.6061,0.1947,63.7825,18.3726,23.7577,58.2207,0.0547,0,0.197,9,0,0,9.0003,0,0.3121,9,0,0.0467,2.2507,9,0,0,0.0052,0,0.0155,0.1053,9.0856,0,9.0724,0,9.0851,0.1495,0,0.0037,9.3958,9,9,9.0355,0.0268,0,9.0231,0,0.0129,0.4204,0.5597,2.8441,10.9647,9,0,0.177,0.0996,9,0.0788,0,0.2337,4.7109,0.1477,0,0,0.053,1.0187,0.0753,0.6327,0.0883,1.1438,0.9669,12.0392,0.855,2.8272,0.0365,0.0575,0.0789,0.3081,0.0324,0.2638,0,0,9,0,0.2815,241.5818,0.0028,214.1342,0,42.225,356.6178,43.9738,0.1337,3.2144,0.4232,0.0412,0.7414,9,9,26.3235,0.1097,0,5.589,5.9044,8.3639,0.0124,1.4691,12.3261,0,7.5922,0,10.929,9,0.0001,9,0,3.9708,0,0.0009,0,0,0,0
"Jamaica",1692.6134,240.3215,0.7345,3.3868,0.685,19.1324,0,696.5975,8.6266,7.5572,1.3228,3.994,1.3652,3.4509,2.2044,122.8567,11.0869,19.1213,24.7353,2.3688,0.1164,52.7923,43.7611,66.9237,245.734,36.4898,11.7808,30.5041,1.7431,153.2449,0.0691,0.033,10.7327,13.7998,1.2364,74.2139,9.5714,118.4944,22.0203,0.5874,331.0198,0,0,26.3717,23.0817,0,0.558,62.4049,2.1062,7.9805,5.1008,0.4736,14.0666,16.5556,0,0.6296,0.0011,0.0023,0.0001,0,0,0.527,0.1779,0.1042,0.0012,0.0006,0.0333,18.7007,0.0078,0,0.0033,1.1194,0.0281,0,0.004,0,3.4855,22.956,127.5331,4.6713,0.0271,0,0,0,0,0,0,0,0,0,9,0.0141,0.0257,9,0,0,0.1958,0.082,0.0678,21.5039,0,0,0,0,0,0.0356,0.6798,0.0141,0,9,0,0,0.0002,0,0,0,0.0217,0.0498,0.0272,10.7326,0,0,0,0,0.3002,0,0.026,0,0.4929,0.0428,0.0049,0,0.9055,0.0443,15.5176,0,0.1923,0.0544,0.0298,0.0204,15.6324,0.1302,0.0146,0,0.0011,0.0809,28.9881,0,0,0,16.2,9,0,0.0065,45.6641,0,20.8181,0.9381,22.1978,148.391,14.7017,0,0.7013,0.7984,0,1.1806,0,0,23.5168,0.0052,0,0.3885,11.4819,5.4572,0,1.9344,10.5186,0,17.6679,0,26.6501,0,0,0,0,1.4256,0,0,0,0,0,0.0189
"Trinidad and Tobago",6759.1902,72.2344,52.8973,25.9867,10.2096,341.7973,696.5975,0,310.2857,33.5009,107.126,105.7362,51.4275,40.6746,46.6788,228.1128,17.164,10.8931,93.1758,12.5795,6.5217,12.1857,39.634,39.9852,192.2292,169.0147,27.2812,19.416,14.126,654.6162,0.0201,0.0723,0.7259,29.7417,8.467,73.9322,13.0989,52.7966,42.8668,3.7418,172.2815,0,0,9.4468,78.0073,0,1.3197,120.5989,5.0514,12.4824,1.0673,6.654,1.7695,74.2275,0,0.1423,0.0268,0,0.0031,0,0,0.1047,0.1395,0.2011,0.0692,9.0002,1.2076,8.872,0.9141,0.1555,0.094,10.3309,0.0015,0,0,0.0053,1.5936,29.0413,3.5924,8.9046,0.0013,0,0.0006,0,0,0.2425,0,9.6819,0.0041,0.0206,0,23.8105,0,0,0.0012,0.0114,0.3384,0.0146,54.829,0.375,199.9303,0.0242,0,0,0,0,0.0067,0.3171,9,0,0,9,0,0,72.8228,0.0169,0.0019,0.0002,0.0893,2.4719,0.0071,0,0,1.1933,0.0036,0.0472,0.0574,0,2.8934,0,0.004,0.0152,0,0.3907,4.4542,0,0,0,0.0454,0,9.46,0.3006,0.0028,0.0018,0,0,0.4266,0,0.0978,0,0,9,0.023,0.0259,94.8771,0,36.214,4.1961,39.3008,312.8339,58.0754,9,1.0162,0,0.0101,1.2728,0,0,32.3105,0.1798,0.0003,0,8.4384,58.8666,0,0.1577,6.6271,0,7.985,0.0342,26.451,0,9,0,0,0.0694,0,0,0,0,0,0.0346
"Barbados",561.8794,50.5734,2.1863,0.4243,0.9784,2.872,8.6266,310.2857,0,3.5534,11.5926,18.2278,4.8858,9.1003,11.2093,14.0867,0.2553,255.5286,6.4887,0.288,0.1819,6.386,0.3193,9.7771,1.4451,8.125,5.8252,0.7462,0.7043,23.9343,0.1445,0.0004,2.5647,3.8116,2.7717,48.0645,3.8745,0.4674,8.9699,2.7567,14.0661,0,0,28.7127,37.2419,0,0.3864,22.1572,0.1172,1.3995,0.6579,0.5522,0.1408,14.295,0,0.0015,0.0065,0.0003,0.0136,0,0.0018,0.0436,0.1724,0.387,0.0191,0.0059,0.0231,0.0394,0.0005,0.2136,0.396,0.4396,0.0036,0,0,0,1.3335,8.3875,1.1231,6.7093,0.0678,0,0.0052,0.0005,0,0.0005,0.0614,0.0003,0,0.0014,0,0.017,0.0152,9,0,0.0089,0.0012,0,0.0032,0,0.0005,0,0,0.0001,0,0.0066,0.0161,0.0238,0,0,0,0,0.0001,9,0.0198,0.0243,0.0007,0.0219,0.0354,1.3704,0.0264,0,0.001,0.1075,0.0037,0,0.0905,0.0357,0.0426,0.9573,0.0019,0,0.0287,0.0116,1.2985,0,0.116,0,0.0202,0.0641,1.8053,0.1472,0,0,0.0037,0.0022,0,0.2288,0.0005,0,9,0,0.0002,0,51.6848,0,6.8088,1.147,13.2361,82.4452,3.2075,0.0001,0.1185,0.0975,0,0.1952,9.0003,0,8.7365,0,0.0147,0.3578,4.1629,0.6466,0.0011,1.1146,2.2166,0,3.0602,0,13.0307,0,0,0,0,0,0,0,0,0,0,0
"Dominica",63.63,3.8968,0.0027,0,0.0013,0.6793,7.5572,33.5009,3.5534,0,3.2127,0.9143,2.5666,6.6287,2.39,0,0.0435,0.7351,0.0861,0.0123,0.0275,0.5291,0,1.099,1.1822,3.507,0.2984,0,0.1989,1.718,0.005,0.0727,0.1003,0.7427,0.0177,12.1863,0.4518,2.3627,0.5919,0,0.5005,0,0,0.8099,0.4396,0,0.0516,1.4097,0.0005,0.4435,0.0003,0.2115,0,1.7771,0,0,0.0183,0.0023,0.0069,0,0,0.0013,0.1367,0.0077,0.0696,9.0024,0.0456,0.0025,0.0055,0.2877,0.0176,0.0204,0.0002,0,0.5609,0,0.0161,1.9712,2.4511,0.3547,0.0309,0,0,0,0,0,9,0.0018,0,0,0,0.0219,0,0,9,9,0.013,9,0,0,0,0,0,0,0,0,0,0.0167,0,0,0,0,0,0,0,0,0,0.0235,0,0.4079,0,0,0,0,0.0525,0,0.0005,0,0,0.0039,0.0402,0,0,0,0.0988,0,0.2042,0,0.1204,0.1733,0,1.2486,0.0759,9,9.0018,0,0,0,9,9.4918,9,9,0,0.6461,53.1435,0.002,2.5925,0.0725,10.4805,9.909,2.5069,0,0.2055,0,0,0.2603,9,0,0.1373,9,0,0,0.1767,0,0,0.0067,0.696,0,0.5339,0,0.0378,9,0,0,0,0,0,0,0,0,0,9
"Grenada",84.64,6.3483,0.2218,0.0475,0,0.2952,1.3228,107.126,11.5926,3.2127,0,1.983,2.4657,3.3915,2.8564,0,0.0052,0.028,5.863,0.0011,0.0017,0.1427,0.0142,0.1034,0.4338,5.114,0.0128,0,0.0182,5.6333,0,0.0043,0.1463,0.3666,0.0077,16.3547,0.2373,0.4005,0.3776,0.8169,3.4199,0,0,0.0802,0.5258,0,0.0535,0.9783,0.3305,0.0339,0,0.0429,0.0004,5.9375,0,0,0,0,0.1744,0,0,0.0179,0.0145,0.0415,0.0084,9,0.0048,0.0024,0,0,0,0.0082,0,9,0.0213,0,4.758,0.3807,1.1733,1.4902,0,0,9,0,0,0,9,0,0,0,0,0,0.0306,0,9,9,0,0,0,17.4862,9,0,9,0,0,0.0631,0.0013,0.0815,9,9,0,0,0,0,9,9,0,0.0001,9,0.2066,9,9,0,0,0,0,0,9,0,0.0002,0.0151,0,9,9,0.0853,9,0,0,0.0166,0,0,0.0671,0,9,9,0,9,0,9,0,0,9,0,0,3.1557,0,1.8788,9,3.6307,12.5765,0.6579,9,0.3061,0,0,0,9,0,0.9487,9,9,0,0.0663,0,9,0.0033,0.2299,0,0.2897,0,2.1518,0,9,0,0,0,0,0,0,0,0,9
"St. Lucia",114.46,8.6734,0.1019,0.1371,0.0347,3.4472,3.994,105.7362,18.2278,0.9143,1.983,0,3.181,3.1437,1.0017,0,0.2626,0.0527,3.6231,0,0,0.7645,1.9249,3.5742,45.159,7.9741,0.0133,0.001,0.5351,3.5033,0,0,0.5108,43.5727,0.1256,7.6801,0.0875,88.7642,14.5196,0.6304,27.2251,0,0,2.8813,1.0708,0,0.1194,5.7048,0.0117,0.0865,0.0012,0,0.0018,22.3819,0,0,0,0,0,0,0,0,0.2493,0,0.0059,0,0.0191,0.0777,0,0,0,0,0,0,0,0,18.9094,1.4854,0.1998,0.5342,0,0,0.0091,0,0,0.017,0.0029,0,9,0,0,0,0,0,0,0,0,0,0,0,0.0411,0,0,0,0,0.0008,0.0027,0,0,0.0006,0,0,0,0,0,0,0,0,0,0.2632,0,0,0.0009,0.1951,0,0,0,0,0,0,0.0007,0,0.0358,0.0223,0.2135,0,0.0121,0,0,0.4852,0.0618,0.0049,0,0,0,0,0.3737,0,0,0,0,0,0,0,28.6072,0,0.1859,1.1033,2.264,17.8193,0.7276,0,0.3053,0.0666,0,0,10.5571,0,2.3739,0,0,0,0.1357,0,0,0,0.6421,0,1.1375,0,2.2226,0,0,0,0,0,0,0,0,0.0006,0,0
"St. Vincent and the Grenadines",64.2846,9.097,0.0328,0.0073,0.0184,1.1832,1.3652,51.4275,4.8858,2.5666,2.4657,3.181,0,2.4044,1.0624,1.6633,0.0939,0.0562,1.811,0.0147,0,0.5906,0.2299,2.4555,0.5742,1.7794,0.0707,0.0875,0.4344,2.926,0.0041,0,0.2584,0.7283,0,8.2996,1.1577,0.0809,0.7245,0.1809,184.1861,0,0,0.181,2.9971,0,0.0159,1.9484,0.6599,0.1625,0.0086,0.0106,0.0096,75.0518,0,0.0263,0.0002,0,1.8139,0,0,0.0002,40.8261,0.0059,0.0129,0,0.0042,0.0053,0.0014,1.6086,1.4931,0.0041,0,0,9,0,0.1867,0.397,0.5248,1.1316,0.0304,0,0,9,0,0,0,0,0,0,0,0.0002,0,0,0,0.0028,0.0019,0,0.0004,0.0081,0,9,0,0,0,0,0,0,0,0,0,0,9,0,9,9,0,0.0001,0.0007,0.3816,0.0001,0,9.0001,0.0069,0.3192,0,0.0003,9,0.0004,21.7215,0.0002,0,0,0.0009,1.605,0,0.0007,0.0055,0.0174,0.0026,0.0078,0.0271,0,0,0,0,0,0,0,0,0,0,0,9,7.1378,0,2.048,0.0882,1.2254,10.0207,53.8049,9,0.337,0.0367,0,0.0466,0,0,0.4883,0,0,0.0065,0.2817,0.2056,0,0.0133,0.4072,0,1.8388,0,0.7161,0,9,0,0,9,0,9,0,0,0,0
"Antigua & Barbuda",185.3,14.784,0.123,0,0,2.6423,3.4509,40.6746,9.1003,6.6287,3.3915,3.1437,2.4044,0,1.8227,0,0.454,0.0536,1.0465,0,0,0.3401,0,0.678,1.032,6.7897,0.5826,0.1549,0.3156,4.2164,0,9,0.3838,0.5521,9.4771,15.1766,0.3997,4.2517,0.2118,0.3934,4.7449,0,0,4.3025,2.5242,0,2.3777,78.39,7.4544,1.8415,2.4475,0.3283,0,4.3198,0,0.049,0,0.0127,0.2695,0,0,0,2.7745,0.0213,0.5464,0,0.0872,0.0001,1.8716,2.1281,2.7799,0.0012,0,9,0,0,1.2975,1.463,0.829,6.4458,0.0929,0,0,0,0,0,0,0,0,0,0,3.8863,0.003,11.8438,0,9,0.0212,0.0045,0,1.884,0,0,0,0,0,0,0,0.0733,0,0,0,0,0,0,0,0,0,0.0015,0,2.9456,0,0,0,0,0.0001,0,0,0,0.0004,0.0006,0.1311,0,0,0,23.2942,0,0,0,0.0386,0,0,0,0,0,9.0067,0,0,0,0,0.7885,0,0,0,0,146.899,0,0,0,4.163,0,1.0211,0,0.0143,0,0,0,9,0,0,0,0,0,0.9159,102.1853,0,0.1344,1.149,0,0.0686,0,0.7973,0,0,0,0,0,0,0,0,0,0,0
"St. Kitts and Nevis",83.02,0.4065,0.0209,9.0004,0.0374,1.8175,2.2044,46.6788,11.2093,2.39,2.8564,1.0017,1.0624,1.8227,0,0,0.0134,0.0063,0.0433,0.0005,9,0.1269,11.155,0.4993,0.164,0.2924,0,0,0.296,0.8863,0,9,0,0.2658,0.0674,10.6171,0.2682,0.105,2.2785,0,13.2093,0,0,0.7987,0.3499,0,2.1043,2.7895,0.1381,0.2262,0.0333,0.2817,0,1.0981,0,0.0006,0,0.0029,0.0142,0,0,0.0002,0.2393,0,0,0,0.0894,0.2629,0,0.6252,0,4.1494,0.0038,0.0038,0,0.8123,2.8871,3.9109,0.0256,3.1948,0.0001,0,0,0,0,0,0,9,9,0,0,0.0066,0,0,0,0,9,9.0015,9,0.0799,9,9,9.0023,9.0001,0,0,0.024,0.0523,9,9,0,0,0,0,0,0,0,0,0,2.7635,0.0022,0,0,9.0054,0.0879,0,0.001,0,0,0.0427,9,0,0,9.0041,0.5333,0,0,0,0.4497,9.0014,0.1163,9,0,0,9,9.0384,9.0026,0,9.0402,0,0,9,0,0.015,0.8074,0,0.0335,9.4695,0.8079,12.4127,0.6358,0,12.3482,0,0,0,0,0,9.1801,9,9.0007,0,0.0991,0.0499,0,0,0.1894,0,0.3783,0,0.1596,9.0001,0,0,0,9,0,0,0,9,0,0
"Mexico",42082.73,6486.5531,11.6446,221.424,5.2003,482.1298,122.8567,228.1128,14.0867,0,0,0,1.6633,0,0,0,79.95,550.0027,124.6255,445.9071,42.5149,497.0686,66.2406,1008.7854,653.1814,0,2.4464,186.4563,29.0572,4807.6592,17.9972,11.776,1123.6197,694.5761,238.2598,186.7363,727.1718,142.7117,24.3053,54.1366,2124.241,0,0,1012.3439,372.5796,0,16.64,6977.3864,35.6953,361.7942,214.015,20.4642,22.689,3504.221,0,1.2991,0.6184,1.3033,12.2608,0,0,17.4889,4.646,2.2737,41.4478,0.3358,34.2214,532.2331,1.3224,0.6074,2.2948,232.0584,1.6814,0.7185,3.335,0.7195,249.6354,990.9922,163.035,169.7144,3.7377,0,0,0,0,0,0,0.3057,0.0184,0,0,16.4533,0,0,1.9037,0,0,0.0106,0,11.8089,0,0,0,2.2609,0,0.1121,2.7512,0,0,0,0,0,0.1065,0,0,6.251,0.0028,0.0302,0,39.0022,9,0,0,0,0.0224,0,0.606,0,129.0706,68.5835,10.1126,3.9482,8.57,17.1362,69.3206,0,122.905,0,9.6067,3.5119,386.2207,49.997,0.3251,16.872,0,28.0703,0,2.522,0,0,9,0.28,0,28.0379,17648.6419,0.0156,4273.0216,0,6762.7824,11843.6782,961.1917,0,111.8255,21.1141,0,68.5929,0.0137,0.5,1513.0027,3.7074,0,183.6,3889.3071,1996.9065,0,1422.9902,672.7874,0,170.9346,0,339.286,0,0,0,0,0,0,0,0,0,0,0.023
"Belize",134.38,2.1636,0.5155,45.7183,0.0174,0.0074,11.0869,17.164,0.2553,0.0435,0.0052,0.2626,0.0939,0.454,0.0134,79.95,0,40.4451,5.4733,9.7567,2.1006,5.4165,0.5284,0.5845,2.1593,0.2817,0,0.0848,0.5969,3.4114,0.0047,0.0028,0.7771,1.4159,0.2052,69.5222,0.0208,1.3059,0.5977,0.7337,3.9919,0,0,1.9503,31.5909,0,0.1408,9.2601,2.2126,4.9575,0.1318,0.323,0.0428,11.5869,0,0,0,0.0097,0.2148,0,0,0.2859,1.4638,0.0197,0.3993,9.0054,0.0281,67.2481,0.0719,0.9835,1.8795,14.8458,0,5.451,0.0325,0.0122,0.7766,0.6827,0.0952,3.0481,0.0186,0,0,0,0,0,0,0,0,0,0,6.6173,0,0,0,0,0,0,0,9.1163,0,9,0,0,0,0,0.059,0.0855,0,0,0,9,0,0,0,0,0.0024,0.0168,0,3.3542,0,0,0,0,0.0005,0,0,9,0.0032,0.0039,0.8077,0,9,0,0.2023,0,0,0,0.0525,0,0,0,0.0002,0,0,0,0,0.0299,0,0,0,9,0,0,35.7657,0,6.3944,0,1.2227,3.2919,2.4509,0,0.1502,0,9,0,0,0,0.7577,0.0029,0,0,0.1418,0,0.0898,0.0762,0.494,0,0.4586,0,0.1446,0,0,0,0,0,0,0,0,0,0,9
"Guatemala",658.6392,45.9007,93.9475,8.0425,12.4421,35.0656,19.1213,10.8931,255.5286,0.7351,0.028,0.0527,0.0562,0.0536,0.0063,550.0027,40.4451,0,244.0164,64.5547,142.4573,156.1365,378.6852,151.6915,20.3187,0.7248,0.4511,54.6022,24.4704,232.1985,0.036,0.3187,51.3504,62.5276,29.2907,20.2172,3.4395,37.807,27.5545,0.4184,40.9654,0,0,247.2725,63.4981,0,1.7584,130.7299,0.4992,3.2208,0.2075,1.9249,0.3641,52.2891,0,0.0312,0.0129,0.3056,0.4258,0,0,0.0197,0.5757,0.9326,0.4268,0.0067,1.5584,5.204,0.6381,0.1809,0.043,1.4229,0.056,0,0.1229,0.0005,8.8132,45.6781,27.2536,7.0919,0.317,0,0.2382,0,0,0.0222,0.0142,0.007,0.0002,0,0.0363,0.0073,0.0023,0,0,0,0.0095,0.0015,0.181,0.0243,0,0.0425,0,0.0046,0.0725,0.0034,0.0066,4.082,0,0.0359,0,0.0194,0.2155,0,0.003,0,0,0.0001,0.0002,1.654,0,0.0003,0,0.0451,0,0.0002,0.0262,0.2936,0.6295,5.9845,0.0079,0,0.0865,0.5682,4.1745,1.4273,6.9422,5.6698,0.7016,2.3967,16.5478,42.8224,0.056,1.7579,0.449,0.7925,7.0867,0.3714,0.1477,9,0,0,0.1226,7.1704,412.1789,0.6865,105.2532,21.0562,416.5467,160.3851,39.6132,9,8.2377,4.2663,0,0.8209,9,0.4296,14.2137,0.0043,0,0.4782,8.5033,21.3147,0,1.3353,4.3471,0,9.4051,0,21.4785,0,0,0,0,0,0,0,0,0,0,0
"Honduras",2098.5368,93.8831,1.017,2.4033,1.9737,4.9805,24.7353,93.1758,6.4887,0.0861,5.863,3.6231,1.811,1.0465,0.0433,124.6255,5.4733,244.0164,0,90.5012,27.4275,173.2196,209.3151,47.0812,47.7257,0.8031,0.133,83.8184,39.8743,124.7214,0.1823,0.0697,67.4659,46.7072,1.3125,30.7552,1.6775,21.7188,83.8123,0.0009,33.9818,0,0,25.713,10.7136,0,6.3673,41.9744,0.1107,0.3385,1.5468,1.7987,0.6573,4.4865,0,0.0044,0.3134,0.0777,0.761,0,0.0428,0.1898,0.0321,0.0778,1.3076,0.0239,1.667,5.2222,0.0093,0.0422,0.0329,3.6781,4.8928,0.1128,0.0368,0,0.2251,31.1469,4.9434,3.325,0.0668,0,9,0,0,0,0.0019,0.0411,0.0243,0,0,1.047,0,0,0.1327,0.0091,0.0124,0.0059,0,2.3138,0,0,0,0.0242,0,0.0409,2.2656,0.0485,0,9,0.1071,9,0.01,9,0,0,0.0085,0.0009,0,0.005,9,0,0.01,0,0.1056,9,0.0266,0,0.3583,0.0063,0.0026,0,0.1985,0.1199,2.5805,0.8958,0.0174,0.3502,0.3197,0.0791,5.8527,0.9686,0.5922,0.1482,0.0592,0.0228,0.2735,0.0706,0.0204,0,9,0,0,0.0214,109.6789,0.0052,24.758,0.8016,2.5979,80.9297,18.056,0,0.8285,0.0124,0,0.0703,9,0.0045,14.0961,9,0,0.4971,8.0325,0.4157,0.0252,0.0542,3.8904,0,3.7737,0,2.0936,0,0,9,0,0,9,9,0,0,0,9
"El Salvador",418.3872,3.9698,1.0399,5.6248,1.7885,31.5016,2.3688,12.5795,0.288,0.0123,0.0011,0,0.0147,0,0.0005,445.9071,9.7567,64.5547,90.5012,0,8.3278,82.3557,110.2967,60.6304,220.0841,0.1103,0.0258,114.992,54.8779,261.9105,0.1471,0.3004,98.2705,70.3308,4.6741,39.6034,5.1073,2.4941,10.3179,1.1824,21.0344,0,0,19.0951,9.1285,0,3.5631,47.5718,0.3757,4.5804,0.0233,26.3263,0.0004,29.9545,0,0.0306,0.0255,0.1924,0.5941,0,0.0086,0.0089,0.7376,0.0024,1.1599,0,0.0904,30.2186,0.0008,0.0122,0,0.8605,1.1882,0,0.1934,9.2395,8.0669,24.9064,18.7734,17.1781,0.1428,0,9,0,9,0,0,0,0,0,0,0.0002,0.0154,9,9.0027,9,0.0011,0,0,0.0271,0.0093,0.0218,9,9,0,0,0.2372,0,9,9,9,0,9,0,0.001,0,0.0663,0,0,2.5344,0,0,0,0,0.4137,0,0.0007,0,1.6855,0.3173,0,0.0909,0.0037,0.018,0.8765,0,0.0125,0,0.0127,0.0718,5.113,0.237,0.9086,0.0009,0,0,0.1368,0,0.0808,9,0,9,0,2.8573,322.8056,0,0,0.5629,108.1879,107.6595,12.6674,9,16.6536,0.5781,9,0.6849,0,9,16.9283,1.6173,0,0.5115,11.1145,12.4304,0,1.1141,7.0318,0,9.3988,0,12.984,9,0,0,0,0,0,0,0,0,0,9
"Nicaragua",701.768,27.1192,0,0.2156,0.43,9.5555,0.1164,6.5217,0.1819,0.0275,0.0017,0,0,0,9,42.5149,2.1006,142.4573,27.4275,8.3278,0,178.4739,10.8427,8.3971,305.9098,0,0.0004,109.9264,7.9937,85.2476,0.092,0.6386,12.6065,47.2802,1.4418,13.6152,2.7673,5.4097,0.9166,0.0096,8.1077,0,0,6.8497,11.7874,0,1.0565,16.5187,0.4984,0.7203,0.3068,0.093,0.0195,4.8642,0,0.0027,0.0185,0.0037,0.1352,0,0,0.0616,0.7207,0.02,0.0373,0,1.0022,12.045,1.5293,6.0449,0.0195,11.0029,1.3807,0,9,0,6.8933,13.7132,0.2778,3.5974,0.0683,0,0,0,0,0,9,0.0012,0,0.0006,0,0.0031,9.0089,9,9,0,0.0007,0,0.0028,0,9,0,9,0.0001,0,0.0001,0,0,9,0,0,0,0.0655,0,9,0,1.6786,0.004,9.0169,0.3895,0,0,0,0,0.0004,9,0.018,9.0009,0.0735,13.0138,0.1188,0,0.0076,0.0057,2.7465,9,0.0081,0.0192,0.5624,0.0307,9.044,0.4073,0.1559,9,0.0005,0,0.6822,0,0,0,9,0,0,1.2901,139.0328,9.0009,12.2214,5.7887,35.2065,106.3185,15.5061,9.0146,0.8354,0.4137,0,0.5135,9.0032,0,11.7769,0.7113,9.0046,2.0088,8.5659,3.4678,0,7.8252,3.8898,0,2.2255,9,4.2583,0,0,0,0,0,9,0,0,0,0,9
"Costa Rica",449.0157,230.1252,5.9467,4.0746,6.709,100.2566,52.7923,12.1857,6.386,0.5291,0.1427,0.7645,0.5906,0.3401,0.1269,497.0686,5.4165,156.1365,173.2196,82.3557,178.4739,0,71.2432,242.3571,442.4662,4.2438,0.1991,4.3247,2.118,313.1953,0.3269,0.0053,129.7513,58.7608,4.0012,974.3936,385.3553,1582.6606,346.6837,0.1497,141.9428,0,0,11.591,78.6153,0,36.1222,319.3228,12.6013,6.0242,12.6091,81.5147,0.8517,30.5991,0,1.0749,0.433,0.5535,1.8867,0,0.0085,3.46,1.3659,0.8961,0.5436,0.1209,12.8662,21.8363,0.6412,2.5014,0.2577,17.7408,2.8927,0.0378,0,0.008,3.0517,59.7834,45.6077,5.584,2.1567,0,0.0164,9,0.1577,9.0004,0,0.0112,0.0008,0.0166,0,0.0895,0.003,0.002,0.0007,0,0.0118,0.0023,6.6605,0.0551,0,0.0174,0,0.0676,0.0002,0.0926,0.0005,0.0007,0.0379,0.0039,0,0,0.1301,0,0.0486,0.005,0.0152,0.0028,0.3866,48.1741,0.0003,0,0.0045,0,0.0392,0.0001,0.1624,0,0.7551,1.5066,0.6078,0,0,2.4168,49.0279,0,0.3898,0.0252,0.8721,0.1408,26.0061,15.5119,0,0.0245,0.0106,1.5443,0.5079,0.005,0.0436,9,9,0,0.0125,0.5256,711.0775,0.0025,17.8359,2.5646,142.1892,331.2199,8.0194,9,4.1755,0.5843,1.0934,0.3275,0,0.0143,1.1838,0.022,0.0051,1.6849,180.6567,147.749,9,7.5383,8.7274,0,18.7433,0.0287,1.2858,0.0036,0,0,9,0.2915,0,0,0,0,0,0
"Panama",781.0162,17.979,0.4921,15.0703,4.164,173.1753,43.7611,39.634,0.3193,0,0.0142,1.9249,0.2299,0,11.155,66.2406,0.5284,378.6852,209.3151,110.2967,10.8427,71.2432,0,79.6261,802.2428,0.4014,2.954,434.6338,5.0112,110.7074,5.4445,1.1852,9.4991,27.8238,0.9778,20.9558,7.3031,3.1817,56.1839,1.3813,7.5988,0,0,54.837,236.9849,0,14.991,111.6062,29.5975,4.6244,0.0399,36.2316,0.3532,42.4737,0,0.9792,0.0261,0.5653,0.8357,0,9,0.3966,78.1113,0.0197,5.1956,3.5828,1.9863,0.6961,4.2298,6.8927,6.1966,1.2887,5.0778,0.1163,0.2326,0.0299,10.381,13.4561,24.9314,55.6165,3.182,0,9,9,9,0,0,0.6308,0.011,0,0,315.5876,0,9,9,0,0.278,0.0095,0,0,0,9,0,0,0,0.1102,0,0,9,0,9,0,0,0,0.0229,0,0,0.0264,0,64.8113,0,0,0,0,0.0035,0,1.4066,0,0.7124,3.6771,0.0425,0,0.337,1.3547,7.8438,0,0.1129,0,0.0742,0.5353,1.9604,2.8952,0.0091,0.065,0,1.4166,0.2386,0,0,0,0.2,0,0,0.2326,79.2648,0.2298,6.5719,0,146.2643,142.2551,203.7198,9,0.6041,4.6479,9,1.1346,0,9,44.6871,1.052,9,0.253,31.4362,42.3445,0,2.1218,36.4902,0,0.6238,0,25.3896,9,0,0,0,0,0,0,0,0,0,0
"Colombia",3411.6265,142.5341,77.1513,64.2897,48.2243,572.4229,66.9237,39.9852,9.7771,1.099,0.1034,3.5742,2.4555,0.678,0.4993,1008.7854,0.5845,151.6915,47.0812,60.6304,8.3971,242.3571,79.6261,0,1194.8998,4.2198,4.2435,870.0354,452.4785,1227.0411,133.6472,8.7592,23.5226,353.6904,25.4826,378.5869,52.4947,521.4709,463.3869,2.6831,142.0079,0,0,89.3032,92.9629,0,182.6151,35.0113,0.2665,54.9792,31.8164,34.6204,0.3092,307.3774,0,0.6175,1.672,1.2266,10.0993,0,0.5283,11.1244,3.0921,0.0365,6.5833,0.1458,8.3812,44.289,6.7921,8.798,0.3713,49.0561,2.4851,0.0129,3.9712,0.1125,244.3934,46.0992,33.4563,68.9053,0.8491,0,0.0927,0.0017,0.0074,0.0143,0.2826,1.2475,0.4077,0.0128,0.1305,0.077,0.0195,0.0044,0.6828,0.0028,2.3136,0.0776,0.735,19.0191,0.0763,0.2047,0.0251,0.2866,0,0.1449,0.0938,0.4043,0.0001,0.0363,0.0042,0.0422,0.1572,0.2134,1.2126,0.2102,0.0526,0.0263,0,8.1681,0,0.0001,0.0142,0.0844,0.1653,0.0027,0.0557,0,0.4919,3.5598,1.0412,4.5957,0.0629,0.2826,155.5255,0.5605,3.1684,0.4706,3.141,0.3716,436.1742,1.1167,6.1185,1.423,0.5357,0.329,14.0774,0.0789,0.0056,0.0034,0.001,0.0172,0.1067,0.3429,1440.5817,0.0202,136.7959,0.4513,454.8719,331.9327,236.4332,0.037,19.2647,4.4299,0.0247,0.947,0.0035,0.001,80.4905,0.1481,0.0615,11.7897,72.6282,3.9881,0.0306,1.1127,99.3141,0,1.1917,0.0084,2.2462,0,0.0024,0,0,0.1229,0,0.0201,0,0.0033,0,0.0001
"Venezuela",28397.7832,1304.1382,145.5027,1816.2531,6.0047,869.219,245.734,192.2292,1.4451,1.1822,0.4338,45.159,0.5742,1.032,0.164,653.1814,2.1593,20.3187,47.7257,220.0841,305.9098,442.4662,802.2428,1194.8998,0,8.8723,27.6881,293.2355,261.537,1707.04,26.2355,1.9664,202.7509,482.6392,211.2568,441.0233,42.0696,553.7433,156.2477,0.0297,162.5099,0,0,160.6491,457.1017,0,0.2022,38.815,36.222,54.4416,1.7861,3.0532,2.7148,174.9523,0,2.168,0.795,0.0004,5.952,0,0,1.5303,21.3039,0.0021,17.7233,0.0122,12.754,40.1286,4.0653,5.2004,1.5214,12.4567,15.5679,0.0029,0.0099,0.1516,29.1469,165.9288,71.0901,97.3004,25.1381,0,9,0,0,0,0,1.3613,0.01,0,0,76.4641,0.0143,0,0.211,0,2.7775,0.025,0.13,19.0736,0,0.055,0,0,0,0.3375,0.0243,0.1805,9,0.577,0,0,0.013,0,0.4838,0,0.0889,0,0,18.9071,0.0132,0,0,0,0.0421,0,0.0066,0,12.516,2.0097,5.5794,0.0033,1.6065,11.8618,26.0883,0.008,18.4157,2.1234,25.2206,0.0744,42.877,8.0632,0.0145,0.3821,0,18.4395,8.2393,0.016,0.946,0,12.9,0,0,0.0637,19.8592,9,0,5.6957,358.514,410.942,77.1108,0,12.4639,0.29,0,0.3495,0,9,41.9184,0.0235,0,6.481,14.8667,208.8905,0,2.5386,46.955,0,10.5222,0,35.5579,0,0,0,0,0,0,0,0,0,0,0.172
"Guyana",59.73,118.268,0.0173,30.9543,2.9864,1.1928,36.4898,169.0147,8.125,3.507,5.114,7.9741,1.7794,6.7897,0.2924,0,0.2817,0.7248,0.8031,0.1103,0,4.2438,0.4014,4.2198,8.8723,0,1.2187,1.1589,1.3935,18.1737,0.1191,0.0612,0.5317,1.747,0.048,44.3402,1.1173,8.0298,24.1257,3.1071,3.6811,0,0,0.3526,2.8718,0,56.8957,1.6408,0.1876,0.2377,0.0151,0.003,0.6379,2.7747,0,0.0523,0,0,0.2341,0,0,0,0.056,0.0001,0.0066,9,0.0007,0.6491,0,0,0.0158,0.0737,0.0001,0,9,9,0.1619,0.8284,0.2297,1.1557,0,0,0,0,0,0,9,0,0,9,0,0.0006,9.1898,9,0,0,0.5404,0.0378,0,1.2727,0,0,0,0,0,0,0.3411,0.1002,9,0,0,0,0,0,0,0,0,0,0,0.6583,0.4573,0,0,0,0.0897,0,0.3063,0,0.118,0,0.0337,0,0,0.0132,1.5965,0,0.0181,0,0.0233,0,10.99,0.6879,0,0,0.0009,0,0,0.002,9,0,0,0,0,0,18.7764,0,1.7985,10.9043,1.3259,19.8823,6.6429,0,0.8518,0,0,0.0006,0,0,1.5166,9,0,0,7.4346,1.3115,0,0,0.4322,0,0.1796,0.0099,4.5935,0,0,0,0,0,0,0,0,0,0,0
"Suriname",98.7143,164.8701,0.0456,0.0227,0.0339,0.474,11.7808,27.2812,5.8252,0.2984,0.0128,0.0133,0.0707,0.5826,0,2.4464,0,0.4511,0.133,0.0258,0.0004,0.1991,2.954,4.2435,27.6881,1.2187,0,0.0201,0.2048,17.3934,0.0233,0.0014,0.2517,0.7092,0.045,0.0272,0.0742,41.3558,98.3481,0.0076,80.3088,0,0,0.2893,0.3347,0,2.4269,2.2196,1.1685,0.3941,0.0548,0.428,0.1395,5.5657,0,0.0169,0.0184,0,0.0424,0,0,0.0353,0.0054,0.096,0.0002,9.0003,0.0014,0.0144,0,0.0362,0.0018,0.0234,0,0,9,0,0.1133,0.8262,238.8289,0.0838,29.6214,0,0,0,0,0,0.0121,0.0255,0,9.8364,0,0.0312,0,9,1.1775,0.0092,0.1286,0.0084,2.6887,0.0017,0,0,0,0,0,0,9.0489,0.001,0,0,0,0,9,0,0,0,0.0188,0.0131,0,0.1059,0.0338,0,0,0,0.0312,0,0,0,0.004,0.0004,0,0,0,0,1.2085,9,0.0237,0,0.0092,0.0459,0.0216,0.1234,0,9,0.0025,0,21.474,0,9,0,0,0,0,0,10.3134,0,1.2176,1.2357,0.0897,5.6277,2.619,9,0.1422,0,0,0.0328,9,0,1.3504,0,0,0.0269,0.3336,0.382,9,0.061,0.8695,0,1.006,0,0.1249,9,0,0,0,0,0,0,0,0,0,0
"Ecuador",4182.7853,14.3273,0.8644,7.7948,0.6294,88.1761,30.5041,19.416,0.7462,0,0,0.001,0.0875,0.1549,0,186.4563,0.0848,54.6022,83.8184,114.992,109.9264,4.3247,434.6338,870.0354,293.2355,1.1589,0.0201,0,593.916,584.3052,9.6043,4.1968,138.3598,283.3724,62.7373,12.4721,13.4519,50.0009,148.2262,0.0219,50.1341,0,0,0.6008,105.4193,0,42.7556,299.4244,63.8098,5.3124,4.64,45.5661,0.428,274.0255,0,2.1248,7.9097,6.184,19.1858,0,0,9.7564,39.9022,0.2421,12.5321,2.0685,56.6323,375.9919,7.441,14.7512,9.5144,13.3741,7.1956,4.0322,2.2324,2.3395,66.1752,10.181,1.4699,9.3306,0.7583,0,0.0037,0,1.6741,0,0,0.0469,0.0102,0,0,0.2569,0,0,0.3017,0.0007,0.1188,0.0298,0.0177,30.2882,0.0178,0.0197,0,22.4837,0.0002,0.0732,1.0409,0.115,9,0,0,0,0,0,25.3389,0.0245,0.0147,0.0038,0,0.1401,0.0026,0,0.0039,21.3969,0.1792,0,0.0709,0,1.5971,31.6519,4.607,0.0296,96.435,5.2442,29.1329,0.0001,0.3964,13.4752,1.1064,0.7391,23.2633,15.4686,0.0151,0.4171,0.0792,0.5988,1.5292,0.0342,0.1635,0.0002,0,0.71,0.048,9.7379,605.8079,9,145.3985,0.3833,495.1436,221.9238,12.4039,0,2.8441,0.1708,9,2.4342,0,0.0047,132.1582,0.0251,0,6.1827,8.719,3.0046,0.007,20.6998,18.2302,0,0.7158,0.0048,22.1661,0.1261,0.0047,0,0,0.0079,9,0,0,0,0,0
"Peru",3025.366,1032.6885,2.872,2.6141,24.5803,18.0973,1.7431,14.126,0.7043,0.1989,0.0182,0.5351,0.4344,0.3156,0.296,29.0572,0.5969,24.4704,39.8743,54.8779,7.9937,2.118,5.0112,452.4785,261.537,1.3935,0.2048,593.916,0,549.2174,28.5697,75.17,446.4944,623.5747,38.4199,133.8134,20.5628,414.4465,100.9166,1.6718,5.0908,0,0,66.0433,399.4212,0,1.1943,218.7017,19.6992,26.9096,3.3765,5.0013,7.9426,167.2899,0,0.0599,0.0747,0.0935,0.9146,0,0.4324,0.694,11.8115,0.4901,80.9911,0.1541,1.5579,26.9901,0.9761,16.5214,0.8923,57.5444,3.915,0.7501,0.1154,0.0029,28.1944,36.9166,93.9888,29.6697,0.1289,0,0.2023,0.1126,0.0142,1.844,1.1737,5.4432,0.0984,0.16,0.0014,0.0659,1.9396,0.7394,0.5229,0.0719,0.6782,0.0014,2.0613,112.5815,0.1309,0.0928,0,0.1098,0.301,0.0009,0.0385,0.515,0,0.1372,0.0073,1.5116,0.0007,0.0004,284.654,0.0772,0.0351,0.1039,0.0512,23.1601,0.005,0.0009,0.7745,0.0517,0.7572,0,0.475,0.011,3.7702,15.9538,0.3519,0.399,0.2241,0.1723,22.6793,0.003,1.4995,1.4234,1.406,0.5014,25.4078,5.164,0.0949,22.9443,0.0974,2.9414,0.5007,0.0744,0.0555,0.0008,0.7833,0.9504,0.1039,15.5353,1152.2749,0.044,105.8613,1.5506,110.387,232.392,101.6286,0,0.0807,9.9321,0.0485,4.5123,0.0001,1.4893,23.3732,0.6535,0.0659,11.865,96.0528,23.7958,0.0028,0.2785,24.1716,0,25.856,0.0003,11.3346,0.0301,0.0001,0,0,0,0.0003,0.0001,0,0,0,0
"Brazil",12082.877,1744.9527,1630.8701,227.2868,50.3468,308.4057,153.2449,654.6162,23.9343,1.718,5.6333,3.5033,2.926,4.2164,0.8863,4807.6592,3.4114,232.1985,124.7214,261.9105,85.2476,313.1953,110.7074,1227.0411,1707.04,18.1737,17.3934,584.3052,549.2174,0,575.0428,578.6601,1954.8253,3572.524,281.694,1563.1525,96.5455,4551.4086,662.9411,10.1162,135.8643,0,0,824.96,1066.1958,0,966.3684,333.1738,131.3439,256.8507,90.0642,43.786,4.5573,1078.1514,0,6.7966,21.7864,36.5345,128.6787,0,6.1609,92.5505,272.2376,106.8514,239.7798,12.013,474.4379,1547.8946,1.483,8.1532,15.6812,154.8289,80.5093,29.123,32.3074,9.0817,50.6339,497.6416,189.8218,55.5593,7.8907,0,0.6727,1.1487,306.2803,35.721,14.8791,145.126,8.9816,48.0063,0.6413,51.0891,22.4208,18.3825,9.541,9.4605,240.1881,6.7713,95.6538,1868.4935,30.1817,2.1302,0.5645,33.4372,18.3144,6.4838,83.7296,15.1917,0.3215,0.0809,49.3249,4.5544,29.2513,8.9255,572.3124,27.8537,4.4819,12.1308,3.8331,1061.1595,12.8378,1.2192,2.1893,0.1319,13.5683,1.8919,12.8345,0,104.9269,2592.0992,88.4306,196.525,54.1884,825.1766,677.8349,519.7809,540.5427,122.0817,153.8717,76.0455,348.8029,160.0282,149.9803,174.3517,151.4736,115.0534,715.9735,57.821,1.2289,0.1713,0.1771,1.97,7.0993,157.1676,4587.9685,2.3787,629.426,6.0171,58.5872,656.4976,455.1163,0.0359,310.2058,85.9402,1.7269,1.0925,0.7911,11.4343,504.7031,0.3778,0.0316,23.0733,178.3276,183.3926,0.6581,88.9927,47.3316,0,85.9999,2.065,75.5818,0.0007,0.1857,0.1595,0.0013,1.0118,0.1929,0,0,0.0659,0,2.3739
"Bolivia",16.4264,5.4289,0.015,1.3278,0.1197,1.7801,0.0691,0.0201,0.1445,0.005,0,0,0.0041,0,0,17.9972,0.0047,0.036,0.1823,0.1471,0.092,0.3269,5.4445,133.6472,26.2355,0.1191,0.0233,9.6043,28.5697,575.0428,0,8.7642,123.7508,92.0342,4.0048,17.8831,0.7267,18.8783,13.7922,0.0949,20.4695,0,0,5.3628,13.6646,0,0.0629,17.5566,0.3763,0.3905,0.5717,0.7329,0.4782,0.4829,0,0.0662,0.0415,0.0063,0.1142,0,9.0016,0.1237,0.0138,0.0012,0.0598,0,0.0597,2.0935,0.0956,0.0423,0.1822,2.5711,0.0151,0,9.0082,0,2.9425,37.0508,0.3996,2.0568,0.5469,0,9.0497,9,0,9,9.0003,0.0459,0,9.0001,0,0.0035,0,9,0.0025,0,0.4868,0.0778,0.0002,0.0001,0.0087,0,9,0.0817,9,0,0.0041,0.0002,0.0039,0,0,9,0.0215,9,0.0149,0.0045,0.0095,0.0282,9.0001,3.2339,0,0.001,0,0.0565,0.0003,0,0.0013,9.0019,1.1572,0.0696,0.0218,0.001,0.0007,0.018,0.4597,0,0.2692,0.1558,0.0214,0.059,2.2145,0.1341,0,0,0,0,2.8637,0.0002,9.0001,9,9,9,0,0,103.4082,9.0017,8.7614,0.103,16.0942,62.2207,10.9488,9.023,0.1145,0.3444,0.0002,0.5447,0,0,2.6045,9.0009,9,0.8301,0.5287,1.2179,0.0016,0.8985,4.148,0,2.5837,0,0.4989,9,9,9,9,0,9.0015,9.0001,0,0,0,9.0001
"Paraguay",127.9824,1.5744,2.4884,0.1337,0,0.5073,0.033,0.0723,0.0004,0.0727,0.0043,0,0,9,9,11.776,0.0028,0.3187,0.0697,0.3004,0.6386,0.0053,1.1852,8.7592,1.9664,0.0612,0.0014,4.1968,75.17,578.6601,8.7642,0,75.2927,221.5406,35.0354,25.0492,0.4891,73.4191,0.3861,0.1389,29.022,0,0,146.5339,11.0323,0,4.2196,40.0659,0.9347,3.712,0.1652,0.1259,0.3769,65.4942,0,1.6744,0.781,0,0.1511,0,0,0.0359,21.5664,0.0169,0.406,0.3544,0.1867,70.7014,0,0.0905,0.0292,0.1045,0.0068,0.1622,0.2588,0.1422,5.3802,19.9635,0.0526,0.6943,0.1266,0,9,0,0.7139,0.0266,9,0.097,0,0.0005,0.148,0.3483,9,0,0.3865,0,0.2803,0,0,0,0.1003,0,0,0.1818,0,0,0,0,0.0955,9,9,9,0,0,7.3832,0,0,7.9163,0,4.1258,0.274,0,0,0,0.0217,0.0574,0.1304,9,33.051,2.2817,3.3632,0,9.1163,0.0026,21.5433,0,3.9513,0.7467,14.5223,0.0957,13.2439,5.5535,0,0.7127,0.4648,0,3.048,0.0074,0,0,9.0421,0,0,0.0006,593.7656,0,44.6127,10.2475,33.7158,79.9492,13.7042,0,1.4594,0.0162,0.0106,0.146,0,0.0012,0.2921,0,0,0.5968,32.6717,9.5166,0,0.3899,1.6396,0,1.6813,0,0.1931,0,0,9,0,0,9,9,0,0,0,0.0427
"Chile",2317.1191,1086.2366,1.8204,44.5313,6.6809,34.3086,10.7327,0.7259,2.5647,0.1003,0.1463,0.5108,0.2584,0.3838,0,1123.6197,0.7771,51.3504,67.4659,98.2705,12.6065,129.7513,9.4991,23.5226,202.7509,0.5317,0.2517,138.3598,446.4944,1954.8253,123.7508,75.2927,0,4150.8647,33.6926,589.7649,4.3118,2128.72,106.2187,14.005,616.8228,0,0,98.174,491.5905,0,13.0106,414.8224,1.9726,64.1757,8.7595,12.5236,4.2634,1260.8707,0,0.5786,0.1251,0.1057,1.3805,0,0.0712,3.5695,107.012,0.6462,167.6712,0.6038,17.1702,107.1193,1.0332,9.3613,5.9446,73.5543,4.4356,3.5418,0.0412,0.1823,335.4941,107.0598,16.292,53.5747,0.6356,0,9,0,0.1936,0,0,1.2538,0.091,0.0152,0.0398,0.3936,1.0011,0.0232,0,0.0013,5.1006,0.0015,1.2623,230.3145,0.1003,0.0187,0,0,0,0.0978,0.9829,0.9418,0.0022,0,0,0,0.4269,0,1195.9517,0.8683,0.065,0.0471,0.3795,11.8317,0.0772,0,0,0,0.0629,9,1.7494,0,21.2089,2.6622,1.689,0.3709,0.5412,2.298,260.9402,1.191,3.1769,0.5839,2.0024,0.6649,39.1133,85.7709,1.6607,9.7074,2.5443,4.6424,88.5194,15.0644,0.0065,0,0.0195,0.0658,0,20.2896,1733.4687,0.0273,1054.1557,42.933,1138.3466,3717.5827,264.6663,0,42.9366,7.6929,0.0818,1.6684,0.0052,0.0261,4.5476,0.2029,0.0078,36.8414,5.6442,72.04,0,5.8444,22.1356,0,57.6636,0.0426,8.1197,0.2072,0.0414,0.5272,0.0112,1.6019,0.9156,0.0459,0,0,0,3.0114
"Argentina",421.498,348.861,18.4986,104.7551,12.6541,103.4849,13.7998,29.7417,3.8116,0.7427,0.3666,43.5727,0.7283,0.5521,0.2658,694.5761,1.4159,62.5276,46.7072,70.3308,47.2802,58.7608,27.8238,353.6904,482.6392,1.747,0.7092,283.3724,623.5747,3572.524,92.0342,221.5406,4150.8647,0,280.9963,205.724,38.3466,970.9258,388.0069,3.7134,226.3137,0,0,153.1345,1177.5294,0,152.2092,128.238,274.1874,64.8517,11.2574,48.5318,1.3909,418.326,0,1.9183,2.175,8.1175,82.4951,0,13.8202,45.3525,97.5692,23.4071,73.1261,1.2622,3.3531,454.5805,6.0488,25.7038,5.1757,7.4076,21.9043,2.767,9.5821,1.8622,19.2813,140.9553,39.6142,275.7959,2.2529,0,0.2215,0.3213,1.75,1.3184,1.5916,35.9621,0.0468,4.5263,8.9337,20.8731,1.9153,0.4291,3.3482,3.5113,12.2936,0.5198,7.8784,118.7505,9.1051,0.078,0.4306,47.1126,14.0162,24.4961,27.8722,26.6742,0.0518,0,0,0.1102,0.1439,2.0469,153.1882,26.0652,0.8864,1.9272,1.6511,369.5228,1.2462,0.1138,1.8741,0.1619,14.5221,0.119,38.1855,0.3006,237.6108,591.1999,131.9666,66.2461,30.765,2.4209,228.1307,20.6467,493.7846,179.4841,23.0104,88.7916,75.9086,275.0063,83.4318,33.1862,1.3679,27.5338,222.1512,66.1714,0.5438,0.007,0.1,0.52,0.007,21.5692,2193.3976,3.1841,71.098,0,5.9033,229.51,499.2794,0,39.4806,94.3521,7.2732,55.3191,0.0422,13.1967,106.4012,0.627,0,255.1909,524.2704,117.3229,0.3927,234.5088,271.4095,0,33.8217,0,7.0124,0.2128,0,0,0,0.0937,0,0,0,0,0,0.01
