"","United States of America","Canada","Cuba","Dominican Republic","Mexico","Guatemala","Honduras","El Salvador","Nicaragua","Costa Rica","Panama","Colombia","Venezuela","Ecuador","Peru","Brazil","Bolivia","Paraguay","Chile","Argentina","Uruguay","United Kingdom","Ireland","Netherlands","Belgium","Luxembourg","France","Switzerland","Spain","Portugal","Germany","Poland","Austria","Hungary","Czechoslovakia","Italy","Albania","Yugoslavia","Greece","Bulgaria","Romania","Russia","Estonia","Latvia","Lithuania","Finland","Sweden","Norway","Denmark","Liberia","Ethiopia","South Africa","Iran","Turkey","Saudi Arabia","Yemen Arab Republic","Afghanistan","China","Mongolia","Japan","Nepal","Thailand","Australia","New Zealand"
"United States of America",0,342.75,80.37,8.03,14,2.1,7.65,5.24,1.62,4.64,9.25,36.22,6.37,0.86,1.76,81.36,1.64,0.98,39.23,102.58,17.59,562.22,19.14,25.45,19.75,0,108.89,8.13,27.97,11.72,170.97,39.52,17.18,6.56,11.34,69.52,0.32,4.12,9.25,1.2,0,121.72,0.04,1.73,0.35,10.61,17,8.73,59.26,0,0.8,64.49,1.39,0,0,0,0,20.3,0,129.0654,0,3.23,113.75,1.12
"Canada",342.75,0,1.41,1.4,1.65,0,0,0,0,0,0,0,0.07,9.05,9.3,0.65,0,0.06,0.24,1.57,9.09,23.05,3.49,3.78,8.65,0,7.93,8.49,3.26,0,50.34,0.15,0.8,0.01,2.09,31.55,0.0012,0.04,8.94,0,0,0.55,0.03,0.0041,0.0017,0.7,1.34,4.04,3.94,0,0.0319,12.39,0,0,0,0,0,21.31,0,19.17,0,0.01,12.63,15.27
"Cuba",80.37,1.41,0,0.61,1.32,0.1,0,0.304,0.13,0.1433,0.2767,0.58,1.21,0.3582,0.01,1.0052,0.01,0.1094,0.84,3.22,1.08,25.99,0.868,1.48,2.39,0,3.18,0.88,6.85,0.05,5.22,0.2387,0.11,0.0002,0.0089,1.91,0,0.0002,0.0694,0.0003,0.02,0.0083,0,0,0,0.0021,0.39,1.94,0.59,0,0,0.17,0.0015,0.0068,0,0,0,0.32,0,0.86,0,0.77,0.23,1.22
"Dominican Republic",8.03,1.4,0.61,0,0.0637,0.001,0,0,0,0,0,0,0,0,0.0018,0,0,0,0.0001,0.0017,0.0003,7.52,0,0.02,0.21,0,2.76,0,0.23,0,0.23,0.0001,0.0012,9,0,0.23,0,0,0.03,0,0,0,0,0,0,0,0,0,0,0,0,0,0,0,0,0,0,0,0,0,0,0,9,0
"Mexico",14,1.65,1.32,0.0637,0,9.3,0,0,0,0,0,0,0,0,0,2.071,0,0.11,0,3.93,9.96,17.52,0,2.3,16.99,0,0.51,1.7765,0.67,0,7.97,0.43,0.1,0,0.24,0.58,0.0006,0,0.0092,0,0,0,0,0,0.0499,0,0,0.36,0.04,0,0,0,0,0,0,0,0,0,0,0.34,0,0,0,0
"Guatemala",2.1,0,0.1,0.001,9.3,0,0,0,0,0,0,0,0,0,0,0,0,0,0,0,0,2.15,0,1.67,0.77,0,0.68,0,0.25,0,16.02,0.38,0.15,0,0.0064,0,0,0.0002,0,0,0,0,0,0,0,0,0,0.01,0.08,0,0,0,0,0,0,0,0,0,0,0.278,0,0,0,0
"Honduras",7.65,0,0,0,0,0,0,0,0.12,0,0,0,0,0,0,0,0,0,0,0,0,1.02,0,0.11,0,0,0.25,0,0,0,2.77,0.0004,0.0014,0,0,0.244,0,0,0,0,0,0,0,0,0,0,0,0,0,0,0,0,0,0,0,0,0,0,0,0,0,0,0,0
"El Salvador",5.24,0,0.304,0,0,0,0,0,0,0.06,0,0,0,0,0.36,0,0,0,0.09,0,0,2.36,0,1.68,0.15,0,0.74,0,0.04,0,4.3,0.0697,0.0367,0,9.09,1.09,0,0.0003,0,0,0,0,0,0,0,0,1.24,1.44,0.216,0,0,0,0,0,0,0,0,9.06,0,0.3885,0,0,0,0
"Nicaragua",1.62,0,0.13,0,0,0,0.12,0,0,0.692,0,0,0,0,0.2911,0,0,9,0,0,0,0.87,0,0.1,0,0,0.89,0,0.1,0,0.2,0.0699,0.0081,0,0,0.05,0,0,9,0,0,0,0,0,0,0,0,0,0.01,0,0,0,0,0,0,0,0,9.01,0,0.16,0,0,0,0
"Costa Rica",4.64,0,0.1433,0,0,0,0,0.06,0.692,0,0.04,0.08,0,0,0.11,0,0,0,0,0,0,7.74,0,0.13,9.37,0,0.44,0,0.23,0,1.56,0.11,0.0174,0,0.0023,0.38,0,0.0007,0,0,0,0,0.0003,0,0,0,0,0.07,0.01,0,0,0,0,0,0,0,0,0,0,0.1,0,0,0,0
"Panama",9.25,0,0.2767,0,0,0,0,0,0,0.04,0,0,0,0,9.19,0,0,0,0,0,0,1.58,0,0.25,9.16,0,0.03,0,9.2,0,0.13,0,0.0061,0,0,0.139,0,0.0001,0.0083,0,0,0,0,0,0,0,0,0,0,0,0,0,0,0,0,0,0,9.8,0,0.13,0,0,0,0
"Colombia",36.22,0,0.58,0,0,0,0,0,0,0.08,0,0,0.93,2.23,0,0,0,0,0,0,0,11.85,0,0.27,3.39,0,6.31,0,1.73,0,15.05,0.11,0.18,0,0.05,3.4,0,0.11,0.01,0,0,0,0,0,0,0,0,0.02,0.66,0,0,0,0,0,0,0,0,0,0,1.36,0,0,0,0
"Venezuela",6.37,0.07,1.21,0,0,0,0,0,0,0,0,0.93,0,0,0,0,0,0,0,0.0505,0,9.47,0,5.91,3.42,0,0.43,0,2.34,0,10.73,0.09,0.0648,0,0.18,1.13,9,0.0006,0.0024,0,0,0,0,0,9,0,0,0.23,1.51,0,9,0,0,0,0,0,0,9.0037,0,0.19,0,0,0,0
"Ecuador",0.86,9.05,0.3582,0,0,0,0,0,0,0,0,2.23,0,0,0.31,0,0,0,1.27,0.0284,0,2.77,0,0.49,0.67,0,0.16,0,0.81,0,1.1,0.01,0.04,0,0,0.33,0,0.0073,0,0,0,0,0,9,0,0,0.25,0.03,0,0,0,0,0,0,0,0,0,0.0072,0,0.02,0,0,9.03,0
"Peru",1.76,9.3,0.01,0.0018,0,0,0,0.36,0.2911,0.11,9.19,0,0,0.31,0,8.12,1.09,0,9.01,13.42,0,13.18,0,0.1,0.52,0,1.41,0,0.42,0,4.05,0.05,0.03,0,0.24,2.88,0,0.005,0.09,0,0,0,0.0006,0,0,0,1.81,0.13,0.08,0,9,0,0,0,0,0,0,9.008,0,0.9,0,0,11.38,0
"Brazil",81.36,0.65,1.0052,0,2.071,0,0,0,0,0,0,0,0,0,8.12,0,0.28,0.1156,1.78,14.29,3.46,47.78,0,1.33,5.92,0,19.92,1.05,0.06,4.04,2.14,3.51,4.22,0,7.51,4.43,9,3.69,1.45,0,0,0,0,0.0005,0,1.36,7.64,1.9,3.17,0,0,4.04,0,0,0,0,0,0.3403,0,0.71,0,0,0,0
"Bolivia",1.64,0,0.01,0,0,0,0,0,0,0,0,0,0,0,1.09,0.28,0,0,1.28,1.44,0,34.23,0,0.84,0,0,0.67,0,0.1893,0,2.79,0.0189,0.0004,0,0,9.98,0,0,9,0,0,0,0,0,0,0,0,0.01,0,0,0,0,0,0,0,0,0,0,0,0,0,0,0,0
"Paraguay",0.98,0.06,0.1094,0,0.11,0,0,0,9,0,0,0,0,0,0,0.1156,0,0,0.0065,4.25,0.42,2.51,9,0.11,0.02,0,0.46,0.0863,0.0166,0,0.27,0.0007,0.0154,0,0,0.6,0,0.006,0.004,0,0,0,0,0,0,0.0013,0,0,0,0,0,0.0019,0,0,0,0,0,9,0,0.2781,0,0,0.0068,0.0005
"Chile",39.23,0.24,0.84,0.0001,0,0,0,0.09,0,0,0,0,0,1.27,9.01,1.78,1.28,0.0065,0,4.39,0,2.44,0,7.05,7.24,0,34.71,9.97,3.29,0,0.31,4.21,0.56,0,5.3,1.65,0,0.26,0.0112,0,0,0.34,0.0032,0.0045,0,0,2.41,1.95,0.65,0,0,0,0,0,0,0,0,0.19,0,3.31,0,0,0.2379,0
"Argentina",102.58,1.57,3.22,0.0017,3.93,0,0,0,0,0,0,0,0.0505,0.0284,13.42,14.29,1.44,4.25,4.39,0,1.3,241.39,11.73,58.04,25.47,0,41.69,10.57,1.31,1.92,81.75,3.63,1.99,0.21,10.22,5.5,0,0.33,3.35,9.0072,0,9.16,0.01,0.08,0.1398,0.12,4.41,6.66,3.75,0,0,2.01,0,0,0,0,0,9.48,0,2.9,0,0,0.07,0.0034
"Uruguay",17.59,9.09,1.08,0.0003,9.96,0,0,0,0,0,0,0,0,0,0,3.46,0,0.42,0,1.3,0,6.11,0,0.02,1.55,0,7.72,0,2.8,0.0559,4.59,0.0589,0.43,0,1.23,2.19,0,0.1971,0.0098,0,0,1.77,0,0,0,0,0,0.0695,0.0005,0,0,0,0,0,0,0,0,0.0062,0,1.02,0,0,9.0082,0
"United Kingdom",562.22,23.05,25.99,7.52,17.52,2.15,1.02,2.36,0.87,7.74,1.58,11.85,9.47,2.77,13.18,47.78,34.23,2.51,2.44,241.39,6.11,0,19.18,97.75,99.8,0,27.94,28.83,36.29,11.84,115.41,3.25,0.18,1.25,6.13,30.48,0.75,4.51,107.37,4.61,0,71.6,4.36,11.87,6.44,48.58,40.22,6.71,200.26,0,0.01,103.51,39.29,4.05,0,0,0,28.28,0,30.8,0,13.62,41.38,192.34
"Ireland",19.14,3.49,0.868,0,0,0,0,0,0,0,0,0,0,0,0,0,0,9,0,11.73,0,19.18,0,2.18,2.7,0,0.73,0.02,0.0691,0,7,0.18,0.04,0,0.49,0.79,0,0.0003,0.25,0,0,0,0.02,0.6894,0.0013,0,1.71,0.9,0.18,0,0,9.14,0,0,0,0,0,0,0,0,0,0,0.91,9.0048
"Netherlands",25.45,3.78,1.48,0.02,2.3,1.67,0.11,1.68,0.1,0.13,0.25,0.27,5.91,0.49,0.1,1.33,0.84,0.11,7.05,58.04,0.02,97.75,2.18,0,1.43,0,19.09,0.13,1.31,2.31,171.28,3,2.93,4.49,3.85,3.5,0.0046,0.78,0.17,0.63,3.33,14.67,0.58,3.73,0.59,4.54,2.1,8.16,16.68,0.06,0.0019,0.7,0.9,1.09,0,0,0.28,1.71,0,5.35,0,1.51,4.19,1.2
"Belgium",19.75,8.65,2.39,0.21,16.99,0.77,0,0.15,0,9.37,9.16,3.39,3.42,0.67,0.52,5.92,0,0.02,7.24,25.47,1.55,99.8,2.7,1.43,0,0,38.81,6.9,1.58,6.11,81.16,0.54,2.56,0.37,3.7,17.78,0,0.3,3.99,0.46,0,9.28,0.09,3.38,0.09,7.75,6.44,18.22,9.3,0,0,12.67,1.04,0,0,0,0,13.66,0,5.96,0,1.06,21.88,0.05
"Luxembourg",0,0,0,0,0,0,0,0,0,0,0,0,0,0,0,0,0,0,0,0,0,0,0,0,0,0,0,0,0,0,0,0,0,0,0,0,0,0,0,0,0,0,0,0,0,0,0,0,0,0,0,0,0,0,0,0,0,0,0,0,0,0,0,0
"France",108.89,7.93,3.18,2.76,0.51,0.68,0.25,0.74,0.89,0.44,0.03,6.31,0.43,0.16,1.41,19.92,0.67,0.46,34.71,41.69,7.72,27.94,0.73,19.09,38.81,0,0,52.3,4.95,5.24,106.13,12.14,0.33,2.27,13.02,47.58,0.0133,0.27,7.1,2.53,0.66,30.47,0.02,2.24,0.23,8.05,17.56,4.85,15.28,9,9,20.65,5.69,6.11,9,0,0.0001,37.59,0,1.56,0,1.35,80.88,3.15
"Switzerland",8.13,8.49,0.88,0,1.7765,0,0,0,0,0,0,0,0,0,0,1.05,0,0.0863,9.97,10.57,0,28.83,0.02,0.13,6.9,0,52.3,0,2.13,1.18,58.94,6.13,9.68,2.21,1.98,10.32,0,0.84,0.64,0.57,1.18,0.56,0,0.76,0.11,0.93,3.73,1.23,0.99,0,0,13.02,0,0,0,0,0,2.65,0,6.25,0,0.88,2.81,0
"Spain",27.97,3.26,6.85,0.23,0.67,0.25,0,0.04,0.1,0.23,9.2,1.73,2.34,0.81,0.42,0.06,0.1893,0.0166,3.29,1.31,2.8,36.29,0.0691,1.31,1.58,0,4.95,2.13,0,0.4,17.69,0.33,1.08,0,1,1.85,0,0.13,0.0665,0,0,8.34,0.01,0.0177,0.65,2.31,8.83,0.95,0.33,0,0,0,0,1.61,0,0,0,0.9456,0,0.5,0,0,0.111,0
"Portugal",11.72,0,0.05,0,0,0,0,0,0,0,0,0,0,0,0,4.04,0,0,0,1.92,0.0559,11.84,0,2.31,6.11,0,5.24,1.18,0.4,0,11.78,0.42,0.36,0,0.69,0.85,0,0.0473,0.41,0,0,0.09,0,0,0,0,0.2,2.11,0.06,0,0,0,0,0.01,0,0,0,0,0,0,0,0,0,0
"Germany",170.97,50.34,5.22,0.23,7.97,16.02,2.77,4.3,0.2,1.56,0.13,15.05,10.73,1.1,4.05,2.14,2.79,0.27,0.31,81.75,4.59,115.41,7,171.28,81.16,0,106.13,58.94,17.69,11.78,0,14.49,47.29,15.79,33.73,34.8,0.05,6.4,8.53,0.45,11.16,81.3,5.32,11.19,13.23,40.31,63.44,35.64,69.73,0.28,0.38,13.28,6.36,0.96,0,0,0,45.92,0,62.19,0,4.03,52.76,1.95
"Poland",39.52,0.15,0.2387,0.0001,0.43,0.38,0.0004,0.0697,0.0699,0.11,0,0.11,0.09,0.01,0.05,3.51,0.0189,0.0007,4.21,3.63,0.0589,3.25,0.18,3,0.54,0,12.14,6.13,0.33,0.42,14.49,0,20.7,5.21,12.96,4.32,0.0056,2.16,0.02,3.57,4.19,3.46,0.33,0.31,0.1,2.73,2.51,1.85,3.84,0.0035,0.0071,0.02,0.01,0.04,0,9,0,0.04,0,1.64,0,0.0032,5.72,0.12
"Austria",17.18,0.8,0.11,0.0012,0.1,0.15,0.0014,0.0367,0.0081,0.0174,0.0061,0.18,0.0648,0.04,0.03,4.22,0.0004,0.0154,0.56,1.99,0.43,0.18,0.04,2.93,2.56,0,0.33,9.68,1.08,0.36,47.29,20.7,0,21.65,36.62,8.32,0.0151,4.67,2.99,2.02,2.14,5.08,0,0.09,0.01,0.27,1.09,0.09,0.3,0,0.029,0.81,0.24,0.1,0,0,0.0003,0.1,0,0.46,0,0.0343,3.23,0.22
"Hungary",6.56,0.01,0.0002,9,0,0,0,0,0,0,0,0,0,0,0,0,0,0,0,0.21,0,1.25,0,4.49,0.37,0,2.27,2.21,0,0,15.79,5.21,21.65,0,11.26,1.67,0.01,0.77,1.79,0.37,8.56,0.45,0.003,0.0103,0.0031,0,0.13,0.18,0.1,0,0.0001,0,0,1.5,0,0,0,0.1262,0,0.0147,0,0,0.0076,0
"Czechoslovakia",11.34,2.09,0.0089,0,0.24,0.0064,0,9.09,0,0.0023,0,0.05,0.18,0,0.24,7.51,0,0,5.3,10.22,1.23,6.13,0.49,3.85,3.7,0,13.02,1.98,1,0.69,33.73,12.96,36.62,11.26,0,0.48,0.4569,13.32,0.14,3.21,28.03,2.64,0.09,1.29,1.46,2.2,3.27,0.02,3.6,0,0.13,3.56,0.57,3.13,0,0,9,0.53,0,1.69,0,0,2.01,0.2
"Italy",69.52,31.55,1.91,0.23,0.58,0,0.244,1.09,0.05,0.38,0.139,3.4,1.13,0.33,2.88,4.43,9.98,0.6,1.65,5.5,2.19,30.48,0.79,3.5,17.78,0,47.58,10.32,1.85,0.85,34.8,4.32,8.32,1.67,0.48,0,1.73,18.9,3.78,1.58,1.94,12.58,0,0.44,0.3184,0.11,1.51,3.54,1.32,0,0,1.18,0.85,6.49,0,0,0,2.73,0,1.76,0,0.91,19.75,0
"Albania",0.32,0.0012,0,0,0.0006,0,0,0,0,0,0,0,9,0,0,9,0,0,0,0,0,0.75,0,0.0046,0,0,0.0133,0,0,0,0.05,0.0056,0.0151,0.01,0.4569,1.73,0,0.0423,0.7572,0.0005,0,0,0,0,0,0,0,9,0,0,0,0,0,0.0093,0,0,0,9,0,0,0,0,0.0002,0
"Yugoslavia",4.12,0.04,0.0002,0,0,0.0002,0,0.0003,0,0.0007,0.0001,0.11,0.0006,0.0073,0.005,3.69,0,0.006,0.26,0.33,0.1971,4.51,0.0003,0.78,0.3,0,0.27,0.84,0.13,0.0473,6.4,2.16,4.67,0.77,13.32,18.9,0.0423,0,8.99,2.16,1.56,0.1786,0.0052,0.0001,0.0013,0.0003,0.29,0.15,0.04,0.0005,0.0003,0.01,0.0005,0.12,0,0,0,0.2691,0,0.17,0,0.0005,0.01,0.0001
"Greece",9.25,8.94,0.0694,0.03,0.0092,0,0,0,9,0,0.0083,0.01,0.0024,0,0.09,1.45,9,0.004,0.0112,3.35,0.0098,107.37,0.25,0.17,3.99,0,7.1,0.64,0.0665,0.41,8.53,0.02,2.99,1.79,0.14,3.78,0.7572,8.99,0,2.44,10.08,3.6292,0,0,0,0.32,1.49,0.13,0.15,0,0.1096,0.06,0.0082,4.09,0,0,9.0001,0.1895,0,0.3399,0,0,2.02,0.01
"Bulgaria",1.2,0,0.0003,0,0,0,0,0,0,0,0,0,0,0,0,0,0,0,0,9.0072,0,4.61,0,0.63,0.46,0,2.53,0.57,0,0,0.45,3.57,2.02,0.37,3.21,1.58,0.0005,2.16,2.44,0,6.9,0.1828,0.01,0.002,0.0099,0,0,0.0596,0.1,0,0,0,0,0.2,0,0,0,9.1,0,0,0,0,0,0
"Romania",0,0,0.02,0,0,0,0,0,0,0,0,0,0,0,0,0,0,0,0,0,0,0,0,3.33,0,0,0.66,1.18,0,0,11.16,4.19,2.14,8.56,28.03,1.94,0,1.56,10.08,6.9,0,9.41,0,0,0,0,0,0.76,0.33,0,0,0,0,0,0,0,0,0,0,0.01,0,0,0,0
"Russia",121.72,0.55,0.0083,0,0,0,0,0,0,0,0,0,0,0,0,0,0,0,0.34,9.16,1.77,71.6,0,14.67,9.28,0,30.47,0.56,8.34,0.09,81.3,3.46,5.08,0.45,2.64,12.58,0,0.1786,3.6292,0.1828,9.41,0,0.1,4.36,1.09,3.61,8.36,0.61,9.32,0,0,0,3.22,3.39,0,0,1.54,0.64,17.4,11.48,0,0,6.77,0
"Estonia",0.04,0.03,0,0,0,0,0,0,0,0.0003,0,0,0,0,0.0006,0,0,0,0.0032,0.01,0,4.36,0.02,0.58,0.09,0,0.02,0,0.01,0,5.32,0.33,0,0.003,0.09,0,0,0.0052,0,0.01,0,0.1,0,0.63,0.18,1.41,0.51,0.38,1.03,0,0,0.0299,0,0,0,0,0,0,0,0,0,0,0.0088,0.0033
"Latvia",1.73,0.0041,0,0,0,0,0,0,0,0,0,0,0,9,0,0.0005,0,0,0.0045,0.08,0,11.87,0.6894,3.73,3.38,0,2.24,0.76,0.0177,0,11.19,0.31,0.09,0.0103,1.29,0.44,0,0.0001,0,0.002,0,4.36,0.63,0,0.79,0.64,0.34,0.35,0.92,0,0,0.22,0,0,0,0,0,0.08,0,0.01,0,0,0.05,0.01
"Lithuania",0.35,0.0017,0,0,0.0499,0,0,0,0,0,0,0,9,0,0,0,0,0,0,0.1398,0,6.44,0.0013,0.59,0.09,0,0.23,0.11,0.65,0,13.23,0.1,0.01,0.0031,1.46,0.3184,0,0.0013,0,0.0099,0,1.09,0.18,0.79,0,0.0032,0.13,0.05,0.24,0,0,0.0038,0,0,0,0,0,0.0196,0,9.03,0,0,0.0008,0
"Finland",10.61,0.7,0.0021,0,0,0,0,0,0,0,0,0,0,0,0,1.36,0,0.0013,0,0.12,0,48.58,0,4.54,7.75,0,8.05,0.93,2.31,0,40.31,2.73,0.27,0,2.2,0.11,0,0.0003,0.32,0,0,3.61,1.41,0.64,0.0032,0,10.8,1.02,4.3,0,0.0092,0,0,0,0,0,0,0.49,0,0.25,0,0,0.13,0
"Sweden",17,1.34,0.39,0,0,0,0,1.24,0,0,0,0,0,0.25,1.81,7.64,0,0,2.41,4.41,0,40.22,1.71,2.1,6.44,0,17.56,3.73,8.83,0.2,63.44,2.51,1.09,0.13,3.27,1.51,0,0.29,1.49,0,0,8.36,0.51,0.34,0.13,10.8,0,12.43,0.03,0,0,6.03,0,0,0,0,0,3.04,0,3.66,0,0,5.82,0
"Norway",8.73,4.04,1.94,0,0.36,0.01,0,1.44,0,0.07,0,0.02,0.23,0.03,0.13,1.9,0.01,0,1.95,6.66,0.0695,6.71,0.9,8.16,18.22,0,4.85,1.23,0.95,2.11,35.64,1.85,0.09,0.18,0.02,3.54,9,0.15,0.13,0.0596,0.76,0.61,0.38,0.35,0.05,1.02,12.43,0,7.18,0,0,1.92,0.38,0.08,0,0,0,2.25,0,1.73,0,0,4.19,0.3899
"Denmark",59.26,3.94,0.59,0,0.04,0.08,0,0.216,0.01,0.01,0,0.66,1.51,0,0.08,3.17,0,0,0.65,3.75,0.0005,200.26,0.18,16.68,9.3,0,15.28,0.99,0.33,0.06,69.73,3.84,0.3,0.1,3.6,1.32,0,0.04,0.15,0.1,0.33,9.32,1.03,0.92,0.24,4.3,0.03,7.18,0,0,0,0.33,0,0,0,0,0,10.4906,0,2.11,0,0.16,0.24,0.18
"Liberia",0,0,0,0,0,0,0,0,0,0,0,0,0,0,0,0,0,0,0,0,0,0,0,0.06,0,0,9,0,0,0,0.28,0.0035,0,0,0,0,0,0.0005,0,0,0,0,0,0,0,0,0,0,0,0,0,0,0,0,0,0,0,0,0,0,0,0,0,0
"Ethiopia",0.8,0.0319,0,0,0,0,0,0,0,0,0,0,9,0,9,0,0,0,0,0,0,0.01,0,0.0019,0,0,9,0,0,0,0.38,0.0071,0.029,0.0001,0.13,0,0,0.0003,0.1096,0,0,0,0,0,0,0.0092,0,0,0,0,0,0.0059,0,0,0,0,0,0,0,0,0,0,0.02,0.0002
"South Africa",64.49,12.39,0.17,0,0,0,0,0,0,0,0,0,0,0,0,4.04,0,0.0019,0,2.01,0,103.51,9.14,0.7,12.67,0,20.65,13.02,0,0,13.28,0.02,0.81,0,3.56,1.18,0,0.01,0.06,0,0,0,0.0299,0.22,0.0038,0,6.03,1.92,0.33,0,0.0059,0,0,0,0,0,0,0.34,0,6.1,0,0,7.47,0.01
"Iran",1.39,0,0.0015,0,0,0,0,0,0,0,0,0,0,0,0,0,0,0,0,0,0,39.29,0,0.9,1.04,0,5.69,0,0,0,6.36,0.01,0.24,0,0.57,0.85,0,0.0005,0.0082,0,0,3.22,0,0,0,0,0,0.38,0,0,0,0,0,2.78,0,0,0.15,2.43,0,0.18,0,0,0,0
"Turkey",0,0,0.0068,0,0,0,0,0,0,0,0,0,0,0,0,0,0,0,0,0,0,4.05,0,1.09,0,0,6.11,0,1.61,0.01,0.96,0.04,0.1,1.5,3.13,6.49,0.0093,0.12,4.09,0.2,0,3.39,0,0,0,0,0,0.08,0,0,0,0,2.78,0,0,0,0,0,0,2.58,0,0,0,0
"Saudi Arabia",0,0,0,0,0,0,0,0,0,0,0,0,0,0,0,0,0,0,0,0,0,0,0,0,0,0,9,0,0,0,0,0,0,0,0,0,0,0,0,0,0,0,0,0,0,0,0,0,0,0,0,0,0,0,0,0,0,0,0,0,0,0,0,0
"Yemen Arab Republic",0,0,0,0,0,0,0,0,0,0,0,0,0,0,0,0,0,0,0,0,0,0,0,0,0,0,0,0,0,0,0,9,0,0,0,0,0,0,0,0,0,0,0,0,0,0,0,0,0,0,0,0,0,0,0,0,0,0,0,0,0,0,0,0
"Afghanistan",0,0,0,0,0,0,0,0,0,0,0,0,0,0,0,0,0,0,0,0,0,0,0,0.28,0,0,0.0001,0,0,0,0,0,0.0003,0,9,0,0,0,9.0001,0,0,1.54,0,0,0,0,0,0,0,0,0,0,0.15,0,0,0,0,0,0,0,0,0,0,0
"China",20.3,21.31,0.32,0,0,0,0,9.06,9.01,0,9.8,0,9.0037,0.0072,9.008,0.3403,0,9,0.19,9.48,0.0062,28.28,0,1.71,13.66,0,37.59,2.65,0.9456,0,45.92,0.04,0.1,0.1262,0.53,2.73,9,0.2691,0.1895,9.1,0,0.64,0,0.08,0.0196,0.49,3.04,2.25,10.4906,0,0,0.34,2.43,0,0,0,0,0,0,107.16,0,4.67,1.42,0.0125
"Mongolia",0,0,0,0,0,0,0,0,0,0,0,0,0,0,0,0,0,0,0,0,0,0,0,0,0,0,0,0,0,0,0,0,0,0,0,0,0,0,0,0,0,17.4,0,0,0,0,0,0,0,0,0,0,0,0,0,0,0,0,0,0,0,0,0,0
"Japan",129.0654,19.17,0.86,0,0.34,0.278,0,0.3885,0.16,0.1,0.13,1.36,0.19,0.02,0.9,0.71,0,0.2781,3.31,2.9,1.02,30.8,0,5.35,5.96,0,1.56,6.25,0.5,0,62.19,1.64,0.46,0.0147,1.69,1.76,0,0.17,0.3399,0,0.01,11.48,0,0.01,9.03,0.25,3.66,1.73,2.11,0,0,6.1,0.18,2.58,0,0,0,107.16,0,0,0,7.36,38.49,2.71
"Nepal",0,0,0,0,0,0,0,0,0,0,0,0,0,0,0,0,0,0,0,0,0,0,0,0,0,0,0,0,0,0,0,0,0,0,0,0,0,0,0,0,0,0,0,0,0,0,0,0,0,0,0,0,0,0,0,0,0,0,0,0,0,0,0,0
"Thailand",3.23,0.01,0.77,0,0,0,0,0,0,0,0,0,0,0,0,0,0,0,0,0,0,13.62,0,1.51,1.06,0,1.35,0.88,0,0,4.03,0.0032,0.0343,0,0,0.91,0,0.0005,0,0,0,0,0,0,0,0,0,0,0.16,0,0,0,0,0,0,0,0,4.67,0,7.36,0,0,0.63,0
"Australia",113.75,12.63,0.23,9,0,0,0,0,0,0,0,0,0,9.03,11.38,0,0,0.0068,0.2379,0.07,9.0082,41.38,0.91,4.19,21.88,0,80.88,2.81,0.111,0,52.76,5.72,3.23,0.0076,2.01,19.75,0.0002,0.01,2.02,0,0,6.77,0.0088,0.05,0.0008,0.13,5.82,4.19,0.24,0,0.02,7.47,0,0,0,0,0,1.42,0,38.49,0,0.63,0,7.31
"New Zealand",1.12,15.27,1.22,0,0,0,0,0,0,0,0,0,0,0,0,0,0,0.0005,0,0.0034,0,192.34,9.0048,1.2,0.05,0,3.15,0,0,0,1.95,0.12,0.22,0,0.2,0,0,0.0001,0.01,0,0,0,0.0033,0.01,0,0,0,0.3899,0.18,0,0.0002,0.01,0,0,0,0,0,0.0125,0,2.71,0,0,7.31,0
