"","United States of America","Canada","Bahamas","Cuba","Haiti","Dominican Republic","Jamaica","Trinidad and Tobago","Barbados","Dominica","Grenada","St. Lucia","St. Vincent and the Grenadines","Antigua & Barbuda","St. Kitts and Nevis","Mexico","Belize","Guatemala","Honduras","El Salvador","Nicaragua","Costa Rica","Panama","Colombia","Venezuela","Guyana","Suriname","Ecuador","Peru","Brazil","Bolivia","Paraguay","Chile","Argentina","Uruguay","United Kingdom","Ireland","Netherlands","Belgium","Luxembourg","France","Monaco","Liechtenstein","Switzerland","Spain","Andorra","Portugal","Germany","Poland","Austria","Hungary","Czech Republic","Slovakia","Italy","San Marino","Malta","Albania","Macedonia","Croatia","Yugoslavia","Bosnia and Herzegovina","Slovenia","Greece","Cyprus","Bulgaria","Moldova","Romania","Russia","Estonia","Latvia","Lithuania","Ukraine","Belarus","Armenia","Georgia","Azerbaijan","Finland","Sweden","Norway","Denmark","Iceland","Cape Verde","Sao Tome and Principe","Guinea-Bissau","Equatorial Guinea","Gambia","Mali","Senegal","Benin","Mauritania","Niger","Ivory Coast","Guinea","Burkina Faso","Liberia","Sierra Leone","Ghana","Togo","Cameroon","Nigeria","Gabon","Central African Republic","Chad","Congo","Democratic Republic of the Congo","Uganda","Kenya","Tanzania","Burundi","Rwanda","Somalia","Djibouti","Ethiopia","Eritrea","Angola","Mozambique","Zambia","Zimbabwe","Malawi","South Africa","Namibia","Lesotho","Botswana","Swaziland","Madagascar","Comoros","Mauritius","Seychelles","Morocco","Algeria","Tunisia","Libya","Sudan","Iran","Turkey","Iraq","Egypt","Syria","Lebanon","Jordan","Israel","Saudi Arabia","Yemen","Kuwait","Bahrain","Qatar","United Arab Emirates","Oman","Afghanistan","Turkmenistan","Tajikistan","Kyrgyzstan","Uzbekistan","Kazakhstan","China","Mongolia","Taiwan","North Korea","South Korea","Japan","India","Bhutan","Pakistan","Bangladesh","Myanmar","Sri Lanka","Maldives","Nepal","Thailand","Cambodia","Laos","Vietnam","Malaysia","Singapore","Brunei","Philippines","Indonesia","Australia","Papua New Guinea","New Zealand","Vanuatu","Solomon Islands","Fiji","Marshall Islands","Palau","Federated States of Micronesia","Samoa"
"United States of America",0,28994.19,742.7,3.85,321.18,903.209,736.1856,283.0084,390.9367,49.407,68.5445,112.4781,72.0908,93.7,32.45,6498.953,89.8775,77.31,1508.2001,281.5058,2.7,1132.0609,1032.6278,218.1856,3756.5,5.26,90.68,309.0546,778.019,4275.374,393.7531,828.07,1213.8399,3662.5327,195.468,6975.602,1343.7026,7773.1318,3949.974,37.6216,558.154,0,0,3275.2754,2193.4214,0,275.6125,12948.746,941.302,908.2317,617.98,486.7567,241.1903,11038.194,0,51.16,10.4089,61.7565,201.63,0,36.21,4.19,622.0988,423.7289,26.056,89.1467,78.93,1956.698,81.39,60.5327,77.4662,4.8,11.854,79.1012,134.85,34.3407,144.2183,4085.0874,343.7039,173.0434,25.38,0,9.53,1,21.97,8.24,23.93,80.4545,38.286,20.94,21.4036,300.1556,88.4225,17.42,28.41,13.55,92.35,8.0465,60.759,3646.7299,1313.26,2.47,3.83,234.98,143.11,16.98,156.3383,46.9108,5.7606,19.68,2.15,21.2,26.3468,24.3,2060.97,12.9,19.5276,10.5184,48.75,659.6528,3.2,103.3,15.2,18.6,55.7105,0.5938,217.3929,10.3183,245.1349,806.967,215.223,81.1848,4.08,0,1376.6001,1243.45,1375.2229,138.0168,574.95,346.8946,3399.2998,764.5474,81.6827,141.9898,123.2633,240.1,1784.6,168.8775,10.01,69.8,0.2482,40.6,128.15,93.1,58111.92,8.6,16186.298,4.84,4382.099,57572.589,4999.1001,1.6,874.5772,1704.3297,139.6,1626.8922,33.2499,132,7917.4657,348.94,18.15,269.673,8074.785,128.707,88.7,5774.1843,6450.0871,9284.1362,64.56,586.0925,39.24,0.41,74.79,0,0,0,10.63
"Canada",28994.19,0,1.4503,13.1156,11.6277,21.7146,95.3978,79.2569,33.8259,1.8079,5.6207,10.3381,4.7203,3.3274,0.5741,3004.3264,0.3389,72.3223,46.3909,5.0554,0.0738,73.383,9.3095,258.7208,350.4782,144.8336,59.1027,40.6936,83.1471,451.6333,17.4137,7.0782,225.3964,194.2121,23.5909,282.4033,389.4508,135.9017,410.7823,5.5717,1992.7735,0,0,356.5043,73.3831,0,24.0127,1447.1519,110.1263,111.243,35.8545,0.754,12.1849,944.3039,0,19.2057,0.4834,1.3329,7.8996,0,0.4552,50.1659,71.832,17.1317,25.1877,0.4546,6.1665,324.21,7.5114,6.9308,4.5827,22.2818,5.6943,4.9425,8.4623,3.4657,321.6438,744.2179,1230.683,257.2141,47.3694,0,0.0104,0.0491,0.1493,0.3529,7.8164,15.164,7.5098,0.2396,1.55,77.4113,3.0726,1.6501,1.0844,0.4611,23.6745,38.8533,9.8955,211.4811,2.7826,0.1589,0.0733,9.9782,4.7007,0.0021,10.9808,15.6576,0.2139,0.4939,0.0109,0.2515,4.5033,0,5.6414,16.1418,25.4138,20.8059,0.311,185.8323,42.0987,4.2101,4.7984,0.5725,3.142,0.2234,9.8744,0.085,69.7006,113.1478,47.9613,119.5179,11.3551,197.8313,5.4671,57.0882,60.1716,3.2449,30.101,18.5198,7.524,1.8694,12.5132,137.3861,10.8477,40.5393,184.1309,14.2425,0.3147,0.4938,4.3661,14.3785,6.0275,29.0912,3406.7151,0.26,2267.559,2.0676,473.6497,2721.9766,272.3005,0.0036,94.5502,27.312,16.193,30.2707,1.066,1.5599,682.5881,3.6634,0.8346,92.9359,1103.7454,414.826,1.2202,500.7728,177.8505,138.968,0.5965,66.3136,0.232,0.0159,0.5315,0,0,0,0.1182
"Bahamas",742.7,1.4503,0,0.1687,0.0508,0.9237,1.4866,1.6892,2.1213,0.1766,0.0071,0.0341,0.0561,0.0445,0.0128,35.6367,0,0.2265,0,6.933,0,1.4358,0.0869,1.6181,8.218,0.0063,0.06,0.1592,5.6749,1.1781,0.0001,0.0346,3.1776,0,0.2548,25.7985,1.0236,57.9401,2.3148,0.009,7.8944,0,0,66.2229,9.6365,0,2.9444,58.3419,5.1776,2.038,1.0798,6.5547,2.5597,521.3919,0,0,9,0.2353,29.142,0,0,0.2143,22.6228,0.0524,0.1498,0,0.368,61.9391,0.272,0.8422,1.2805,3.23,2.01,0,10.1822,0.1128,2.9815,7.0633,15.9963,42.9586,1.5694,0,0,9,0,0,9,0,0.0175,0,9,2.4814,0,0,0.0114,0,0,9,0,0,0.0021,0,0,0,0,0,0,0,0,0,0,0,9,0,0,0,0.0071,0.0323,0,1.1862,0,0,0,0,0,0,0.5694,0.038,0,0.079,0.0273,0,0,0,2.62,0,0,0,0.021,0,0.46,16.7582,0,0,0.0309,9,0,9,0,0,10.2989,0,0,0,30.6449,0,0.9683,0.106,225.84,257.9665,0.88,0,0.8069,0.7682,0,0,9,0,1.1549,0,0,0.0132,0.5151,60.7109,0,0.2321,1.3089,2.0424,9,0.4805,9,0,0,0,0,0,0.0057
"Cuba",3.85,13.1156,0.1687,0,0.0001,30.7008,0.5455,15.2538,0.2499,0,0.015,0.0063,0.0004,0,9,0,0,0,0,0.015,1.97,3.4662,4.3722,4.4842,474.4113,11.191,0.113,5.8348,0.0264,59.543,0.876,0.2581,17.713,70.976,3.2462,34.912,3.7526,181.7259,34.7619,0.0872,224.3344,0,0,6.241,468.878,0,10.3601,54.1424,2.9317,2.0204,0.3825,19.5513,17.7573,199.3488,0,0.034,0,0.0093,2.579,0,0,0.1606,1.0409,9.1564,6.6802,3.5624,3.674,350.2723,0.05,0.0056,1.4298,2.62,19.2644,0,9,0.0486,4.511,12.5018,0.2504,5.3433,0.0264,0,0,2.2011,0,0,0,0.1247,9,0.0158,0,0.088,9.0081,9,0,9,0.8666,0,0,0.5793,0.0012,0,0,0,9,0,0,0,0,9,0,0,0.001,0,9,0.44,0.0433,0.0928,0,54.0857,0,0,0,0,0,9,0.0017,0,0,1.9224,12.1259,12.3597,0,0,1.33,0,5.3316,0.0575,2.1418,0.2492,0,0.0058,0.0529,0.1611,0.679,9,3,0.0112,0,0,0,12.1,0,23.06,46.1748,0,22.5222,0,0,14.3622,1.3375,0,0,10.0264,9,0,0,0,41.6178,9,0,13.8984,15.687,4.9487,9,0.9061,0.5075,0.9756,9,24.7462,0,0,0,0,0,0,0
"Haiti",321.18,11.6277,0.0508,0.0001,0,37.8182,0.8708,6.5277,0.5926,0.0801,0,0.0111,0.0116,0,0.0021,8.6163,0.0255,13.1354,0,0.1766,0,9.4008,0.8998,31.4882,12.8143,0,0.341,0.2652,1.0439,9.0189,0,0,7.041,0,0.131,13.4542,0.5856,23.3169,6.6027,0.1227,26.3583,0,0,1.2521,6.8896,0,0.558,15.1668,0.35,1.7676,0.0301,0.5455,0.0004,2.4974,0,0,9,0.003,0,0,0,0.001,0.3446,0.1004,0.0242,0,1.188,0,0.02,0,0.0006,0,0,0,0,0,0.7419,0.4782,2.4317,1.8837,0.0015,0,0,0,0,0,9,0.0038,0.0045,9.0119,9,0.0286,0.0024,0,0,9,0,0.0164,0,0,0.0298,9,0,0,0,0,9,0,0,9,0,9,9,0,0,0,0,0.1846,0,0,0,0,0,0,0.0353,9,0.0167,0,0,0.0722,0.33,1.7158,0,0,6.71,0,0.0433,0,0.003,0,4.95,0,9,0.0396,0.0008,0,0,9.0184,0,0,0,0,0,0,10.3895,0,14.2996,0,15.84,43.4535,2.7775,0,0.3682,0,0,0,0,9,3.6402,0,0,0.1821,14.3813,0,0,5.6573,5.6914,0.5027,0,1.8203,9,0,0,0,0,0,9
"Dominican Republic",903.209,21.7146,0.9237,30.7008,37.8182,0,1.2974,37.6106,3.2379,0.8307,0.7633,0.6978,0.8498,0.9793,0.5819,315.6726,0.0902,33.8084,3.7289,9.5149,3.5416,19.5769,118.6455,68.4935,481.3514,0.3585,0.2366,11.2592,10.0056,86.6579,0.8718,0.0697,23.9862,99.641,2.5419,0.8931,5.8384,33.7419,14.7516,0.8933,4.0976,0,0,0.6092,168.3339,0,0.9824,24.3109,1.834,0.2205,0.3308,0.1462,2.7759,51.6916,0,0.0092,10.0936,0,0,0,0,0.041,0.2461,0.3088,2.3441,9,0.0077,13.5025,0.03,1.2391,0.122,2.8,3.72,0,9,0,10.3696,4.0239,25.2171,57.2719,0.3124,0,3.1078,9,0,9,9,0,0.0328,9,0,0.249,0.244,9,0.0546,0.048,0.1847,0.0007,3.3223,0.0986,9.0381,0,9.0128,0,9,9,0.0186,0.009,9.005,9.1884,9.1093,9.2303,9,0,9.3817,0,0.0001,0.5904,9,0.3589,9.3781,9,0.2172,0.0212,0.0715,9.3245,0.0052,9,7.4706,0.049,0.6918,0.0072,9,0.0782,26.687,0.1072,0.5916,0.0634,0.0519,0.0864,5.1576,0.062,0.1053,2.3641,0.0682,0,0.0211,0.3577,0.2121,0,0,0,0,0.3453,56.3261,9.0116,121.5848,0,93.0688,214.8941,10.6649,0.411,4.3349,0.0479,0.0688,17.4387,9.2072,9.0461,10.0336,0,9.0172,0.5467,2.5179,0.9471,0.2668,1.3846,43.1756,11.9002,0,11.801,9,0,1.0749,0,0,0,9
"Jamaica",736.1856,95.3978,1.4866,0.5455,0.8708,1.2974,0,212.2115,7.8735,15.4234,0.7391,3.3556,0.7082,2.1647,1.8773,71.777,3.2952,8.214,1.1268,0.6265,1.9897,20.1496,24.347,8.9676,36.2862,24.6041,6.3496,0.5203,0.2197,32.7769,0.009,0.0511,1.5358,2.4596,2.7228,77.4942,3.4217,72.8523,11.4008,0.3079,32.2342,0,0,19.9362,4.3864,0,8.8016,80.8941,3.3926,0.8845,0.6052,1.1397,1.0166,10.4821,0,0.0242,0,0.0038,0,0,0,0.045,0.8869,0.066,0.1581,0.0116,0.1593,114.5397,0.4144,0.0118,0.0033,0.1562,0.003,0.016,0.0016,0.0473,3.0256,10.1962,88.0503,4.5129,0.8098,0,0,9,0,0,0,0,0.0448,0,9,0.0003,0.0243,9,0.0696,0,8.5215,0.1065,0.0085,0.0707,0,9,0,0.0342,0.0836,0.0001,0.0539,0.0374,0,9,0,0.0478,0.0285,0,0.0063,0,0.0129,0.0135,0.0277,5.0032,0,0.0099,0,0.014,0,0,0.0472,0.0028,0,0.0004,0.8625,0.0166,0,4.5296,19.2114,0,0.7945,0,0.074,0.0738,3.866,0.1521,0.0033,0.0504,0.0337,0,0.1164,0.0035,0,0.007,0.01,0,0.1503,0.0012,29.3168,0,16.7215,2.0358,17.9348,171.3115,3.5738,0,1.0468,0.0007,0,0.231,0,9,10.1582,0,0,0.0267,5.2137,2.6051,0.0271,0.3316,8.4488,11.9977,0,11.692,0,0,0,0,0,0,0
"Trinidad and Tobago",283.0084,79.2569,1.6892,15.2538,6.5277,37.6106,212.2115,0,106.7198,13.9189,44.9791,39.2412,27.4517,20.526,20.0544,1.4766,0.206,30.6194,113.356,6.0875,0.0267,6.6389,6.5756,145.481,172.62,81.7098,20.0168,12.8228,0.4144,73.3341,2.2309,0.103,0.546,15.7444,0.0309,82.7558,18.3942,5.8299,3.1739,0.9788,98.1981,0,0,12.2084,41.6615,0,0.7715,18.9186,3.4816,1.0136,0.4497,1.4645,0.6363,58.0996,0,0.002,0,0,0,0,0,0,0.3896,0.235,0.3286,0,0.114,4.8074,0,9,0,1.2,0,9,0,9,4.439,3.8222,2.8744,1.3217,0.0209,0,0,0,0,0.0366,0.0421,0.5518,0,0,0.0084,4.982,0,0,0.0316,0.0033,0.0018,0,0,0.9023,0.0167,0.005,0,0,0,0.0023,0.1119,0.076,9,0,0,9,0,0,0,0.0038,0.0014,0.0571,0.0143,4.7975,0.0121,0,0,0.0171,0.0303,0,1.6411,0,0.0022,0.0048,0.0674,0,0.0037,1.0726,3.4614,0.0025,0.0611,0.0172,0.012,0.122,0.8453,0.091,0,0.0526,0.049,0.0048,0.4831,0,0.0091,0,0,9,9,0.5827,41.818,0,23.2539,2.6113,35.341,140.4359,13.0248,9,4.1751,0.0378,0.0009,0.5451,0,0.0056,9.1351,0.0011,0,0.0249,3.6856,2.6425,0.0385,0.5565,4.9238,21.1914,0,7.5846,0,9,0.0027,0,0,0,0
"Barbados",390.9367,33.8259,2.1213,0.2499,0.5926,3.2379,7.8735,106.7198,0,3.1701,3.5861,7.0152,4.7473,8.2955,6.8424,10.9082,1.2025,6.9249,2.6611,0.2431,0.0648,1.3505,1.9127,1.3874,6.9336,1.2114,5.1674,0.4751,0.1456,8.5658,0.0005,0,51.5993,0.757,0.2789,48.0797,0.4688,7.5088,4.5719,0.2665,10.6108,0,0,4.9255,3.9213,0,0.0885,16.7898,0.038,0.7767,0.1234,0.7053,0.1715,7.3361,0,0.0008,0,0.0002,0.012,0,0,0.0083,0.0454,0.1174,0.0771,9.0001,0.2689,0.0416,0.0024,0,0,0.0678,0,9,0,0,1.899,5.4628,3.5139,3.1605,0.0136,0,0,0,0,0.0441,0.0191,0.0069,0,0,0.0012,0.0086,0.0003,9,0.0021,0.0362,0.0504,0,0.0008,0.0024,0.0085,0.0122,0,0,0,0,0.0003,0.0146,0,9.004,0,0,0,0,0,1.7,0.0001,0.0015,0.0425,1.9511,0,9,0.005,0.0276,0.008,0,0.0001,0.0011,0.009,0.0545,0.0076,0,0.0158,0.1955,0.5082,0,0.0142,0,0,9.0003,0.509,0.0284,0.0003,0,0.0041,0,0.0201,0,0.0037,0,0,0,9.0038,9.4781,11.1057,0,7.293,0.0602,8.8111,73.831,1.5581,9,0.2577,0.0024,0.5507,0.1156,9,0,2.2331,0,9.0003,0.0759,2.8553,0.7652,0.025,0.2578,0.332,2.8929,0,11.1372,0,0,0.0003,0,0,0,0.014
"Dominica",49.407,1.8079,0.1766,0,0.0801,0.8307,15.4234,13.9189,3.1701,0,0.5044,0.3863,0.9607,3.4663,0.9887,0.598,0.2465,1.0081,0.1837,0.0033,0.0281,1.5603,0.31,0.5166,1.1275,3.1336,0.3696,0.0096,0.0011,0.8904,0.0104,9,0.0207,0.013,0,13.3594,0.0239,2.1086,0.0768,0.0455,0.933,0,0,0.5196,0.2985,0,0.037,0.8631,0.1884,0.3132,0.0399,0.0331,0.005,0.4342,0,0,9,0.0015,0,0,0,0.009,0.1682,0.0005,0.0059,0,0,9,0.02,0.0034,0.0003,0.2,0.001,0,0,0,0.1981,0.0489,0.5756,0.2881,0,0,0,0,0,0,9,0,0,0,0,0.0029,0.04,0,9,9,0,9,0,0,0,0,0,0,0,9,0,0.0515,9.1021,0,0,0,0,0,0,0,0.0278,0.3748,0,8.1902,0,0,0,0,0,0,0.004,0,0,0,0.0099,0,0,0,0.0193,0,0.0706,0,0.371,0,0.19,0,0,9.0161,9.0007,0,0,0,9,0,0,0,0,0.3,1.0764,0,0.7344,0.013,0.4489,4.4906,0.0626,0,0.0011,0.0437,0,0.2785,9,0,2.8553,9,0,1.158,0.2956,0.0374,0,0,0.1519,0.1971,0,0.0002,9,0,0,0,0,0,9
"Grenada",68.5445,5.6207,0.0071,0.015,0,0.7633,0.7391,44.9791,3.5861,0.5044,0,1.0937,0.6598,0.569,0.0717,0,0.0033,9,0,0.0224,0,0.0657,0,0.0587,7.5407,1.816,0.1926,9.0476,0.0033,0.5281,0,0,0.15,0,0.007,18.0266,0.0883,0.3911,0.7533,0.0289,1.0842,0,0,0.9218,0.3411,0,0.0547,3.3682,0.098,0.0416,0,0,0.0014,1.0768,0,0.0016,0,0,0,0,0,0.123,0.0174,0.0076,0.008,9,0,0,0.03,0,0.0002,0.1,0.08,0,9,0,0.0048,0.4406,0.7564,1.0399,0.0214,0,9,0,0,0,9,0,0,0,0,0,0.0105,0,9,9,0,0,0,9,9,0,9,0,0,9,9,0.0006,9,9,0,0,0,0,9,9,0,0.1847,9,0,9,9,0,0,0,0,0,9,9,0.3021,0.0005,0,9,9,0.2,9,0,0,0,0,0,0,0,9,9,0,9,0.0807,9,0,0,9.1,0,0,1.5239,0,0.8948,9,1.3756,10.245,0.075,9,9,1.4551,0,0,9,0,0.4383,9,9,0.05,0.0142,9,9,0,0.3005,0.1951,0,1.4514,0,9,0,0,0,0,9
"St. Lucia",112.4781,10.3381,0.0341,0.0063,0.0111,0.6978,3.3556,39.2412,7.0152,0.3863,1.0937,0,5.7214,0.48,0.01,1.7748,0.1756,0.8441,2.7126,0.0511,0.0007,0.0786,0.7489,1.7941,2.0945,2.2472,0.19,0.047,0.0044,2.4943,0.0026,0.0004,0.397,0.5111,0,31.7104,0.3744,5.5101,0.7837,0.2204,7.7683,0,0,0.7308,0.0583,0,0.0163,3.6711,0.1114,0.0844,0.0843,0.1464,0.0151,2.4407,0,0,0.0007,0,0,0,0,0,0.0604,0.0015,0.0044,0,0.0333,9,0,9,0,0.0407,0,0,0,0,8.2404,0.3171,0.4575,0.5812,0.0004,0,0,0,0,0,0.0004,0,9,0,0,0,0,0,0,0,0,0,0.0196,0,0,0,0,0,0,0.0041,0.0022,0,0,0,0,0,0,0,0,0,0,0.0096,0.0052,0.0696,0,0,0,0.0893,0.0132,0,0,0,0.0011,0,0,0,0,0.0011,0.0893,0,0.0137,0,0.011,0.0048,0.0396,0.0007,0,0,0,0,0.02,0,0.0004,0,0,0,0,0,5.8493,0,1.8463,0.3689,1.377,17.5354,0.5389,0,0.2593,0.0122,0,0.1085,9,0,1.7444,0,0,0.0248,0.4611,0.4922,0,0.02,0.5356,1.5113,0,2.1133,0,0,0,0,0,0,0
"St. Vincent and the Grenadines",72.0908,4.7203,0.0561,0.0004,0.0116,0.8498,0.7082,27.4517,4.7473,0.9607,0.6598,5.7214,0,2.8961,2.0743,1.6222,0.0703,0.5003,0.4199,0.0197,0,0.0721,0.3383,0.4874,1.185,1.754,0.0125,0.0101,0.0017,2.4553,0.0053,0,0.0018,0.1691,0,9.4862,0.5297,1.7619,0.3812,0.0073,0.1131,0,0,0.1674,4.957,0,0.9946,8.7916,0.2134,0.0341,0.0352,0.0467,0.0003,5.9941,0,0,9,0,0,0,0,0,4.2537,0.0017,0.0132,0,0.0275,7.724,0.19,0.0218,0.4669,1.5,0,0,0,0,0.0084,0.4358,0.4226,1.0641,0,0,0,9,0,0,0,0,0,0,0,16.7486,0,0,9,0,0,0,0,0,0,9,0,0,0,0,0,0.0008,0,9,0,0,9,0,9,9,9,0.0248,0.0074,0.0379,0,0,9,0,0,0,0,9,0,0,0.017,0,0,9,0.0133,0,0.0075,9,0,0,0,0.0336,9,0,0,0,0,0,0.0005,0,0,0,0,0,1.42,0,0.9365,0.0029,0.2136,3.1945,0.213,9,0.0075,0.0156,0,0.0288,0,0,0.1327,0,0,0,0.1711,0.0577,0,0.0003,0.2164,1.0702,0,0.066,0,9,9,0,0,0,0
"Antigua & Barbuda",93.7,3.3274,0.0445,0,0,0.9793,2.1647,20.526,8.2955,3.4663,0.569,0.48,2.8961,0,0,0,0.191,9,0,9,0,0.0507,0,0.106,0.5545,2.4547,0.06,0.1203,0,1.3878,0,9,0.04,0,9.012,48.5784,0.865,5.7651,0.3501,0,1.7552,0,0,3.02,2.4424,0,0.0888,110.9093,0.204,0.096,0.037,0,0.0839,2.5373,0,0.018,0,0.0273,0,0,0,0.001,2.0763,0,0.02,0,0.02,9,0.03,0.0102,0,0,0,0,0,0,0.3409,3.8319,0.4929,0.6319,0.0056,0,0,0,0,0,0,0,9,0,0,0.6367,0,0,0,9,0.0077,0,0,0.1253,0,0,0,0,0,0,0,0.0001,0,0,0,0,0,0,0,0,0.1376,0.0123,0,13.5669,0,0,0,0,0.0227,0,0.0434,0,0,0,0.4382,0,0,0,0.2,0,0.0075,0,0.008,0,0,0,0,0,9.0027,0,0,0,0,0,0,0,0,9.0606,2.067,0,0,0,3.6,0,0.125,0,0,1.0472,0,0,9,0,0,0,0,0,0.2037,10.5309,0,0.0097,2.5257,0.1293,0,0.069,0,0,0,0,0,0,0
"St. Kitts and Nevis",32.45,0.5741,0.0128,9,0.0021,0.5819,1.8773,20.0544,6.8424,0.9887,0.0717,0.01,2.0743,0,0,0,0,0,0,0,9,0.0265,0,0.0211,0.0375,0.7998,0,0,0,0.0825,0,9,0,0,0.0033,23.5689,0.0538,3.7696,0.0982,0.8635,6.9781,0,0,0.0696,1.5065,0,0.1406,0.3927,0.0082,0.0022,0.1016,0.0326,0.0014,0.8751,0,0,0,0.0007,0,0,0,9,0.0416,0.0021,0,0,0,0,0.0006,0,0,1.18,0.211,0,8.2664,0.3233,0.0272,0.3498,5.6054,0.9902,9,0,0,0,0,0,0,0,9,0,0,0,0,0,0,0,0,9.0009,0,0,0,0,0,0,0,0,0,0.0185,0,0,0,0,0,0,0,0,0,0,0,0,0,0,0,0,0.0124,0,0.0122,0,0,9.1844,0,0,0,0,0,0,0,0,0.0115,0,9,0,0,0,9,0,0,0,0,0.9,0,0,0,9.5662,0.0154,0,0.1544,9,0.1116,6.0156,0.0825,0,0,9,0,0,0,0,0,9,0,9,0,0,0,0,0.3643,0.2481,0,0.0826,0,0,0,0,0,0,0
"Mexico",6498.953,3004.3264,35.6367,0,8.6163,315.6726,71.777,1.4766,10.9082,0.598,0,1.7748,1.6222,0,0,0,33.0329,560.494,107.5471,210.4882,54.4323,222.6415,146.3078,464.8429,275.2226,0.583,2.11,78.988,100.6137,70.1481,30.781,14.553,242.7717,318.2662,9.5261,535.8942,255.0918,16.3202,106.3784,14.2961,1008.2721,0,0,550.0267,497.0243,0,69.8241,3933.2409,3.3618,135.4484,41.3232,4.7612,0.0389,1522.4271,0,0.7991,0,0.5133,0,0,0,0.226,13.1461,2.0694,7.9542,10.5591,50.4851,1.647,3.35,2.817,1.0615,20.4,0.513,0,14.5883,9,108.2369,329.6021,22.2731,79.0807,1.0466,0,0,0,0,0,0,0.5962,0,0,0.0593,6.0594,0.6533,0,0.0957,0,0,0.0259,6.6785,0.7788,0,0,0,0.1034,1.056,0,39.7923,17.4402,0,0,0,0,0.274,0,0,0.0374,0.0512,0.5339,0,54.3045,9,0,0,0,0.0052,0,0.4779,0,102.6568,91.5171,2.5419,0.3223,0,2.3282,11.4672,0.0473,5.1991,0,6.18,1.5757,142.0664,73.1595,9.1488,96.9964,4.2415,0,37,4.5369,0,0,0,0,0,2.1,1848.6345,0,1631.554,0,1955.6102,3779.8766,165.9818,0,25.0866,12.668,0,8.6938,0,0.2,319.9644,0.09,0,28.863,861.895,1.4236,0,330.3758,320.9153,32.3828,0,113.8842,0,0,0,0,0,0,0
"Belize",89.8775,0.3389,0,0,0.0255,0.0902,3.2952,0.206,1.2025,0.2465,0.0033,0.1756,0.0703,0.191,0,33.0329,0,8.2501,0.327,1.5516,0.02,0.9283,2.1365,0.0411,5.6092,1.2844,0.0245,0.0004,0.0409,0.892,0.2959,0,0.047,0.4055,0.1675,41.666,3.8639,2.4796,0.4332,0,0.8042,0,0,0.4158,24.4739,0,4.3462,0.1196,0.432,0.0649,0.0005,0.1498,0.5596,2.9244,0,0,0,0,0,0,0,0.127,1.0918,0,0.034,0,0.23,1.138,1.53,0.0927,0.3225,0.1,0,0,0,0,0.3155,0.2287,0.0105,1.501,0,0,0,0,0,0,0,0,0,0,0,1.0528,0,0,0,0,0,0,0,0,0,9,0,0,0,0,0,0,0,0,0,9,0,0,0,0,0.0154,0.0313,0,5.1171,0,0,0,0,0.0011,0,0,9,0,0.7866,0.0001,0,9,0,0.236,0,0.0216,0,0.035,0,0,0,0,0,0,0,0,0,0,0,0,9,0,9.0007,0.9495,0,2.045,0,1.5715,47.0069,0.111,0,0.0235,4.1208,9,0.025,0,0,0.292,0,0,0.006,0.314,0.0625,0,0.2996,0.0712,0.0399,0,0.0213,0,0,0,0,0,0,9
"Guatemala",77.31,72.3223,0.2265,0,13.1354,33.8084,8.214,30.6194,6.9249,1.0081,9,0.8441,0.5003,9,0,560.494,8.2501,0,56.66,36.039,96.94,28.2505,35.7741,43.5628,121.1,0,1.15,21.5225,15.9742,99.8701,0.7156,0.0534,6.6333,0,1.6094,31.2097,10.1947,15.4721,35.9232,1.444,1.6517,0,0,0.4044,39.8805,0,5.0968,19.8793,7.5568,16.06,0.3005,1.3819,0.3464,49.4158,0,0.1699,0,0.0018,0,0,0,0.2085,0.1713,0.0106,1.2008,0,2.548,71.0284,0.027,0.0017,0.0618,10.89,2.7889,0,0,0,2.2429,11.4151,13.9641,2.0049,0.1568,0,0,0,0,0,0,0.0204,0.0049,9,9,5.2552,0.0372,0,0,0,0,0.0005,0,0.0191,0.2622,0,0,9,0,9,0,2.534,9,0,0,0,0,0,9,9,0.22,0.0111,9,0.48,0,9,0,0,0.0098,0,0.0613,0,0,0.0005,0,0,0,0,11.33,9,0.8502,0,0.897,2.91,29.28,29.3239,0.0197,4.4648,0.4075,9,11,0.6832,9,0,0,0,0,1.54,104.0514,9,81.9207,0,227.04,163.8894,4.4125,9,17.2898,1.3863,9,2.0476,0,0,9.9323,9,0,1.0637,3.8352,5.6395,0,1.5115,8.3393,3.3717,9,11.6839,0,9,0,0,0,0,0
"Honduras",1508.2001,46.3909,0,0,0,3.7289,1.1268,113.356,2.6611,0.1837,0,2.7126,0.4199,0,0,107.5471,0.327,56.66,0,19.6014,129.7,10.831,9.9149,29.8142,22.8,0,0.04,7.9452,1.9627,15.99,0.039,0,9.47,23.5,0.383,40.0574,16.3119,11.7174,47.931,0.5983,14.93,0,0,10.8742,29.5018,0,5.3452,101.5314,0.822,8.9498,0.72,0.4539,5.0703,13.9348,0,0,0,0.0035,1.07,0,0,0.164,1.0366,0.0224,1.401,9,0.02,7.284,0.12,0.0983,0.1218,0.3,0.79,0,0,0,12.3427,16.9789,1.7091,1.7331,0.021,0,0,0,0,0,9,0,0.0019,0,0.0068,0.4248,0.0469,9,0,9,0,0.1629,0,0,0,9,0,0,0,9,0,0,9,0,0,0,9,0,0,9,0.0007,0,0,13.515,0,0,0,0,0.0185,0,0.0041,0,0,0.0129,0.0082,0,0,0,11,0,0.172,0,0.602,0.2976,6,2.2601,0.0092,0.3077,0.0236,9,0,0.0336,0,0,0,0,0,0.4736,57.63,0,0,0,90,19.6348,3.75,0,1.2992,0.4293,0,0.1715,0,0,3.3266,0,0,0.398,3.2526,8.1358,9,0.1738,5.1084,3.4302,9,0.0458,0,9,0,0,0,0,9
"El Salvador",281.5058,5.0554,6.933,0.015,0.1766,9.5149,0.6265,6.0875,0.2431,0.0033,0.0224,0.0511,0.0197,9,0,210.4882,1.5516,36.039,19.6014,0,25.781,0.348,82.3757,29.8409,39.7991,0.01,0.02,83.1245,4.2068,19.5574,0.1213,0.1099,8.7473,15.8434,0.318,121.5437,1.843,19.7786,3.3386,0.4017,3.276,0,0,12.1822,43.1571,0,0.0049,76.6991,0.6064,12.5741,1.6586,0.3304,1.3404,22.4783,0,0,0.0018,2.1344,0.0075,0,0,0.043,0.0642,0.0071,6.7718,0.4864,0.4808,12.5632,0.0283,0,0.0086,7.641,2.9779,9.6896,9.1889,9.0092,0.0371,4.2237,0.8183,21.0875,0.0053,0,9.0012,0,0,0,9,0,0.6346,0,9,0.0102,0.0029,9,11.0985,0,0,9,0.0407,0,9,0,0,9,0,0,0.0107,0,9,9,9.0012,0,9.0445,0,0,0,0,0.0093,0,0.349,0,0,0,0,0,0,0.1272,9,0.4382,0.813,0.0016,0.0049,0.0023,0.1816,0.4072,0,0.0185,9,0.0904,0,2.1912,5.6123,1.6294,0.1526,0.4102,9,0,0,0.1219,0,0.0083,9.1517,0,6.377,53.3377,0,8.1986,4.9933,29.1428,121.6698,1.6691,9.0328,0.4492,9.0938,9.0108,0.3675,0,9.006,3.6668,0,0,0.0126,9.0912,1.4995,0,0.1105,3.3227,1.355,0,11.7097,9,0,0.0026,0,0,0,9
"Nicaragua",2.7,0.0738,0,1.97,0,3.5416,1.9897,0.0267,0.0648,0.0281,0,0.0007,0,0,9,54.4323,0.02,96.94,129.7,25.781,0,139.7718,99.6321,32.6516,97.1,0,0,1.1879,1.2272,14.6121,0.1627,0,3.92,4.5,0.061,5.6552,2.8698,22.4103,11.0677,0.3819,16.1722,0,0,10.5494,7.0979,0,1.3118,41.8388,0.511,6.2612,0.486,0.9637,0.0317,1.8704,0,0.0027,0,0.0023,0,0,0,0.012,0.7472,0.0019,0.048,0,3.83,3.964,0,0.2596,0.1788,0.9,1.874,0,0,9,4.6125,0.4914,0.0548,0.474,0.055,0,0,0,0,0,9,0,0,0,0,4.3563,9,9,9,0,0,0.0016,0,0,9,0,9,0,0,9,9,0.0037,9,0,0,0,0,0,9,0,3.5807,0.0012,9,0.7769,0,0,0,0,0.0055,9,0,9,0,0.1155,0,0,0,0,0.2,9,0.311,0,0.03,0.0261,2.6,0,9,9.0118,0.0079,0,0,0.0005,0,0,9.85,0,0,0.2,7.298,0,0,0,36,81.5004,0.975,9,0.4082,9.0639,0,0,9,0,0.0527,0,9,0.188,0.73,0,0,0.1841,1.7754,2.1105,9,0.3953,0,0,0,0,0,0,9
"Costa Rica",1132.0609,73.383,1.4358,3.4662,9.4008,19.5769,20.1496,6.6389,1.3505,1.5603,0.0657,0.0786,0.0721,0.0507,0.0265,222.6415,0.9283,28.2505,10.831,0.348,139.7718,0,13.0165,79.5697,156.9922,0.9655,0.6196,4.6902,3.5505,74.4297,0.6021,0.8078,13.1789,23.9779,0.5761,239.8423,2.8273,101.4506,186.415,0.48,29.8521,0,0,38.7213,12.8556,0,30.6804,148.4334,44.7045,39.4368,1.5714,11.3994,5.7515,12.0615,0,0.0099,0.0579,0.0701,0.29,0,9.0334,1.3304,0.5159,0.0141,13.8267,0.0609,3.1561,4.2446,1.5356,2.3408,5.2848,3.3678,2.931,0,0.0002,0.6267,52.6611,44.0927,16.4582,3.6971,1.3106,0,0,9,9.025,9,0,0.1068,9.0315,0.0277,0.0017,0.0758,0,0.0003,0,0,0.0027,0.0033,0.5141,0.0008,9,0.0315,9.0144,0.0053,0,9,5.3025,0.009,0,0,0.0317,9,0.0844,9,0.0007,0.0764,0.0004,0.0118,9.0809,0.0665,0,9,0.0374,0,0.011,9.0099,0.1448,0,0.0163,0,2.2408,1.9701,0,0.0219,1.24,0.0019,0.4566,0.0675,0.9179,0.8452,19.8779,2.8157,0,0.4265,0.036,0.0071,0.8782,0.1985,9.9467,0,9,9.1,9,5.2019,31.6492,9,0,86.7648,38.8363,305.3982,3.8948,9,0.8783,0.0898,0.0054,0.1869,9,0.0428,1.9012,9,0.0006,0.2046,22.0259,5.2258,9.0001,0.2089,3.0259,7.7336,0,0.2882,2.4982,9,0,0,0,0,9
"Panama",1032.6278,9.3095,0.0869,4.3722,0.8998,118.6455,24.347,6.5756,1.9127,0.31,0,0.7489,0.3383,0,0,146.3078,2.1365,35.7741,9.9149,82.3757,99.6321,13.0165,0,38.6584,91.2391,0.0478,5.1622,76.1528,103.4559,5.5137,10.6309,0.0646,10.9251,7.1212,10.847,29.1632,3.5701,21.4169,1.264,0.6061,12.1571,0,0,35.0257,16.8153,0,28.2948,72.5234,1.8273,9.6625,0.0145,4.8541,2.4688,49.0248,0,0.0503,9.0019,0.2617,2.12,0,0,0.7128,13.295,1.3221,0.3389,0.3159,0.6518,3.0513,0.65,0.6499,17.3698,2.9191,0.237,22.0831,0,0.6423,13.2311,7.2081,2.0413,8.6715,0.8442,0,0,9,9,0,0,0,0.0902,0,0,4.4404,0.0251,9,9,0,0.3825,0.0191,0.9357,0,0,0,0,0,0,0,0,9,9,0,9,0,0,0,0.0016,0,0,0,0,1.4851,0,0,0,0,0.0117,0,0.366,9,0,1.0937,0.4034,0,0,0,31.1608,0.055,0.9068,0.6404,0.231,0.0629,5.8803,0.8362,0.0125,0.01,0.017,0,0.0925,0,0,0,0.0135,0,0,0.3,11.9917,0,29.4497,0,62.7618,261.2516,22.483,0,0.3042,0.6528,9,0.3712,0,0,1.0937,0,9,1.3327,0.9243,139.6968,0,0.4172,2.7377,0.6227,0,8.1218,9,0,0,0,0,0,9
"Colombia",218.1856,258.7208,1.6181,4.4842,31.4882,68.4935,8.9676,145.481,1.3874,0.5166,0.0587,1.7941,0.4874,0.106,0.0211,464.8429,0.0411,43.5628,29.8142,29.8409,32.6516,79.5697,38.6584,0,515.2694,0.2778,4.23,283.7635,131.9279,354.9098,81.7189,1.5273,48.2001,110.3581,5.365,14.1674,15.3268,143.0786,259.3071,2.5312,145.3947,0,0,142.7856,273.1024,0,70.2527,41.4518,56.2868,35.3992,6.8039,33.5804,11.5435,62.2518,0,0.4803,0.0743,6.9111,5.6376,0,0.12,7.3958,13.2916,0.2003,2.0686,0.045,1.316,58.3439,1.8026,0.0625,2.3866,15.5031,1.4845,0.0186,0.0195,0.1675,20.2391,74.5316,17.2335,57.695,0.7317,0,0,0,0,0.0211,0,0.3006,0.2434,0.0027,0.0034,0.203,0.0045,28.8283,0.5068,0,0.2808,0.0547,0.3507,0.4348,0.0817,0.0209,0.0064,0.0352,0.4544,0.0002,0.0171,0.2295,0,0,0.0018,0,0.0822,0.0379,0.001,0,0.1144,0.0861,0,28.3347,0,0.0024,0.0196,0,0.0762,0.0413,0.1037,0.019,3.4306,2.8538,0.1532,1.7294,0.0288,1.3267,1.1242,0.0221,1.1337,0.9793,1.0129,0.494,1.4728,5.0909,0.0404,1.0224,0.2271,0.201,0.0332,0.0002,0.063,0.0082,0,0.0829,0.0022,12.9711,217.4802,0.0081,108.7124,3.0008,248.6453,676.7294,51.9378,0.003,9.0549,0.3605,0.0629,3.5216,0,0.002,19.3148,0.0027,0.0007,5.2547,22.1295,15.0748,0.0115,0.0298,33.9457,6.0592,0.0122,16.975,0.0001,4.485,0.0011,0,0,0,0
"Venezuela",3756.5,350.4782,8.218,474.4113,12.8143,481.3514,36.2862,172.62,6.9336,1.1275,7.5407,2.0945,1.185,0.5545,0.0375,275.2226,5.6092,121.1,22.8,39.7991,97.1,156.9922,91.2391,515.2694,0,11.7176,2.5324,216.3836,189.5409,251.7337,10.6765,7.6,62.12,272.344,5.889,83.1535,12.2922,102.7765,52.4989,1.3198,153.6625,0,0,79.0448,26.75,0,7.6174,396.2086,9.543,8.367,1.4475,0.601,0.1105,342.8158,0,0.1827,0.5481,0,4.7659,0,0,0.4973,9.2457,0.0295,4.1299,0,15.906,3.0051,3.5572,2.3501,1.055,12.3539,3.278,0,0.0165,0.0375,42.4996,15.0947,17.5038,28.3554,6.3522,0,9.059,0,0,0,0.3423,0.79,0.0108,0,0,30.5316,0.0687,130.2643,2.8624,0,0,0.0233,2.0061,0.1224,0,0.0281,0.0027,0.0078,0,0,0.0344,0.205,9,0,0,0,0,0,0.0003,0,0.0978,0.3493,1.9109,27.8219,0,0,0,0,0.0233,0,0.0013,0,0.0023,1.2558,1.8735,0.052,0,5.7315,5.1535,0.0644,0.2077,0.2409,0.6892,0.3715,20.6263,1.7895,0.0078,0.0597,0.0149,0.0331,0.1733,0.0912,0.0025,0,0,0,0,0.0535,14.3068,0,153.7952,0.1734,183.1837,367.1329,18.03,0,4.3396,0.1443,0,0.1741,0,9.0001,5.9956,0,0,2.2724,10.547,12.2188,0,2.9382,4.8332,4.5137,0.56,83.2006,0,0,0.0006,0,0,0,9
"Guyana",5.26,144.8336,0.0063,11.191,0,0.3585,24.6041,81.7098,1.2114,3.1336,1.816,2.2472,1.754,2.4547,0.7998,0.583,1.2844,0,0,0.01,0,0.9655,0.0478,0.2778,11.7176,0,2.798,3.4221,0.0539,6.6066,0,0,23.652,0,0,76.6856,0.5205,1.665,2.3272,1.4432,0.043,0,0,0.2192,1.6099,0,0,0.2926,0.0223,0.0136,0.0061,0.0366,0.0318,6.0609,0,0.0012,0,0.0044,0,0,0,0.001,0.1235,0.0377,0.0222,9,0.165,0,0.01,9,0.0377,5.8,0.002,0,0,0,0.3837,0.5306,1.89,1.3178,0,0,0,0,0,0,9,6.2143,0,9,0,0,9.0146,9,0,0,0.1954,0.0089,0,1.4528,0,0,0,0,0,0,0,0.0033,9,0,0,0,0,0,0,0,0,0.0001,0,0.8535,0.282,0,0,0,0.056,0,0.0027,0,0,0,0.0342,0,0.004,0,1.25,0,0.0157,0,0.002,0,0.22,0.2453,0,0,0.0004,0,0,0.1069,9,0,0,0,0,9.6269,5.644,0,2.6805,3.9423,0.24,12.1114,1.8525,0,0.0365,0,0,0,0,0,1.6868,9,0,0.011,1.8349,3.6792,0,0.0132,1.0234,2.0111,0.0036,3.9132,0,0,0,0,0,0,0
"Suriname",90.68,59.1027,0.06,0.113,0.341,0.2366,6.3496,20.0168,5.1674,0.3696,0.1926,0.19,0.0125,0.06,0,2.11,0.0245,1.15,0.04,0.02,0,0.6196,5.1622,4.23,2.5324,2.798,0,0.5891,0.11,6.9574,0,0,0.19,0.53,0.05,19.9804,0.0391,54.9052,7.5767,4.1391,55.3777,0,0,0.5558,4.0734,0,3.2202,29.7525,0.035,0.0464,0.037,0.3508,0.0505,0.5927,0,0,0,0,0,0,0,0.075,0.081,0,0.002,0,0.04,14.589,0.002,0,0.0015,0,0,0,9,0,4.137,0.9289,89.1836,0.494,0,0,0,0,0,0,0.02,0,0.0195,0,0,0,0,9,6.185,9,0.033,0,0.66,0.011,0,0,0,0,9,0,0,0.0012,0,0,0,0,0,0,0,9,0.0092,0.0615,0,103.6571,0,0,9,0,0.2116,0,0.0132,0,0,0,0,9,0.011,0,0.08,9,0,9,0.569,0,6.59,0,0,0,0,9,0.01,0,0,0,0,0,0,9.0195,4.79,9,2.18,2.29,0.11,8.7591,1.22,9,0.0122,0,0,0.12,9,0,0.04,9,0,0.012,0.1327,0.69,9,0.0024,2,0.0712,0,0.02,0,0,0,0,0,0,0
"Ecuador",309.0546,40.6936,0.1592,5.8348,0.2652,11.2592,0.5203,12.8228,0.4751,0.0096,9.0476,0.047,0.0101,0.1203,0,78.988,0.0004,21.5225,7.9452,83.1245,1.1879,4.6902,76.1528,283.7635,216.3836,3.4221,0.5891,0,19.4377,160.7137,7.6451,0.7332,51.7842,31.1029,8.5962,4.1194,0.8447,4.7148,69.6041,1.6043,86.1833,0,0,16.874,53.9336,0,27.1629,23.7596,62.0334,17.0308,1.7515,0.5722,3.2114,35.3256,0,0.6899,0.0631,0.6204,15.1772,0,9.276,7.1613,6.7246,0.1417,0.9503,0.0268,10.2404,35.1731,0.5969,0.077,4.0632,2.6032,4.8908,0.1806,0.0003,0.1357,2.4257,48.9424,2.8447,4.9714,0.0459,0,9,9,9,0.1828,0,0.0934,0.0059,0,0,0.1022,0,0,0.0767,9,0.3318,0.0529,0.0019,0.0158,0.0307,0.0984,0.3164,0,9,0.1655,0.3396,0.7137,9.0175,9,0,0,0.0051,0,43.4021,0.0231,0.0061,0.0147,9.002,1.3841,0,0,0,0,0.0116,9.0788,0.0066,9,0.0665,0.0002,3.2715,1.1918,0,0.0967,27.0688,0.0877,2.2424,0.4184,0.4319,0.0316,11.9374,20.1994,1.4254,1.2372,0.0454,9.0012,0.5925,0.0042,0.4352,0,0,9.1,9,5.0371,7.3751,9,16.9121,1.0257,8.5984,283.9591,4.7367,9,0.8007,0.096,9.0025,1.8653,0,9.0082,6.3425,9,0,1.0233,2.2978,2.4356,0.0382,0.3813,11.0106,11.651,0.0006,25.1325,0.0109,9,0.0104,0,0,0,0
"Peru",778.019,83.1471,5.6749,0.0264,1.0439,10.0056,0.2197,0.4144,0.1456,0.0011,0.0033,0.0044,0.0017,0,0,100.6137,0.0409,15.9742,1.9627,4.2068,1.2272,3.5505,103.4559,131.9279,189.5409,0.0539,0.11,19.4377,0,148.6584,21.9251,7.3645,366.5818,258.9611,94.355,58.1989,20.1787,1.4659,35.3729,1.1363,27.8431,0,0,107.4006,475.928,0,1.0472,114.4254,18.4101,6.3427,15.9041,5.4797,9.4072,1.871,0,0.1194,0.0019,1.0294,7.3048,0,0,1.7796,0.0798,0.5227,13.1302,0.0123,3.7343,12.6934,0.0268,3.4287,1.1134,10.943,20.294,0.0011,0,0,10.8031,70.6388,5.9001,15.2423,0.0365,0,0,0,0,0.0385,0.9867,0.6706,0,0,0.0034,0.1486,1.3326,0.1463,0.1364,0.0396,0.6655,0.0027,1.295,1.2034,0.0011,0.0044,0.0077,0.1397,0,0,0.0198,0.0019,0.061,0,0,0,0.129,0.0055,2.9051,0.0033,0.0004,0.1171,0.1859,0.5424,0,0,0.0011,0,0.5144,0.0011,0.359,0,2.5491,0.22,0.0742,0,0.0033,22.6614,16.4619,0.0022,0.8693,0.8686,0.7525,0.3694,21.3261,1.7748,0.0782,0.5864,0.0245,0.3338,2.062,0.3485,0.0022,0,0,0,0,2.3,176.7631,0,35.2119,0.3707,201.5582,85.8472,18.5334,0,2.0012,0.9953,0,2.1351,0,0.229,25.8996,0,0,1.2279,14.2955,7.1539,0.0022,11.1619,6.7522,15.9301,0.0011,56.6832,0,0,0.0253,0,0,0,0.0583
"Brazil",4275.374,451.6333,1.1781,59.543,9.0189,86.6579,32.7769,73.3341,8.5658,0.8904,0.5281,2.4943,2.4553,1.3878,0.0825,70.1481,0.892,99.8701,15.99,19.5574,14.6121,74.4297,5.5137,354.9098,251.7337,6.6066,6.9574,160.7137,148.6584,0,229.0894,990.8745,202.2835,1736.0806,359.4221,108.8412,142.8815,919.3485,621.0231,17.5872,217.2716,0,0,739.518,58.4644,0,276.0741,1930.2117,146.7497,136.403,94.4025,60.9369,14.5036,1385.312,0,5.4593,0.0059,13.3633,68.597,0,0.1386,28.9369,74.7694,8.0248,46.8206,4.395,129.0988,294.5219,4.4028,47.0327,5.658,14.0859,23.6551,0.871,23.3651,0.2275,199.3882,976.6622,31.8651,49.0752,16.0134,0,0.0649,0.1298,0.2211,15.9116,28.8552,11.7294,86.0196,4.9324,0.5308,15.7739,2.0973,0.1958,2.2385,0.5445,74.6372,14.943,3.9464,332.1571,3.0503,0.2343,0.8635,0.7183,6.0709,1.3409,25.7606,14.3272,0.0051,0.9878,26.0766,6.2238,4.2338,0,108.4919,2.9,0.4178,18.4545,0.2497,57.9127,0.154,0,3.4165,3.4447,4.5825,0.416,4.7123,0.266,176.4414,651.5497,18.2614,60.8251,0.0814,317.2982,362.9963,25.1064,322.0612,37.4257,70.6299,33.0525,269.6376,346.4071,45.4501,31.0689,58.432,42.3888,84.5282,9.9889,1.2001,3.3832,0.18,13.7351,36.9127,38.1698,8.0005,0.07,346.6259,25.1933,396.0195,669.4541,25.2343,0,5.5734,23.0564,0.0374,25.0447,0.002,2.6663,67.0805,0.0039,0.0033,19.4482,337.3149,106.5718,0.0044,43.0419,21.0952,115.3499,1.9778,48.354,0.022,0,0.396,0,0,0,0.0231
"Bolivia",393.7531,17.4137,0.0001,0.876,0,0.8718,0.009,2.2309,0.0005,0.0104,0,0.0026,0.0053,0,0,30.781,0.2959,0.7156,0.039,0.1213,0.1627,0.6021,10.6309,81.7189,10.6765,0,0,7.6451,21.9251,229.0894,0,0.0737,104.7301,119.4123,6.2929,19.8854,3.4389,1.8149,0.4778,0.0107,12.5498,0,0,8.1904,226.7263,0,0.1053,32.4232,0.5127,2.8777,0.0817,1.0134,0.0117,10.9023,0,0.0058,0.0014,10.6961,0.0145,0,9.0171,0.0457,0.2496,0.1405,0.0636,0.0329,3.628,4.2993,0.0009,0.0065,0.016,0,0,9.0002,9,0,0.89,107.4484,2.8164,25.0266,0.1165,0,9,9,0,9,9.0006,0.0274,0.0093,9,9,0.0635,0,9.0333,0,0,0.2756,0,0.002,0.0028,0.1139,0.0166,9,0.0022,9,9,0.1607,0.0097,0.2032,0,0,9,0.0059,9.007,0,0,0.0324,0.0195,9,3.6634,0,0,0,9,0.0023,0.0062,9,9,0.136,0.0056,0.0106,1.432,0.0021,0.0469,2.646,0.1677,0.0501,0.0014,0.0856,0.037,7.6881,0.0005,0.0034,0.0085,0.2042,0.1138,0.0016,0.0005,9.0093,9,9,0,0,10.8,14.7798,9,10.4173,1.3731,9.9169,484.2448,1.6304,9,0.5497,0.0192,0,0.042,0,0.0019,1.9704,9,9,0.039,8.6264,0.6148,0.0216,0.4509,0.7756,0.7926,0,3.1827,9,9,0,0,0,0,9
"Paraguay",828.07,7.0782,0.0346,0.2581,0,0.0697,0.0511,0.103,0,9,0,0.0004,0,9,9,14.553,0,0.0534,0,0.1099,0,0.8078,0.0646,1.5273,7.6,0,0,0.7332,7.3645,990.8745,0.0737,0,0.1181,314.4877,75.802,75.5132,26.0341,216.2787,6.5764,0.0031,22.7243,0,0,27.9651,30.3077,0,1.9042,67.7755,0.6401,0.8398,0.1009,0.9531,0.0499,67.367,0,0.0075,0,0,0,0,0,0.1143,0.9253,0.0038,0.571,0,0.132,0,0,0.549,0,0,0,0,0,0,0.7502,36.1284,0.5099,1.6281,0.1308,0,9,0,0,9,9,0.0453,0.0003,0,9,0.0091,9,0.0538,0,0,0,0.0063,0,0.0377,0.0431,0,0,0.0163,0.3092,9,0,0,0,9,9,9,0,0,0,0,0,0.0325,0,9.6754,0,0,0,0,0.0519,9,0.0045,9,0,12.0632,0.4163,0,0,0,1.35,0.0088,0.9917,0,0.2261,0.0913,0.14,0,9,0.0006,0,0,0,0.0042,0,0,0,0,0,0.005,84.3704,9,30.5887,0,66,44.1377,6.1575,0,1.8046,1.5068,0,0,0,0,7.8441,0,0,1.9371,2.5527,12.5965,0,4.4594,4.0768,0.0663,0,0.1535,0,0,0,0,0,0,9
"Chile",1213.8399,225.3964,3.1776,17.713,7.041,23.9862,1.5358,0.546,51.5993,0.0207,0.15,0.397,0.0018,0.04,0,242.7717,0.047,6.6333,9.47,8.7473,3.92,13.1789,10.9251,48.2001,62.12,23.652,0.19,51.7842,366.5818,202.2835,104.7301,0.1181,0,1191.0371,15.874,317.9995,29.4427,196.8216,100.4526,2.0036,41.2568,0,0,70.516,294.7234,0,26.2821,62.9763,20.496,2.8657,5.297,5.2569,0.3119,0.6267,0,1.4133,0,1.3702,1.6,0,0,1.771,55.0818,0.7544,4.064,0,8.12,0.536,4.35,9.2569,1.1559,36.83,0.161,0,0.033,0.0056,29.0936,163.6429,8.7265,14.3491,0.7515,0,9,0,13.2,0,0.022,0.0617,0.0231,0.011,0.6068,0.0217,0,0,0.478,0,0.068,0,0.0153,128.239,0.0936,0,0,0.099,0.01,0,0.0235,0.3119,0.01,0,0,0,0,0,19.094,0.19,0.0322,1.676,0,38.1367,2.87,0,0,0,0.3113,9,0.7352,0.1,5.16,4.2507,1.1932,2.2022,0.11,26.73,1.62,0,14.0351,0.15,1.008,0.8027,44.72,0.8543,0.4717,7.174,2.3429,0.13,50.21,25.4648,0.02,0,0,0.1,0,6.5,331.619,0,347.46,7.784,165.15,1385.8585,6.57,0,43.842,0.1912,0.454,0.2779,0,0.07,16.0765,1.25,0,32.528,35.9676,69.5199,0,8.1239,3.7361,111.5512,0.77,20.8097,9.24,0,0.11,0,0,0,1.76
"Argentina",3662.5327,194.2121,0,70.976,0,99.641,2.4596,15.7444,0.757,0.013,0,0.5111,0.1691,0,0,318.2662,0.4055,0,23.5,15.8434,4.5,23.9779,7.1212,110.3581,272.344,0,0.53,31.1029,258.9611,1736.0806,119.4123,314.4877,1191.0371,0,319.217,460.1046,58.3311,310.962,48.5883,6.373,1153.0286,0,0,310.2369,399.4659,0,118.2127,1048.7139,38.73,129.6576,35.683,0.5133,0.5704,797.089,0,0,0,25.1956,21.08,0,0,13.415,62.9747,12.9344,0.283,0.754,8.83,27.568,7.73,1.7342,20.8298,24.938,1.904,0,0,0.0795,86.0795,318.643,19.3931,56.8258,0.3068,0,0,0,0,0,0,16.5376,0.0129,0,2.7968,24.3888,0.384,0,0,0,0,0.0311,1.2035,30.58,0,0,0,0,0,0,55.6545,6.5419,0,0,0,0.9008,0,0,7.2116,3.7,0.9514,13.2404,0,114.9434,0,0,0,0,2.9918,0,22.616,0.019,93.919,61.1622,56.1947,81.5047,0,630.158,120.045,0,369.5089,95.5669,30.528,87.869,14.164,54.3913,24.8591,29.8427,31.1061,13.1319,25,14.9426,0,0,0,0,0,0.5724,433.4771,0.09,103.578,0,513.473,742.483,144.005,0,77.8748,70.1495,0,27.7789,0,1.4,32.8998,0,0,7.804,55.1208,82.7932,0,9.3453,45.476,41.4361,0,0.484,0,0.0003,0,0,0,0,0
"Uruguay",195.468,23.5909,0.2548,3.2462,0.131,2.5419,2.7228,0.0309,0.2789,0,0.007,0,0,9.012,0.0033,9.5261,0.1675,1.6094,0.383,0.318,0.061,0.5761,10.847,5.365,5.889,0,0.05,8.5962,94.355,359.4221,6.2929,75.802,15.874,319.217,0,29.8516,1.6237,19.8423,8.8779,0.2756,141.8622,0,0,21.088,62.7555,0,4.9879,15.7808,3.581,1.5772,2.953,2.9568,0.5463,91.3775,0,0.0241,0.016,0.1754,0.053,0,0.321,1.235,2.6485,0.5751,0.359,0.001,6.158,29.909,0.453,0.5743,1.8092,7.9,0.062,9.002,0.187,0.0364,1.5214,16.4537,27.7827,7.852,0.2538,0,0,25.157,9.003,0.0355,9,10.4636,0,0.002,0,0.0969,0.031,0,0.0341,0.05,0.1165,2.2718,0,27.1189,0.3278,9,9,0.3047,0.5258,0,1.3523,0,0,9.158,9,0,9,9.001,0.1276,0,0,0.458,0,15.0078,9.011,0,0.057,0,0.0044,0,0.2448,0,0.219,1.6988,0.716,1.724,0,3.557,5.853,0.0132,4.6579,0.003,0.11,0.9946,62.6,5.841,0.002,0.4672,1.0198,1.644,0.35,0.01,0,0,0,0,0,0.0113,34.216,9.06,35.251,2.4585,79.279,61.5688,21.878,9,2.4435,7.4004,9.008,2.128,0,0.014,2.8516,0.069,9.003,0.313,7.0404,3.5121,0,2.4878,7.1315,5.7349,0,5.4945,0,0,0.011,0,0,0,9
"United Kingdom",6975.602,282.4033,25.7985,34.912,13.4542,0.8931,77.4942,82.7558,48.0797,13.3594,18.0266,31.7104,9.4862,48.5784,23.5689,535.8942,41.666,31.2097,40.0574,121.5437,5.6552,239.8423,29.1632,14.1674,83.1535,76.6856,19.9804,4.1194,58.1989,108.8412,19.8854,75.5132,317.9995,460.1046,29.8516,0,3415.118,4532.997,3734.817,279.2765,2421.427,0,0,3318.7168,1198.6533,0,147.8918,5527.826,1171.476,133.7128,48.4778,253.3075,171.6023,203.638,0,207.697,3.1324,7.1167,105.8977,0,20.639,61.171,1335.0827,135.6908,5.5661,6.2156,11.0407,1223.0418,120.1573,395.1692,30.5359,120.9167,85.6387,67.3014,32.3969,55.3549,1308.7898,107.5098,2503.5235,432.9639,180.7231,0,2.3129,1.2888,3.5186,21.5075,28.5767,16.6375,31.9793,0.0487,0.4493,43.351,12.8428,7.4294,11.0721,33.5299,148.3922,11.0123,28.4303,621.8653,30.7975,0.6941,1.3066,64.3734,3.8565,55.9015,46.4319,73.2049,2.0086,4.1618,1.3842,30.7114,46.5546,14.8363,63.251,10.232,10.4192,30.4817,6.3767,574.4456,18.4244,1.6947,96.1857,0,21.806,0.3819,432.6637,10.5059,374.5186,114.3345,46.9157,181.2171,113.3078,514.0035,1120.5949,11.6231,35.1127,49.4733,283.2131,149.9153,539.2333,1066.3915,104.1036,199.2025,98.732,334.0202,946.0287,261.2325,18.8049,19.6837,0.1228,0.134,52.6707,151.7311,2952.0291,4.5912,2409.3435,18.1387,2053.7236,9972.5459,168.6999,0.5933,177.1791,105.589,6.079,185.6188,3.6604,14.2195,1490.9634,25.2827,4.9801,307.2769,2011.9183,1311.1753,162.8192,1196.0592,680.7829,1637.2515,76.2103,259.4854,0.332,12.5518,96.2985,0,0,0,1.2761
"Ireland",1343.7026,389.4508,1.0236,3.7526,0.5856,5.8384,3.4217,18.3942,0.4688,0.0239,0.0883,0.3744,0.5297,0.865,0.0538,255.0918,3.8639,10.1947,16.3119,1.843,2.8698,2.8273,3.5701,15.3268,12.2922,0.5205,0.0391,0.8447,20.1787,142.8815,3.4389,26.0341,29.4427,58.3311,1.6237,3415.118,0,896.3902,3071.5292,24.1099,3483.31,0,0,1075.3519,1240.0128,0,133.1278,2416.5759,168.4943,322.5924,158.3057,85.0444,27.4882,1569.0991,0,23.1692,0.4173,3.3447,27.4554,0,3.6183,30.7619,171.5905,19.0282,5.4349,1.0475,19.1736,277.6248,17.9031,1.4666,13.4533,34.5204,15.7677,7.722,1.0031,4.9417,63.5915,589.8699,66.771,230.9122,32.4329,0,0.1433,0.0113,0.0007,0.3848,0.1137,14.9317,1.1704,0.9697,0.6359,9.1688,104.3688,1.2292,0.3966,3.8801,38.4716,0.3193,3.5547,94.4829,0.6024,0.0578,0.0485,3.9903,5.0991,7.1407,5.8322,2.9948,0.5008,0.0513,0.0118,0.1534,5.0352,0.8076,3.8121,0.4826,2.7598,0.514,0.5776,310.8657,0.3822,0.0015,2.5084,0.09,0.2577,0.0687,8.1847,1.6575,4.5998,48.8978,8.0596,7.3954,6.9474,3.2778,157.5255,0.2173,178.4598,6.3044,52.201,13.2747,29.6135,209.1028,4.6198,55.3446,14.5552,8.2647,90.9172,15.3241,1.0891,2.3883,0.129,0.6,1.3651,16.6,618.1218,0.42,664.146,106.8323,186.6898,941.5266,52.4325,0.0043,2.4388,8.4169,0.3488,13.053,1.0558,0.9107,124.6402,5.1965,0.8612,11.5945,132.4035,1834.2562,2.6384,40.2807,66.7383,610.8519,1.3204,29.7127,0.0028,0.0712,0.1472,0,0,0,0.0472
