"","United States of America","Haiti","Mexico","Guatemala","El Salvador","Colombia","Venezuela","Ecuador","Peru","Brazil","Bolivia","Paraguay","Chile","Argentina","Uruguay","United Kingdom","Netherlands","Belgium","France","Switzerland","Spain","Portugal","Germany","Austria-Hungary","Italy","Yugoslavia","Greece","Romania","Russia","Sweden","Denmark","Morocco","Iran","Turkey","China","Korea","Japan","Thailand"
"United States of America",0,1.41,8.08,0,0,0.53,7.05,0,0,46.65,0,0,0.3,2.55,0.98,220.8,18.93,21.09,9.79,13.69,13.98,4.13,22.8,8.35,5.68,9.04,9.76,0,15,0,3.39,0,0,3.39,12.11,0,14.42,0
"Haiti",1.41,0,0,0,0,0,0,0,0,0,0,0,0,0,0,1.86,0,0,0,0,0,0,0,0,0,0,0,0,0,0,0,0,0,0,0,0,0,0
"Mexico",8.08,0,0,0,0,0,0,0,0,0,0,0,0,0,0,3.04,0,0,12.58,0,9.36,0,10.74,0,0,0,0,0,0,0,0,0,0,0,0,0,0,0
"Guatemala",0,0,0,0,0,0,0,0,0,0,0,0,0,0,0,0,0,0,0,0,0,0,0,0,0,0,0,0,0,0,0,0,0,0,0,0,0,0
"El Salvador",0,0,0,0,0,0,0,0,0,0,0,0,0,0,0,0,0,0,0,0,0,0,0,0,0,0,0,0,0,0,0,0,0,0,0,0,0,0
"Colombia",0.53,0,0,0,0,0,0,0,0,0,0,0,0,0,0,4.32,0,0,0,0,0,0,0,0,0,0,0,0,0,0,0,0,0,0,0,0,0,0
"Venezuela",7.05,0,0,0,0,0,0,0,0,0,0,0,0,0,0,3.18,0,0,0,0,0,0,0,0,0,0,0,0,0,0,0,0,0,0,0,0,0,0
"Ecuador",0,0,0,0,0,0,0,0,0,0,0,0,0,0,0,0.76,0,0,0,0,0,0,0,0,0,0,0,0,0,0,0,0,0,0,0,0,0,0
"Peru",0,0,0,0,0,0,0,0,0,0,0,0,1.32,0,0,4.43,0,13.6,0,0,0,0,0,0,0,0,0,0,0,0,0,0,0,0,0,0,0,0
"Brazil",46.65,0,0,0,0,0,0,0,0,0,0,0,0.5865,0.52,0.75,2.14,0,0.78,0,0,0,1.91,0,0,0,0,0,0,0,0,0,0,0,0,0,0,0,0
"Bolivia",0,0,0,0,0,0,0,0,0,0,0,0,0,0,0,0.3,0,0,0,0,0,0,0,0,0,0,0,0,0,0,0,0,0,0,0,0,0,0
"Paraguay",0,0,0,0,0,0,0,0,0,0,0,0,0,0.68,0,0,0,0,0,0,0,0,0,0,0,0,0,0,0,0,0,0,0,0,0,0,0,0
"Chile",0.3,0,0,0,0,0,0,0,1.32,0.5865,0,0,0,1.76,0,5.77,0,0,1.75,0,0,0,5.25,0,0.07,0,0,0,0,0,0,0,0,0,0,0,0,0
"Argentina",2.55,0,0,0,0,0,0,0,0,0.52,0,0.68,1.76,0,4.54,16.26,0,4.5,17.02,0,2.83,0,1.75,0,3.02,0,0,0,0,0,0,0,0,0,0,0,0,0
"Uruguay",0.98,0,0,0,0,0,0,0,0,0.75,0,0,0,4.54,0,5.46,0,2.59,1.67,0,2.04,0,2.57,0,1.41,0,0,0,0,0,0,0,0,0,0,0,0,0
"United Kingdom",220.8,1.86,3.04,0,0,4.32,3.18,0.76,4.43,2.14,0.3,0,5.77,16.26,5.46,0,24.17,35.51,88.03,10.84,26.57,0.45,10.64,3.41,22.66,0.49,3.66,11.34,34.63,15.25,10.16,0.24,0.22,18.86,2.03,0,20.8,0.2
"Netherlands",18.93,0,0,0,0,0,0,0,0,0,0,0,0,0,0,24.17,0,26.22,1.43,0.66,0,0,55.04,0,13.07,0,0,0,35.89,0,1.6,0,0,1.82,0,0,0.03,0
"Belgium",21.09,0,0,0,0,0,0,0,13.6,0.78,0,0,0,4.5,2.59,35.51,26.22,0,25.41,2.81,2.33,1.08,37.07,0,4.75,9.09,1.47,17.49,15.7,18.06,1.05,0,0,2.01,0,0,0.37,0
"France",9.79,0,12.58,0,0,0,0,0,0,0,0,0,1.75,17.02,1.67,88.03,1.43,25.41,0,15.45,22.5,0.15,10.09,0,35.81,0.08,2.07,2.66,27.47,5.68,0.7,0,0,2.47,0,0,6.49,0
"Switzerland",13.69,0,0,0,0,0,0,0,0,0,0,0,0,0,0,10.84,0.66,2.81,15.45,0,0,0,13.8,11.54,9.34,0.05,0,0,1.93,0,0,0,0,0,0,0,0.38,0
"Spain",13.98,0,9.36,0,0,0,0,0,0,0,0,0,0,2.83,2.04,26.57,0,2.33,22.5,0,0,1.09,11.11,0,0.84,0,0,0,7.71,5.8,0,0,0,1.59,0,0,0,0
"Portugal",4.13,0,0,0,0,0,0,0,0,1.91,0,0,0,0,0,0.45,0,1.08,0.15,0,1.09,0,3.97,0,0.26,0,0,0,0,0.69,0,0,0,0,0,0,0,0
"Germany",22.8,0,10.74,0,0,0,0,0,0,0,0,0,5.25,1.75,2.57,10.64,55.04,37.07,10.09,13.8,11.11,3.97,0,29.08,3.76,0.14,0.15,13.32,34.26,14.77,17.45,0,0,41.07,0,0,3.01,0
"Austria-Hungary",8.35,0,0,0,0,0,0,0,0,0,0,0,0,0,0,3.41,0,0,0,11.54,0,0,29.08,0,8.66,0.69,1.82,7.27,3.95,0,0,0,0,2.28,0,0,0.26,0
"Italy",5.68,0,0,0,0,0,0,0,0,0,0,0,0.07,3.02,1.41,22.66,13.07,4.75,35.81,9.34,0.84,0.26,3.76,8.66,0,0.08,0.73,20.08,15.01,0,0,0,0,4.25,0,0,0.35,0
"Yugoslavia",9.04,0,0,0,0,0,0,0,0,0,0,0,0,0,0,0.49,0,9.09,0.08,0.05,0,0,0.14,0.69,0.08,0,9.01,0.2162,9.15,0,0,0,0,0.2,0,0,0,0
"Greece",9.76,0,0,0,0,0,0,0,0,0,0,0,0,0,0,3.66,0,1.47,2.07,0,0,0,0.15,1.82,0.73,9.01,0,1.31,5.57,0,0,0,0,1.28,0,0,0,0
"Romania",0,0,0,0,0,0,0,0,0,0,0,0,0,0,0,11.34,0,17.49,2.66,0,0,0,13.32,7.27,20.08,0.2162,1.31,0,0.9,0,0,0,0,1.38,0,0,0,0
"Russia",15,0,0,0,0,0,0,0,0,0,0,0,0,0,0,34.63,35.89,15.7,27.47,1.93,7.71,0,34.26,3.95,15.01,9.15,5.57,0.9,0,5.11,2.48,0,0.54,6.67,12.27,0,0.18,0
"Sweden",0,0,0,0,0,0,0,0,0,0,0,0,0,0,0,15.25,0,18.06,5.68,0,5.8,0.69,14.77,0,0,0,0,0,5.11,0,2.09,0,0,9.11,0,0,0,0
"Denmark",3.39,0,0,0,0,0,0,0,0,0,0,0,0,0,0,10.16,1.6,1.05,0.7,0,0,0,17.45,0,0,0,0,0,2.48,2.09,0,0,0,0.8996,0,0,0,0
"Morocco",0,0,0,0,0,0,0,0,0,0,0,0,0,0,0,0.24,0,0,0,0,0,0,0,0,0,0,0,0,0,0,0,0,0,0,0,0,0,0
"Iran",0,0,0,0,0,0,0,0,0,0,0,0,0,0,0,0.22,0,0,0,0,0,0,0,0,0,0,0,0,0.54,0,0,0,0,2.08,0,0,0,0
"Turkey",3.39,0,0,0,0,0,0,0,0,0,0,0,0,0,0,18.86,1.82,2.01,2.47,0,1.59,0,41.07,2.28,4.25,0.2,1.28,1.38,6.67,9.11,0.8996,0,2.08,0,0,0,0,0
"China",12.11,0,0,0,0,0,0,0,0,0,0,0,0,0,0,2.03,0,0,0,0,0,0,0,0,0,0,0,0,12.27,0,0,0,0,0,0,0,2.91,0
"Korea",0,0,0,0,0,0,0,0,0,0,0,0,0,0,0,0,0,0,0,0,0,0,0,0,0,0,0,0,0,0,0,0,0,0,0,0,0,0
"Japan",14.42,0,0,0,0,0,0,0,0,0,0,0,0,0,0,20.8,0.03,0.37,6.49,0.38,0,0,3.01,0.26,0.35,0,0,0,0.18,0,0,0,0,0,2.91,0,0,0
"Thailand",0,0,0,0,0,0,0,0,0,0,0,0,0,0,0,0.2,0,0,0,0,0,0,0,0,0,0,0,0,0,0,0,0,0,0,0,0,0,0
