"","United States of America","Canada","Bahamas","Cuba","Haiti","Dominican Republic","Jamaica","Trinidad and Tobago","Barbados","Dominica","Grenada","St. Lucia","St. Vincent and the Grenadines","Antigua & Barbuda","St. Kitts and Nevis","Mexico","Belize","Guatemala","Honduras","El Salvador","Nicaragua","Costa Rica","Panama","Colombia","Venezuela","Guyana","Suriname","Ecuador","Peru","Brazil","Bolivia","Paraguay","Chile","Argentina","Uruguay","United Kingdom","Ireland","Netherlands","Belgium","Luxembourg","France","Monaco","Liechtenstein","Switzerland","Spain","Andorra","Portugal","Germany","Poland","Austria","Hungary","Czech Republic","Slovakia","Italy","San Marino","Malta","Albania","Montenegro","Macedonia","Croatia","Yugoslavia","Bosnia and Herzegovina","Kosovo","Slovenia","Greece","Cyprus","Bulgaria","Moldova","Romania","Russia","Estonia","Latvia","Lithuania","Ukraine","Belarus","Armenia","Georgia","Azerbaijan","Finland","Sweden","Norway","Denmark","Iceland","Cape Verde","Sao Tome and Principe","Guinea-Bissau","Equatorial Guinea","Gambia","Mali","Senegal","Benin","Mauritania","Niger","Ivory Coast","Guinea","Burkina Faso","Liberia","Sierra Leone","Ghana","Togo","Cameroon","Nigeria","Gabon","Central African Republic","Chad","Congo","Democratic Republic of the Congo","Uganda","Kenya","Tanzania","Burundi","Rwanda","Somalia","Djibouti","Ethiopia","Eritrea","Angola","Mozambique","Zambia","Zimbabwe","Malawi","South Africa","Namibia","Lesotho","Botswana","Swaziland","Madagascar","Comoros","Mauritius","Seychelles","Morocco","Algeria","Tunisia","Libya","Sudan","South Sudan","Iran","Turkey","Iraq","Egypt","Syria","Lebanon","Jordan","Israel","Saudi Arabia","Yemen","Kuwait","Bahrain","Qatar","United Arab Emirates","Oman","Afghanistan","Turkmenistan","Tajikistan","Kyrgyzstan","Uzbekistan","Kazakhstan","China","Mongolia","Taiwan","North Korea","South Korea","Japan","India","Bhutan","Pakistan","Bangladesh","Myanmar","Sri Lanka","Maldives","Nepal","Thailand","Cambodia","Laos","Vietnam","Malaysia","Singapore","Brunei","Philippines","Indonesia","East Timor","Australia","Papua New Guinea","New Zealand","Vanuatu","Solomon Islands","Kiribati","Tuvalu","Fiji","Tonga","Nauru","Marshall Islands","Palau","Federated States of Micronesia","Samoa"
"United States of America",0,69904.31,3148.3146,329.0571,495.9985,4231.2231,2106.4732,3337.0671,576.2273,69.1244,81.7229,749.2997,112.7529,205.1468,209.3003,79351.27,163.7771,3143.1982,237.8857,1915.2092,1988.7306,1778.5874,3006.8747,22.043,17745.782,94.1122,117.631,2079.1698,3680.5908,8492.491,694.4093,786.5362,4811.4377,7667.1195,1180.9561,11543.949,27008.296,17071.594,10911.125,1123.9643,21940.391,0,0,18157.606,4561.8274,0,2138.5568,79994.009,2815.8696,7007.4336,4101.7319,1917.3752,1638.794,27707.201,0,377.0283,12.6979,17.3005,129.7688,257.495,0,34.0589,15.7581,277.5894,490.6259,24.8049,234.6164,3.159,1238.3233,4964.6,391.1873,178.4475,736.3949,997.8975,379.9455,37.4307,106.063,169.4593,3084.1099,6346.1035,188.3003,5157.487,243.2212,0,0.2131,3.1498,378.3152,45.5083,37.5385,118.632,854.2985,77.5852,59.7238,938.8219,14.7677,73.3033,119.9065,67.6679,969.1148,364.5843,149.2949,2674.6116,342.5817,34.3713,2258.9833,70.5471,48.0524,39.4079,1194.3542,248.7724,1.3802,17.3268,38.4328,126.2604,1695.3745,5.1615,3475.4551,313.6743,84.22,11.3228,11.0788,1036.6348,85.1572,358.6431,265.0702,55.7949,164.3574,1.8468,314.6657,9.8735,2266.1195,1726.0982,413.7752,328.6935,72.267,19.0322,200.286,5370.9049,11394.1144,3654.994,4.8897,1381.8716,37.595,14491.0274,26491.01,360.4359,7422.5382,201.021,4034.7035,21525.0934,1240.2396,796.7471,480.9218,23.4327,76.8734,220.0282,334.9608,289242.22,165.8047,13736.014,26.4315,24065.406,60881.876,23993.986,2.1277,2005.3066,4501.5878,8.8237,2243.0999,8.7392,46.6739,12427.541,2482.8365,1.5596,24299.2417,14432.312,21412.752,573.2157,3961.8201,11173.3953,0,15938.906,57.2668,953.2946,16.1248,1.4555,0.6696,0.523,96.1954,19.5078,0.2387,0,0,0,20.1382
"Canada",69904.31,0,154.9555,113.2998,7.7582,1443.064,143.1499,239.9908,182.7043,8.7351,4.0146,11.5383,13.4621,9.8215,7.0898,17541.917,19.842,464.4197,206.6312,31.495,320.536,394.3008,75.0433,277.4397,645.4061,308.6344,123.3663,13.7339,2073.5495,461.6124,168.2878,8.0423,446.9616,1693.7326,45.1894,4571.2799,1048.6992,961.562,1500.7566,1.2592,3275.5086,0,0,3142.2941,1063.2793,0,238.8034,12415.5403,1408.1112,1342.7563,436.4472,365.4258,260.7802,3283.6062,0,313.2656,40.8705,1.845,8.8875,39.7658,0,12.5034,0,30.894,122.1028,9.4509,77.4832,0.1273,344.5195,778.2995,72.1425,16.0039,181.5187,92.0138,29.3273,79.6268,63.8657,427.1302,1035.9266,1412.488,1564.6582,815.1585,1.4643,0,0.0984,0.0416,4.4277,0.9425,11.6705,24.0207,30.3543,11.549,2.1999,434.1299,40.1735,21.5824,21.5963,5.6232,132.9706,12.9377,104.8882,91.0808,24.1568,0.7691,35.6727,6.1048,1.3539,27.245,94.954,29.2988,2.922,27.6401,1.3408,1.7622,112.6465,0.9518,1090.226,86.8681,22.3754,2.3103,61.6396,635.9883,76.8799,5.8633,563.8278,2.9194,78.589,0.6119,28.0779,23.0091,34.9812,870.7495,17.7611,68.5256,159.2352,0,40.9491,305.9949,1580.0442,342.0266,2.4344,59.8532,1.8702,728.0765,1416.4167,21.9216,138.3599,14.0367,130.3197,1652.4943,73.5763,14.9097,11.8882,8.464,14.0829,5.3909,346.8027,35706.762,6.5678,3332.817,0.0185,1773.7896,1947.238,609.4871,0.1142,72.0621,484.9138,7.1185,34.5067,16.9341,1.9756,1925.2462,822.9479,4.6995,2428.2565,1484.112,27.0706,3.6278,880.9426,356.4478,0,583.6446,26.2621,177.9468,1.191,0.0129,0.0841,9,0.4527,1.1032,0.1381,0,0,0,0.1362
"Bahamas",3148.3146,154.9555,0,1.17,0.5164,385.9849,26.1725,136.815,6.7329,0.0069,0.5561,0.2555,0.0822,0.3083,0.0524,242.1095,1.2925,3.0233,1.6802,0.4421,0.173,7.0282,2.1927,839.4901,154.071,0.2211,1.07,100.5088,6.0152,669.2974,0.0534,0.0088,1.5664,10.1349,4.3017,25.223,0.728,78.2681,7.5548,0.0088,1.8905,0,0,23.5398,122.3621,0,109.1967,28.6257,2.5544,16.1444,0.0912,0.1768,0.0006,93.5805,0,0.0223,0.0009,0.012,0.0162,0.0606,0,0,0,0.004,87.8369,0.1164,1.0984,0.1051,7.1234,2.446,2.1886,0.4142,0.1474,0.0748,0.2534,0.0031,0,28.228,61.0458,4.5165,79.0823,15.0997,2.4218,0,0,9,0,0,9,0.0026,0,0,9,757.1324,0,0,0.0791,0,0,0,1.1011,2.5154,0.0171,0,0,0,0,0,22.2144,0.0037,0,0,0,0,9,0,0,0,0,0,0,21.0054,0,0,0,0,0.4038,0,0.6001,0,77.9761,11.5315,0.0017,0,0,0,0,10.1374,0,0.0199,0,0.1,0,0.02,134.9224,0.177,0,0.2309,9,0.9864,0,0,7.7719,0,0.0014,0,0.0391,823.2423,9.0059,0.0852,0.7352,902.0564,1367.1009,359.3262,0,0.0338,0,0,0.0031,9.101,0,114.2301,0,0,0,71.2211,1025.1271,0,0.8282,0.9878,0,1.9557,9,1.8041,9,0,0,0,0,0,0,0,0,0,1.4676
"Cuba",329.0571,113.2998,1.17,0,25.439,32.4121,6.5895,65.1532,0.5093,0,0.119,0.3438,0.0183,0,9.0009,385.7122,114.6237,17.5686,20.6393,7.1033,0.3138,31.7978,2.1791,24.5333,4299.8034,0.1256,1.402,0.7833,12.01,491.3811,2.5933,4.6306,33.2142,326.4225,91.9977,35.2567,1.2219,4.3784,66.5968,0.0013,217.7117,0,0,10.4562,860.4816,0,28.4372,232.847,36.3128,4.9192,8.2093,25.8272,7.0557,301.9041,0,0.1839,0.1152,0.0562,0.1463,16.2311,0,0,0,1.8001,8.2607,1.713,3.8597,0.1308,1.9726,49.4568,2.9414,0.0496,34.2802,91.674,11.5505,0.1503,0.1159,0.0328,34.1986,24.8919,0.1575,27.9913,4.5562,0,0,15.2646,0,0.1393,0,47.8249,0,0.1096,0,0.015,9.0146,9,0,9,6.0096,0,0,0.7037,0.0079,0,0,0,9,0.1911,0,0.0035,0,0.0545,0,0,0.0227,0,9,0,0.0008,0,0,4.1471,0,0,0,0,0.1553,9,0.2358,0,0.064,262.537,1.164,97.8973,0,0,0,1.3473,0,0.9464,0.8555,11.7302,0.1004,0,0.8994,0.0129,0.8591,4.709,1.7026,3.9454,0.1872,0,0,0,0.0687,0,0.6497,785.8898,1.7042,4.6967,0,49.2283,24.8473,38.7461,0,0.5847,9,9,0.0832,0,0,3.3707,9.0047,0,0,28.0373,3.9689,9,0.7853,1.1159,0,4.3164,9,61.6096,0,0,0,0,0,0,0,0,0,0,0
"Haiti",495.9985,7.7582,0.5164,25.439,0,1724.1589,2.0687,26.5983,2.6108,0.0033,0,0.0871,0.0462,0,0.0937,49.3603,0.0437,49.9958,12.0046,8.2252,15.6496,19.457,0.2839,54.0307,3.4291,0.7768,0.3306,2.5582,79.4663,39.8846,0.0481,0.0649,4.7297,20.6536,7.2793,2.1341,2.2971,32.0329,5.8744,0.1095,59.0936,0,0,0.3725,25.3195,0,1.2378,24.583,1.9962,1.6197,0.7712,0.0297,0.8172,21.4006,0,4.2042,0,0,0,0.0046,0,0,0,0.0164,0.1397,0.1568,0.1462,0,0.228,6.9914,0.0061,17.8488,9.1302,0.0479,0.0108,9.0023,0,9,0.0134,3.8911,3.7893,2.2811,0.0834,0,0,0,0,0,9,0.8593,0.0065,9,9,0.3522,0,0,0,9,0,0,0,0.0905,0,9,0,0,0,0.0029,0.0001,0,0,9,0,9,9,0,0,0,0.004,0,0,2.1805,0,0,0,0,0.0077,9,0.0127,0,0.9771,0.688,0.0001,11.7825,0,0,0,24.5773,0,3.3299,0,0.0419,0.4539,4.51,0.0471,0,0.1275,0.0058,0,1.3171,0.0353,0,0,9,9,0,0.0021,430.3714,0,23.5939,0,40.3967,48.5508,79.1942,0,7.0239,0,0,0.0976,0,9,11.0497,0.4062,0,0,26.4678,1.7692,0,0.0445,93.7467,0,1.1991,0,0.3518,9,0.0769,0,0,0,0,0,0,0,0,9.2095
"Dominican Republic",4231.2231,1443.064,385.9849,32.4121,1724.1589,0,49.0149,758.9386,5.0758,4.1915,3.3624,33.0054,4.21,12.6274,2.4037,795.4286,0.5816,114.8919,56.1369,86.1194,20.9401,255.4354,16.1656,257.6869,1116.8326,12.8621,8.8099,46.5225,80.1492,370.4138,0.3441,1.2716,56.9308,292.0304,49.1379,101.811,8.6546,105.9021,105.4777,10.084,103.4139,0,0,10.5595,294.3908,0,7.1586,92.345,6.8047,11.5804,4.5051,6.9182,0.5404,205.8807,0,2.922,0.6108,0,0.4434,0.0805,0,0,0,2.0182,13.846,0.0342,1.1916,9.0336,0.924,95.6566,0.5501,0.2746,1.0766,23.8447,0.9729,0.1131,0,0.0154,9.6911,11.9045,33.9494,71.1127,0.6066,0,0.7028,9.0001,0,0.0381,9.0002,0.8737,0.0027,9.0087,0,1.229,0.0939,9,0.6719,0.3472,0.7376,0,3.5175,32.548,9.7155,0.0452,9.5127,0.3245,0.1122,0.0937,0.0288,0.1811,9.1541,9.0001,9,9,0.0001,0,9.214,0.0019,0.0033,0.0008,0.0142,14.4255,9.0009,9.0148,0.0034,1.7794,0.4246,9.1473,0.0647,0,0.4207,0.5423,2.2556,0.0113,0,0,0.0124,56.794,1.7637,2.5234,0.3544,1.8981,1.6998,15.07,0.3307,0,0.0292,0,0.1781,4.2416,0.019,0.1017,0,0,9.0301,0,0.3782,1240.757,0.0012,99.614,6.3638,114.3351,2.5987,68.1364,0,7.4974,6.1163,0.0752,0.2354,9.0007,9.0391,83.8922,1.134,0.0163,0,18.627,24.4012,0.0195,9.5923,24.4026,0,21.5225,0,7.0153,9,0,9.0034,0,10.6113,0,0,0,0,0,0
"Jamaica",2106.4732,143.1499,26.1725,6.5895,2.0687,49.0149,0,705.382,0.4428,19.0444,2.2705,5.7131,1.6725,6.5408,3.0946,191.1545,16.8885,22.0551,9.9136,15.8759,1.5406,55.8605,4.1412,40.8577,1048.9325,33.7878,8.9476,2.4911,8.7498,58.4357,0.055,0,12.1505,17.7457,1.8068,17.0576,4.1014,82.5637,38.3007,0.0835,18.5875,0,0,10.9045,43.4379,0,13.9604,40.7059,6.9724,3.3335,5.8946,0.1885,3.1427,14.5839,0,0.6885,0,0.0146,0.0014,0.0198,0,0,0,63.7851,0.9172,0.0015,0.2208,0.3045,9.6056,73.0502,0.0335,0.0152,0.0588,0.0339,0.2594,0.0008,0.0176,11.0561,0.0071,15.0025,22.8196,4.2259,54.1611,0,0,0,0,0,0,0,0,0,9,0.0897,0.0708,9,0,0,12.4981,0,0.0364,1.8062,0,0.0173,0,0,0,0,0.0276,0,0,9,0,0,0.5997,0,0,0,0.0026,0.0367,0,1.1337,0,0,0.0013,0,0.0047,0,0.0737,0,0.0393,0.0054,0.0209,0,0.9914,0,0.3274,50.4317,0.0105,0.5587,0,0.0447,0.4703,6.73,0.0006,0.0435,0,0,0.3815,79.949,4.1854,0.0957,0,0,9.0014,0,0.0151,545.8801,0,3.313,1.6357,15.2107,134.4455,38.2463,0,2.2362,0,0,2.9732,0,0.0013,37.0253,0.0008,0,0,15.8097,5.004,0,0.0888,14.7034,0,10.9536,0,24.8923,0,0,0,0,0.1846,0,0,0,0,0,0
"Trinidad and Tobago",3337.0671,239.9908,136.815,65.1532,26.5983,758.9386,705.382,0,632.345,86.0382,280.0735,275.1577,132.5425,106.2984,122.0614,325.9241,42.5443,66.2641,16.9301,36.9396,14.0528,63.2326,1.4513,301.1489,15.7308,339.9646,116.8155,5.1676,896.8534,770.6354,0.0234,1.1665,1189.1713,1900.7759,25.2359,51.7858,20.2112,270.4465,129.8878,15.1639,163.5592,0,0,9.7225,754.6285,0,35.3141,59.1315,1.8639,17.892,3.1436,2.8777,1.8412,38.1232,0,0.0274,0,0.0002,0.0053,0.0253,0,0,0,1.0379,5.0808,0.2184,0.256,9,0.704,382.9494,0.0612,0.0257,0.1582,0.2554,0.1054,0,0.0278,0.1714,3.1305,21.1192,11.1866,7.2935,0.0289,0,0.0019,0,0,0.6341,0,7.2736,0.0106,0.0537,0,7.6644,0,0,0.0036,0.0297,0.8849,0,163.2915,0.8856,472.1292,0.0721,0,0,0,0.9694,0.0923,0.9448,9,0,0.0001,9,0,0,171.9686,0.0503,0,0,0.2659,5.3058,0.0071,0,0,3.5539,1.6433,0.1234,0.0267,0,36.7804,0.0008,0.0148,0.0359,0,0,0.9226,42.6485,0,17.1801,0,0.0484,0,3.41,0.7099,0.0065,0.0043,0,0.038,1.0073,0.0355,0.2914,0,0,9,0.0685,37.1822,392.1531,0,43.84,10.5203,52.7779,116.6903,80.654,9,7.6173,0,0.0302,3.0128,0,0,82.7115,0.5355,0.0008,0,28.676,266.9207,0,0.7253,14.7409,0,11.9936,0.1017,49.1488,0,9,0,0,0.2066,0,0,0,0,0,0.103
"Barbados",576.2273,182.7043,6.7329,0.5093,2.6108,5.0758,0.4428,632.345,0,6.2309,16.5431,40.0358,21.3536,22.3265,23.8247,0,1.0664,6.0784,3.2905,0.3978,0.1581,9.332,0.1023,0.8334,8.6888,11.7204,19.9599,1.2434,1.1025,22.0192,0.0069,0.0861,1.842,1.4646,7.161,48.5027,2.3571,6.6917,4.0401,0.4874,24.745,0,0,8.7235,5.8858,0,0.6896,16.2929,0.3754,0.3913,0.7508,1.3807,0.1991,29.5322,0,0.3442,0,0,0.0154,0,0,0.0172,0,0.0353,0.0157,0.4359,0.024,0.0153,0.0025,0.3084,0.0431,0.0838,0.0376,0.0207,0.0205,0.0319,0,0.2665,0.1574,8.8173,1.135,5.5447,0.0304,0,0,0,0.0004,0.0175,0.0925,0,0.0003,0.001,0,0.1301,0,9,0.0598,0.2593,0.0379,0,1.6987,0.0596,0.005,0.0186,0.0006,0.0012,0,0,0,0.0071,0,0,0,0,0,9.0319,0,0,0,0.1393,0.0679,0.1275,0.308,0.0001,0.0001,0.2499,0,0.0032,0,0.0022,0.0041,0.0029,0.0062,0,0,0,0.0672,7.864,0,0.1723,0.0038,0,0,0.77,0.0884,0,0.0005,0.0634,0,0.6721,0,0.0006,0,9.0048,0,0.0173,0.4606,66.3467,0.0009,0.0997,3.2694,15.3202,26.7217,10.1803,0,0.6588,0,0,0.1249,9,0.0002,11.9174,0,0.0053,0,2.1275,5.7504,0,0.0212,4.0306,0,0.6271,0,24.4893,0,0,0,0,0.3157,0,0.0021,0,0,0,0
"Dominica",69.1244,8.7351,0.0069,0,0.0033,4.1915,19.0444,86.0382,6.2309,0,8.0549,2.2922,6.435,16.6193,5.9922,0,0.1091,0.1489,0.6452,0.0013,0.0056,1.4482,0,2.341,0.058,3.9196,0.3633,0.1232,3.4488,3.8863,0.0004,0.3824,0.4258,1.0578,0.0443,6.4249,0.2262,3.1182,0.6173,0,2.8595,0,0,0.2058,0.5319,0,0.002,1.3241,1.2982,0.1166,0.0804,0.0435,0,1.203,0,0.0066,0,0,0,0.0033,0,0,0,0.0082,0,0,0.0001,9.0006,0.003,0.844,0.0603,0.0141,0.2105,0.0029,0.1789,0,0,0.0191,0.062,1.8134,1.4608,1.0427,0.0032,0,0,0,0,0,9,0.032,0,0,0,0.0064,0,0,9,9,0.0325,9,0,0,0,0,0,0,0,0,0.0529,0.0418,0,0,0,0,0,0,0,0,0.0174,0,0,2.7366,0,0,0,0,0.0148,0,0,0,0.3707,0.0727,0,0,0,0,0,0.3947,0,1.195,0,0.0007,0,0,3.7185,0.198,9,9.0053,0,0,0,9,10.4647,9.0242,9.0057,0,0.011,40.5208,0.0409,0.2704,0.1818,5.3685,161.4274,2.5437,0,0.0499,0,0,0.9681,9,0,1.5615,9,0,0,2.5906,8.0671,0,0.0009,2.2142,0,0.1927,0,0.0424,9,0,0,0,0,0,0,0,0,0,9
"Grenada",81.7229,4.0146,0.5561,0.119,0,3.3624,2.2705,280.0735,16.5431,8.0549,0,4.9716,6.1818,8.5032,7.1615,0,0.013,0.9313,2.324,0.0593,0,0.7594,0.1543,0.8031,0.142,2.4122,0.0206,0.0625,0.1936,9.0417,0,0.0153,0.3929,0.3872,0.0193,9.7909,0.3111,0.6117,0.6089,0.1982,0.8976,0,0,0.2211,0.0515,0,0.0076,0.0909,0.0038,0.0168,0,0.0073,0,9.214,0,0,0,0.0009,0.0001,0,0,0,0,0,0,0.0219,0.0011,9.0007,0,0.0912,0,0,0,0,0.0557,9,0.0492,0,0.0228,1.6969,0.2219,1.1854,0,0,9,0,0,0,9,0,0,0,0,0.022,0.0767,0,9,9,0,0,0,52.0771,9,0,9,0,0,0.0185,0,0.2044,9,9,0,0,0,0,9,9,0.0018,0.0295,9,0.4429,9,9,0,0,0,0,0.04,9,0,0.0066,0.0006,0,9,0,9,0.2297,9,0.008,0,0.0392,0,0,0.1998,0,9,9,0,9,0,9,0,0,9.1389,0,0,17.3971,0,0.1759,9,3.0034,4.8118,1.6863,9,0.8428,0,0,0.5526,9,0,2.5577,9,9,0,12.1206,0.1091,9,0.0244,0.099,0,0.0482,0,3.1414,0,9,0,0,0,0,0,0,0,0,9
"St. Lucia",749.2997,11.5383,0.2555,0.3438,0.0871,33.0054,5.7131,275.1577,40.0358,2.2922,4.9716,0,7.9753,7.8817,2.5114,0,0.6584,0.4041,4.2249,0.012,0,3.2689,4.826,247.2439,0.4172,2.215,15.6033,0.3437,2.4214,1237.3214,0,0,0.8647,0.7526,0.315,12.7144,0.1363,5.4116,1.7682,0,7.2724,0,0,3.9008,0.8178,0,0.0429,7.947,0.141,0.7285,0.1174,0.0122,0.0009,2.5461,0,0,0,0,0,0,0,0,0,0.0343,0.009,0.0016,0.0006,0,0,0.0262,0,0,0,0.0053,0,0,0,0,0.0137,2.0227,0.3999,0.269,0,0,0.0228,0,0,0.0427,0.0072,0,9,0,0,0,0,0,0,0,0,0,0,0,0.1074,0,0,0,0,0.0019,0,0,0,0.0015,0,0,0,0,0,0,0,0,0,0.0676,0,0,0.0023,0.4892,0.0003,0,0,0,0,0,0.0017,0,0.0897,0,0.0584,0.6932,0,0,0,0,1.2165,0.1124,0.0126,0,0,0,0,0.9773,0,0,0,0,0,0,0.0074,35.3863,0,0.6429,2.7661,3.541,7.242,2.494,0,0.5081,0.1669,0,0,12.9038,0,5.9517,0,0,0,0.6234,0.0317,0,0,0.7843,0,0.5758,0,3.0916,0,0,0,0,0,0,0,0,0.0006,0,0
"St. Vincent and the Grenadines",112.7529,13.4621,0.0822,0.0183,0.0462,4.21,1.6725,132.5425,21.3536,6.435,6.1818,7.9753,0,6.0283,2.6636,0,0.2354,0.4046,0.9939,0,0,0.3811,0,3.949,0.25,3.1973,0.1222,0.1255,1.1238,2.1017,0,0,0.398,0.3109,0.0001,19.7573,0.307,0.9596,0.1189,0.0074,16.5525,0,0,14.0982,0.3723,0,0.1296,3.8606,0.071,0.9984,0.0224,0.1111,0.0021,4.3652,0,0,0,0.0045,0,0.0638,0,0,0,0.2149,0.4323,0,0.5316,0,0.0213,0.0016,0.2496,0.2033,0.0838,0.0096,0.0004,0,9,0,0.1023,1.4059,1.4672,1.6663,0,0,0,9,0,0,0,0,0,0.0001,0,1.5084,0,0,0,0.0069,0.0049,0,0.001,0.0249,0,9,0,0,0,0.0065,0,0,0,0,0,0,9,0,9,9,0.003,0,0.0018,0.66,0.0014,0,9.0003,0.0174,0.1309,0,0,9,0,0.1788,0,0,0,0,0.0024,17.2281,0,0,0.0138,0.0022,0.0065,0,0.071,0,0,0,0,0,0,0,0,0,0,0,9,41.1472,0,0.3282,0.2211,1.413,3.1315,0.799,9,0,0.0919,0,0.0101,0,0,0.3373,0,0,0,0.3095,103.37,0,0.0045,0.1771,0,0.0582,0,1.6603,0,9,0,0,9,0,9,0,0,0,0
"Antigua & Barbuda",205.1468,9.8215,0.3083,0,0,12.6274,6.5408,106.2984,22.3265,16.6193,8.5032,7.8817,6.0283,0,4.5699,0,1.1382,0.4324,0.7575,0.0219,0,0.336,0,0.6616,0.0617,4.8481,22.2933,0.0809,0.7043,6.8528,0.0009,9,1.0096,0.5426,10.1962,22.0185,0.0629,4.6352,0.6949,0.1508,8.107,0,0,1.9291,1.294,0,0.5249,11.7476,0.2016,0.1595,0.1387,0.9305,0.0107,5.7368,0,0.0045,0.0256,0,0,0,0,0,0,0.0038,0.3463,0.0938,0.7626,0.1367,0.0084,0.3125,0.024,0.8967,0.1009,0.0216,0.0001,9,0,0,2.7882,4.1467,0.4023,3.4669,0.9698,0,0,0,0,0,0,19.2417,0,0,0,0.0443,0.0074,9,0,9,0.0532,0,0,5.611,0,0,0,0,0,0.0032,0,0.1838,0,0,0,0,0,0,0,0,0.0869,0,0,6.078,0,0,0,0,0.2146,0,0.4578,0,0.0029,11.0519,0.009,0,0,0,0,14.8672,0,0,0,0.0096,0,0,0,0,0,9.0201,0,0,0,0,2.0622,0,0,0,0.0394,174.0269,0,0,0,6.7761,10.3893,1.8492,0,0.0071,0,0,0.0594,9,0,0,0,0,0,8.3883,301.1736,0,0.1767,1.4607,0,0.1933,0,0.6771,0,0,0,0,0,0,0,0,0,0,0
"St. Kitts and Nevis",209.3003,7.0898,0.0524,9.0009,0.0937,2.4037,3.0946,122.0614,23.8247,5.9922,7.1615,2.5114,2.6636,4.5699,0,0,0.0336,0.8718,0.4701,0.0043,9,0.2416,14.403,0.6597,0,1.5747,0.004,0.0408,0.0961,5.3849,5.7173,9.012,0.2035,5.7964,0.169,10.9531,0.1053,1.8874,0.2196,0,3.3264,0,0,2.8933,0.4343,0,0.089,77.237,0.4194,0.0356,0.0209,1.0011,0.1001,4.5388,0,0.0003,1.0725,0,0.0006,0.003,0,0,0,0.7176,0.0453,0.0524,1.4744,0.0015,0.4029,1.9781,0.0199,0.8691,0.1077,0.0352,0.1844,0.0006,0,4.6306,0.0329,1.862,1.8114,0.0921,0,0,0,0,0,0,0,9,9,0,0,0.0154,0,0,0,0,9,9,9,0.238,9,9,9.0059,9.0003,0,0,0,0.131,9,9.0608,0,0,0,0,0,0,0.6725,0,0,0.3515,0.002,0,0,9.0136,0,0,0.0001,0,0,0.0831,9,0,0,0,9.0108,6.1543,0,0,0,1.1715,9.0036,0.2114,9,0,0,9,9.1004,9.0068,0,9.1008,0,0,9,0,0.0207,29.1733,0,5.831,10.1772,4.6631,10.3296,0.8446,0,9.1346,5.4415,0,0.0009,0,0,9.4514,9,9.0018,0,0.5455,3.6036,0,2.9074,2.7617,0,0.259,0,0.0083,9.0002,0,0,0,9,0,0,0,9,0,0
"Mexico",79351.27,17541.917,242.1095,385.7122,49.3603,795.4286,191.1545,325.9241,0,0,0,0,0,0,0,0,100.1795,1411.6463,9.4124,594.215,232.8923,1699.8518,544.261,4244.7039,1627.5767,0,0,785.6514,926.1222,979.0239,272.834,43.6489,909.6005,277.4262,80.0596,1004.5431,1374.843,1377.2764,1204.2658,864.4302,2378.5577,0,0,878.7563,1281.0766,0,543.4852,11318.1182,797.2977,971.8885,865.009,420.309,65.0986,4132.4958,0,2.6834,0,1.3199,5.373,16.819,0,0,0,49.825,193.6846,2.7758,54.4707,6.4303,289.9808,878.2849,117.7731,2.904,44.286,167.7851,50.6058,8.1222,3.3513,6.8405,658.8955,1039.9315,22.1664,433.0517,1.2274,0,0,0,0,0,0,0.1105,0,0,0,115.5796,0,0,2.6253,0,0,0.4589,0,532.7483,0,0,0,15.2118,0,0,5.4895,0,0,0,0,0,0,0,0,8.3836,0.5535,0,0,422.2482,9,0,0,0,0,0,5.0152,0,112.8013,311.3779,0,21.9187,0,0,3.3678,241.6052,0,7.279,0,44.5906,49.7552,553.8341,320.1656,0,41.8551,0,0,0,0,0,0,9,1.3774,0,102.7858,61092.073,0,6612.7112,0,11891.6496,15010.5418,650.1255,0,167.687,39.0412,0,166.7077,0.2723,0,4220.5262,0,0,772.4041,6791.1005,1504.9251,0,2049.7671,1295.2739,0,1345.3817,0,178.5158,0,0,0,0,0,0,0,0,0,0,0
"Belize",163.7771,19.842,1.2925,114.6237,0.0437,0.5816,16.8885,42.5443,1.0664,0.1091,0.013,0.6584,0.2354,1.1382,0.0336,100.1795,0,93.523,6.847,12.1345,0.08,14.6307,0.1599,2.7445,0.1965,6.779,0.614,0.101,1.0448,4.7478,0.0059,2.1125,2.0665,0.9586,0.5143,84.9067,15.4949,12.2833,1.3141,0,4.0712,0,0,8.1682,48.9605,0,0.2105,38.7184,3.6503,4.5676,1.5976,5.3706,0.0026,21.7039,0,0.8639,0.0553,0,0.0083,1.5249,0,0,0,0.2322,0.1187,0.138,6.8795,9.0308,0.002,0.3222,0.0001,1.3609,0.2288,5.2688,0.126,6.422,0.0638,4.962,0.0744,0.7322,0.0596,3.4513,0,0,0,0,0,0,0,0.301,0,0,0,22.6266,0,0,0,0,0,0,0,27.15,0,9,0,0,0,0,0,0.2143,0,0,0,9,0,0,0,0,2.1895,0,0,1.0259,0,0,0,0,0,0,0.0181,9,4.5787,0.2876,1.5833,0,9,0,0,13.7037,0,1.6429,0,0.0267,0,0,0,0.0007,0,0,0,0,0.1183,0,0,0.0418,9,0,0.0177,100.8118,0,3.2116,0,4.5016,4.6261,23.6989,0,2.7633,3.0216,9,1.9388,0,0,0.1346,0.0289,0,0,2.5106,14.4821,0.2674,0.0417,2.3548,0,1.7349,0,0.5564,0,0,0,0,0,0,0,0,0,0,9
"Guatemala",3143.1982,464.4197,3.0233,17.5686,49.9958,114.8919,22.0551,66.2641,6.0784,0.1489,0.9313,0.4041,0.4046,0.4324,0.8718,1411.6463,93.523,0,491.9984,172.0864,440.0295,77.1226,494.023,325.8345,38.5708,3.8964,2.6446,35.083,175.6776,172.0985,0.4389,1.1838,12.4286,53.9962,77.2691,39.1581,11.1095,244.1976,90.5697,4.7147,34.5484,0,0,26.569,175.4795,0,7.0815,145.2456,0.1848,22.9477,0.8437,1.3773,0.21,72.8957,0,0.0061,0.1119,0.0102,0.1296,0.4665,0,0,0,0.5975,0.6807,0.0524,0.8224,0,0.0758,18.8643,0.1486,18.7908,0.0799,62.0771,0.4912,0.0485,0.0947,0,1.5387,46.3435,2.8228,53.4768,0.4712,0,0,0,0,0,0,0.1102,9.8804,0,0,13.8655,20.4146,0,0.0027,0,67.6799,0.4344,0.0088,0.2366,0.0003,0,0,16.712,6.0052,0,1.1426,0,0,0.0006,0,0.3917,0.0173,0,0.0002,0.1754,0.0041,0,0,16.0339,0.0037,0,0,0.7738,0,0,0.2495,0.0036,2.0652,0.0938,73.4771,30.2999,1.6136,0,0.0171,11.508,0.1536,6.6755,101.7814,5.1732,4.8915,25.6587,23.4137,0.3571,5.6684,0.7162,0.8602,69.6511,0.1187,0.1993,9,0,0,0,0,1994.5356,0,60.5116,1.3935,119.3641,67.8081,215.6648,9,4.2077,19.1644,0.7777,3.9451,9,4.3512,152.0408,0.0089,0.0264,24.6344,26.4753,36.4013,0,0.9521,35.2589,0,7.2289,0.0059,17.5757,0,0,0,0,0.0005,0,0,0,0,0,0.4206
"Honduras",237.8857,206.6312,1.6802,20.6393,12.0046,56.1369,9.9136,16.9301,3.2905,0.6452,2.324,4.2249,0.9939,0.7575,0.4701,9.4124,6.847,491.9984,0,40.5983,137.5152,231.626,180.1954,123.6486,54.211,0.1118,0.166,35.2816,44.0797,105.8241,0.0344,0.4427,52.7141,42.7596,48.0032,112.5848,0.3342,141.7835,86.485,1.2374,58.8349,0,0,13.5418,92.067,0,1.6532,237.2399,0.0002,17.8312,0.9126,0.631,0.4011,25.195,0,0.0284,0.1669,0,0,0.032,0,0,0,0.969,0.1168,0.0102,8.3664,0.1699,0.7204,7.8644,6.6943,5.0495,0.0025,7.4707,0.1074,0.0309,0.0227,0,0.0786,4.7483,7.3831,13.9005,0.3151,0,9,0,0,0.0023,0,0.2406,0.0673,0,0,0.0023,0.0001,0.0413,0,0.0032,7.2008,0,0,0.0278,0,0,0,0,1.6307,0.5902,0.4272,0.5621,0,9,0,9,0,9,0.4378,0.569,0,0.1754,0.0827,1.54,9,0.0003,0,0.0997,0,9,0.0145,0,0.3746,0.0042,0.5163,0,0.2045,0,0.3156,8.09,0,0.0133,0.0419,0.1104,0.3696,13.0976,1.8665,0,0.0139,0,0.0897,0.5572,0.0015,0.1241,0,9,0.0029,0,0,587.9498,0,35.1269,16.9281,43.2991,36.259,114.9244,0,0.4395,0.5448,0,1.9232,9,0,76.95,9.0204,0,0.7315,32.8758,9.1508,0,0.0177,5.7643,0,58.7486,0,2.428,0,0,9,0,0,9,9,0,0,0,9
"El Salvador",1915.2092,31.495,0.4421,7.1033,8.2252,86.1194,15.8759,36.9396,0.3978,0.0013,0.0593,0.012,0,0.0219,0.0043,594.215,12.1345,172.0864,40.5983,0,157.2693,4.169,33.0525,93.5466,117.2761,3.3927,0.1361,41.4467,89.467,137.2229,1.7787,0.5186,46.4449,25.7348,25.7398,15.7135,11.4343,3.932,13.479,0.7035,34.043,0,0,37.0439,64.0567,0,14.3352,104.0632,1.8321,6.9926,0.9805,25.6216,0.3963,39.4191,0,0,0.0029,0.0003,0,0.3587,0,0.0059,0,0.0401,0.9152,0.0161,0.6184,0.0002,0.0786,24.221,0.7876,0.1258,0.068,1.1633,0.0131,0.1458,0.0135,9,10.6697,19.0964,3.4176,15.1227,0.2462,0,9,0,9,0.3494,0,0.0366,0,0,0,0,0.0032,9,9.0014,9,0.1392,0.0016,0.0711,0.1552,0.0272,0.0041,9,9,0,0,0.1047,0.0006,9,9.004,9.0585,0,12.0246,0,0.0428,0,0.0014,0.0036,0,2.3459,0.003,0,0,0,0,0,0.0942,0.0013,0.7969,0.1843,0.0227,0,0.2703,0,0.1856,3.1521,0,0.1725,0.0126,0.4055,2.9534,5.0734,6.3903,0,0,0.029,0.3687,8.3379,0.8591,0.0014,9.0016,0,9.0016,0.0001,0.0078,773.3373,0.0133,133.5388,0.754,113.5757,132.4014,86.9106,9.002,1.8428,1.1195,9,2.1781,0,9,54.111,1.8203,0,18.2671,18.114,14.0182,0,5.0364,18.4056,0,8.4039,2.5253,2.3145,9,0,0,0,0,0,0,0,0,0,9
"Nicaragua",1988.7306,320.536,0.173,0.3138,15.6496,20.9401,1.5406,14.0528,0.1581,0.0056,0,0,0,0,9,232.8923,0.08,440.0295,137.5152,157.2693,0,351.6404,21.2394,0.924,693.5224,1.3863,0.1324,18.2595,20.802,104.2761,0.547,0.9091,24.1211,53.1701,12.3668,41.0734,0.8311,14.1556,26.2345,0.0774,31.0192,0,0,3.3846,57.6916,0,1.7488,53.4896,0.169,2.0596,0.938,1.0939,0.6342,22.2427,0,0.0219,0.0305,0.0003,0.0166,0.0268,0,0,0,0.0805,1.4137,0.0192,0.0845,0,0.0957,11.559,0.0784,0.028,0.1326,0.2803,2.5613,0.0094,9.016,0,5.4659,13.5416,8.5065,0.6726,0.2729,0,0,0,0,0,9,0.052,0,0.0004,0.0688,0.0431,9.0002,9,9,0,14.336,0.7582,0.0107,0.0028,9.0008,0.0124,9,0.1931,0,4.7802,0.0504,0.0012,9,0,0,0,0,0,9.1066,0,0.0015,0.0002,9.0003,0.4187,0,0,0,0,0.0059,9,0.0026,9.0001,0.0151,0.0002,0.1062,0.0105,0.0047,0,0.0487,4.0529,9,0.1985,0.0001,0.0658,0.0907,3.97,4.3697,0.4643,9,0.0115,0.1914,2.2388,0,0,0,9,0,0,0.0106,647.4684,9.0028,22.0524,1.3136,178.7543,66.3028,69.7372,9,0.9028,0,0,1.9979,9.0079,0,77.1727,0.7014,9.0091,0,4.477,0.5877,0,0.5736,14.9074,0,13.493,9.0064,23.743,0,0,0,0,0.0056,9,0,0,0,0,9
"Costa Rica",1778.5874,394.3008,7.0282,31.7978,19.457,255.4354,55.8605,63.2326,9.332,1.4482,0.7594,3.2689,0.3811,0.336,0.2416,1699.8518,14.6307,77.1226,231.626,4.169,351.6404,0,431.5207,198.7503,23.7851,10.642,2.0555,31.3269,45.1657,33.006,1.5576,57.6828,245.104,117.3073,22.8181,2649.601,37.0401,633.092,566.5595,0.0588,41.7152,0,0,25.5919,26.6602,0,7.2285,26.5592,8.5129,58.1831,0.4876,1.6574,0.9505,48.215,0,1.3321,0.1649,0.7813,0.2653,0.369,0,0.0566,0,0.865,22.0897,0.1428,1.0949,2.9536,0.3412,23.0179,0.1641,0.3855,1.9994,26.613,12.9257,0.1466,0.4771,0.1528,1.0102,0.5152,57.3356,19.8775,2.1464,0,0,9,0,9.0129,0.0029,0.2386,0.0022,0.0322,0,2.638,0.0001,0.0172,0,0.2934,1.1588,0.0076,5.0088,0.7614,0.5337,0.0176,0.0198,0.0183,0.0559,0.0255,0.0071,0.0076,0,0.0001,0.0058,0,0.0173,0,0.0948,0.6891,0.0064,0.0012,0.6336,21.4469,0.0004,0.0093,0.0536,0.1252,0.0581,0.004,0.2362,0,2.9872,15.0946,0.0084,7.0086,0,0,3.8429,14.0719,0.016,1.037,0.7215,3.9246,1.7733,424.92,4.5983,0.0367,0.0791,0.0076,2.8748,0.5809,0.1437,0.0263,9.0092,9.0035,0.0002,0.0453,0.0265,4413.1567,0.0217,294.4067,3.4447,24.0021,283.185,81.5467,9.0282,4.4909,0.0136,0.5209,0.8275,0,0.0014,72.6298,3.4934,0.0009,0,3357.3159,538.3,9,17.6566,22.7387,0,131.144,0.0437,19.4775,0.0001,0.0001,0.0006,9,0.0189,0,0.0609,0,0.0003,0,0.0027
"Panama",3006.8747,75.0433,2.1927,2.1791,0.2839,16.1656,4.1412,1.4513,0.1023,0,0.1543,4.826,0,0,14.403,544.261,0.1599,494.023,180.1954,33.0525,21.2394,431.5207,0,322.9107,26.7067,25.3283,8.5771,1372.5676,68.1188,109.613,5.5662,86.0022,13.812,68.2875,13.7977,71.1028,18.818,47.5878,62.6375,2.0352,150.5641,0,0,55.0452,267.1916,0,6.8578,176.3583,3.3396,14.104,1.5722,47.7636,2.5093,405.7545,0,0.0311,0.3419,0.0685,0.7639,1.528,0,9,0,3.3322,53.4659,0.1125,1.4912,1.2013,0.5097,4.2987,0.0601,0.232,0.5218,1.4242,5.0918,0.0968,4.5242,7.448,9.1173,3.2642,25.04,33.9849,0.1167,0,9,9,9,0,0,0.1022,0,0,0,1.3094,0,9,9,0,0.6971,0.0645,0,0.5218,0,9,0,0,0,0.0821,0.303,0,9,0,9,0,0,0,0.0484,0.2003,0.3177,0,0,91.6892,0,0,0,0,0.3696,0,2.446,0,0.1255,0,0.7654,0,0,0,0,16.4067,0,4.5308,0.0186,0.037,0.7468,25.688,1.2046,0.0488,0.2374,0,0.6601,0.5724,21.4284,0,0,0.1066,0,0,0,1079.6348,0,35.9506,0,36.3148,204.5703,19.3485,9,4.7698,1.2559,9,9.3803,0,9.0117,162.2237,1.0795,9,11.2058,116.8676,29.1058,0,0.5915,12.1825,0,6.0254,0,34.5415,9,0,0,0,0,0,0,0,0,0,0
"Colombia",22.043,277.4397,839.4901,24.5333,54.0307,257.6869,40.8577,301.1489,0.8334,2.341,0.8031,247.2439,3.949,0.6616,0.6597,4244.7039,2.7445,325.8345,123.6486,93.5466,0.924,198.7503,322.9107,0,1745.8776,7.6222,17.7472,1283.6088,165.138,578.4462,369.298,35.2457,201.7731,788.0993,55.2902,604.6339,87.3184,1908.3933,445.272,11.6673,1531.907,0,0,266.8417,2133.0928,0,177.4834,1435.5543,124.9962,177.8412,54.0314,53.9181,37.1651,312.9728,0,1.5075,0.2784,0,0.0985,1.6851,0,0.8452,0,10.9653,29.145,0.4423,5.1169,0.2019,18.6503,264.2056,2.6638,2.1064,2.3687,40.4062,7.9835,0.4444,1.7026,0.1039,67.731,92.5808,73.6837,46.3,0.2971,0,0.0062,0.0081,0.108,0.0002,0.0136,1.5129,2.9287,8.8654,0.0215,121.5537,0.9311,1.8402,0.507,0.5136,2.4243,0.1705,7.3384,8.2,5.5993,0.0069,0.0522,1.0273,7.5091,0.6821,0.1285,7.2829,0.0454,0.2482,0.0013,0.3719,0.1584,0.0562,15.5399,2.3475,0.6228,0.0055,1.1878,209.4145,0.4364,0.0023,0.0139,0.1391,0.1776,0.226,0.5085,0.0216,51.3833,12.2846,2.7638,3.424,0.2057,0,0.3734,609.3976,38.7573,0.7916,1.381,25.2235,5.2463,312.6072,55.2728,3.098,2.8856,0.101,15.5365,114.8513,4.5177,0.0619,0.0941,0.002,0.2256,1.1562,2.3431,4372.936,0.0129,579.7162,6.0528,892.8702,719.5447,2185.5826,0.9143,62.3152,34.5659,0.1339,13.3659,0.024,0.0323,263.1514,12.3264,0.162,421.2519,151.3558,476.277,0.0049,47.497,219.0036,0,24.0166,0.0196,4.7458,0,0.0522,0,0,0.1897,0,0.0192,0,0.0225,0,1.8086
"Venezuela",17745.782,645.4061,154.071,4299.8034,3.4291,1116.8326,1048.9325,15.7308,8.6888,0.058,0.142,0.4172,0.25,0.0617,0,1627.5767,0.1965,38.5708,54.211,117.2761,693.5224,23.7851,26.7067,1745.8776,0,52.794,2.4453,584.1019,513.9614,3803.823,117.5949,37.5942,431.1222,2153.5927,95.8609,0.4571,33.2751,339.7183,101.4302,0.2478,459.2622,0,0,446.374,957.4175,0,296.9445,878.606,52.3342,219.1251,15.0295,8.4125,11.2111,816.1874,0,0.0016,3.195,0.0018,16.4942,0.1558,0,8.7252,0,2.7071,20.5965,0.0225,1.4036,0.005,1.6717,1332.7046,0.5718,0.1446,0.4251,0.0856,109.5923,0,0,0.0278,9.3857,625.2602,5.0831,54.7162,14.4489,0,9,0,0,0,0.0931,0.2301,0,0,0,0.0554,0,0,0.0453,0,0.0411,1.9463,0.0116,177.257,0.02,0,0,0.0092,0,0,0.0099,0,9,0,0,0,0,0,0.0397,0,0.6005,0.2815,0,5.645,0,0,0,0,0,0,0.0036,0,75.2142,26.7944,0.3545,0,0,0,10.158,69.2131,0.0661,11.3013,93.776,1.706,16.5109,8.62,6.8611,0.0397,0.1353,5.4849,5.9143,34.848,0.2946,2.3004,0,19.0619,0.0308,0,0.0219,4945.6338,9.0013,84.8441,21.7183,244.5361,62.5298,12937.3903,0,7.3657,0,0,1.0548,0,9,66.2316,0.8946,0,0,837.5586,4140.5857,0.0122,5.121,42.616,0,6.6332,0.0037,104.1799,0,0,0,0,0,0,0,0,0,0,0
"Guyana",94.1122,308.6344,0.2211,0.1256,0.7768,12.8621,33.7878,339.9646,11.7204,3.9196,2.4122,2.215,3.1973,4.8481,1.5747,0,6.779,3.8964,0.1118,3.3927,1.3863,10.642,25.3283,7.6222,52.794,0,143.0617,0.6391,1.7417,23.8235,0,0,6.63,3.6582,3.4536,55.1012,0.0692,11.767,33.3818,4.4466,5.6118,0,0,0.7383,3.5447,0,35.2732,5.3911,3.8983,0.3772,0.166,0.0493,0.1828,3.8222,0,0.0005,0,0.0004,0,1.275,0,0,0,3.4106,0.0273,0.0045,0.487,9.0334,0.0095,0.9737,0.1339,0,0.1399,46.5352,1.3106,0,9,9,0.7656,1.9658,5.5981,3.7889,0,0,0,0,0,0.0504,9,0.0133,0,9,0,0.0006,9.4758,9,0.0059,0,0.2042,0,0.1183,0.0021,0.0097,0,0,0.0817,0,0.0011,0.1166,0.4764,9,0,0,0,0,0,0,0.0003,0,0.0183,0,6.5586,0.035,0,0,1.7138,0,0,0.0092,0,1.652,0,0.0121,0,0,0,0.169,8.799,0.0054,0,0.0104,0.0713,0,0.56,0.2845,0.0122,0,0.1351,0.0301,3.3666,0.083,9,0,0,0,0,0.0417,127.9825,0,1.8156,15.0346,23.84,38.2914,16.4571,0,0.5938,0.0863,0.0014,0.2281,0,0,4.5199,9,0,0,7.3915,2.3116,0,0.0002,2.5661,0,9.1425,0.0225,14.2875,0,0,0,0,0,0.0058,0,0,0,0,0
"Suriname",117.631,123.3663,1.07,1.402,0.3306,8.8099,8.9476,116.8155,19.9599,0.3633,0.0206,15.6033,0.1222,22.2933,0.004,0,0.614,2.6446,0.166,0.1361,0.1324,2.0555,8.5771,17.7472,2.4453,143.0617,0,0.0702,1.1513,49.4318,0,3.6152,3.2656,1.3368,0.0577,17.4787,0.2398,241.3564,154.0065,1.9243,73.8774,0,0,1.0057,5.8569,0,10.5649,39.2751,5.6084,1.1904,1.5982,0.6225,0.273,14.0871,0,0.0008,0,0.0004,0.0327,0.0649,0,0,0,0.5996,0.0814,0.0318,0.5225,9.0111,0.1829,0.7027,0.1303,0.0264,0.0077,0.2865,0.4875,0,9,0,3.1368,3.1682,0.2616,6.0527,0.0003,0,0,0,0,0.0239,0.0398,0.0176,0.0138,9,0.0013,0.001,0,9,0.003,1.9651,2.6518,0,0,0.0001,0,0,0,0,0,0.0035,9,0.0033,0,0,0,0,9,0,0,0,0.0009,0,0,0.715,0.2715,0,0,0,0,0,0.0149,0,0.5225,0,0.0357,0.0056,0,0,0,13.2201,9,0.0979,0,0.0075,0,0,0.0006,0,9.0002,0,0.0062,237.1419,0.0112,9,0,0,0,0,0.0002,150.8905,0,6.1648,5.9282,9.7054,71.5445,3.339,9,0.1353,0.0019,0,0.2272,9,0,23.0035,0,0,0,7.4836,3.4106,9,0.2553,9.061,0,2.0066,0,0.0468,9,0,0,0,0,0,0,0,0,0,0
"Ecuador",2079.1698,13.7339,100.5088,0.7833,2.5582,46.5225,2.4911,5.1676,1.2434,0.1232,0.0625,0.3437,0.1255,0.0809,0.0408,785.6514,0.101,35.083,35.2816,41.4467,18.2595,31.3269,1372.5676,1283.6088,584.1019,0.6391,0.0702,0,930.8005,706.6983,68.2232,31.8839,1854.8323,286.4186,67.3064,52.9583,18.3701,70.7347,17.4576,2.0274,208.0314,0,0,39.7909,25.7524,0,5.1489,66.0237,66.1491,17.3696,1.4538,1.0237,0.3813,212.3005,0,2.4936,12.2911,0,0.7099,18.0444,0,0.0334,0,31.3812,78.762,3.1931,14.0086,0.858,55.2902,1129.0895,40.1092,12.3575,0.2981,204.212,21.7869,9.5865,17.0203,4.6196,31.871,6.1107,16.5142,1.963,6.0765,0,0.0006,0,0.1382,0,0.0048,0.9646,0.4965,0.0067,0.4051,66.0732,0.015,0,0.0456,0.0305,1.0379,0.0505,0.4739,0.4554,0.1577,0,0.0246,0.0029,1.6472,0.0119,1.4757,0.0355,9,0,0,0,0.015,0,1.5622,0.2761,0.0007,0,0.0046,34.2114,0,0,0,0.7641,0.0157,0.009,0.0587,0.7014,5.4543,10.2775,7.059,8.032,0.0778,0,0.1321,5.8839,0.0028,22.2161,3.4067,1.0202,2.6508,34.5497,145.3209,0.0277,30.7624,0.0626,0.4245,54.7812,1.4273,0.0236,0.1692,0.4479,1.505,1.3262,12.1493,2708.9503,9.0497,206.4311,0,563.3182,582.3808,684.8157,0,41.9663,2.1156,9,4.1938,0.0389,0,270.378,0.6437,0.0326,589.3113,41.4464,61.8801,0.2338,0.6626,49.4316,0,7.2721,0.0943,35.9148,0.1142,0.7385,5.4274,0,0.2935,9,0,0,0,0,0.0333
"Peru",3680.5908,2073.5495,6.0152,12.01,79.4663,80.1492,8.7498,896.8534,1.1025,3.4488,0.1936,2.4214,1.1238,0.7043,0.0961,926.1222,1.0448,175.6776,44.0797,89.467,20.802,45.1657,68.1188,165.138,513.9614,1.7417,1.1513,930.8005,0,309.6575,40.794,138.4473,131.377,1184.2236,124.1029,35.8913,53.7453,679.4498,252.4386,8.0414,85.2483,0,0,130.3554,891.5901,0,36.156,430.5332,74.6303,128.0944,35.0593,57.2516,15.6111,14.4356,0,5.9815,0.0689,0.2601,0.22,5.9838,0,0.5939,0,9.5787,13.9213,0.5168,25.0246,0.0216,24.0134,239.9479,1.0728,5.614,1.7888,1.8207,4.1221,0.4889,5.8887,0.0499,175.3667,79.2362,295.3147,56.7351,6.6853,0,0,0.2715,0.6202,8.0951,0.0696,2.1798,2.1239,5.5741,0.0134,0.8501,0.0573,0.3205,1.9144,0.4179,5.4107,0.1862,0.4639,575.6121,0.2859,0.0003,0.0001,1.161,0.087,0.0534,0.3822,0.002,0.0001,0,0.6357,0.7068,0.0015,0.0813,3.9176,0.0055,1.7218,0,0.0089,52.1112,117.8388,0.0016,0,0.2715,0.7449,0,1.0452,1.1945,11.2485,19.5076,6.0197,2.7398,0.1174,0,0.3999,250.3988,0.0279,0.9188,2.3996,5.6786,0.4939,62.9714,160.4075,0.1795,1.3274,0.9478,36.7703,46.1232,63.2422,1.7119,0.0001,0.0003,0,0.0882,0.1711,1395.1044,0.0026,149.5838,0.5455,87.9932,545.6788,356.3824,0.0378,33.2307,18.3427,3.5245,18.6009,0.0001,0.1263,548.7725,8.7065,0.1521,193.544,148.6253,14.1949,0.0006,4.6755,240.4228,0,7.0991,0.032,102.0034,0,0,0.0821,0,0.3257,0,0,0,0,0,0.0958
"Brazil",8492.491,461.6124,669.2974,491.3811,39.8846,370.4138,58.4357,770.6354,22.0192,3.8863,9.0417,1237.3214,2.1017,6.8528,5.3849,979.0239,4.7478,172.0985,105.8241,137.2229,104.2761,33.006,109.613,578.4462,3803.823,23.8235,49.4318,706.6983,309.6575,0,2534.3753,2149.8369,1247.2212,152.795,1129.5861,255.7188,499.9222,5594.2608,1058.1012,73.3342,3230.3491,0,0,2108.9133,503.6126,0,65.6996,7500.4991,143.898,1033.1868,388.7773,507.9859,121.9598,2902.5566,0,50.1361,43.2235,27.9277,18.4681,65.3011,0,5.663,0,256.4004,60.1472,7.121,27.2954,60.5276,253.4713,734.7036,25.0723,6.5034,15.7104,104.6161,689.1223,90.8346,104.2258,106.3577,200.3182,1205.043,61.8299,340.8566,270.7074,0,0.7361,2.7363,1152.1237,105.8724,0.0289,79.1457,130.5692,116.5526,1.0212,9.8028,71.5903,16.2724,24.6883,48.1217,113.2991,37.1335,87.552,9393.8726,54.4499,2.3374,6.9942,94.3277,20.0291,3.7324,59.6264,27.3424,0.2016,0.3677,26.9366,22.7691,22.55,0.0341,167.0932,59.0197,5.8266,38.1589,2.2153,701.9044,28.0743,0.0152,1.441,0.1319,25.6512,1.821,31.193,12.8257,833.197,1942.2849,181.447,431.42,18.1679,0,1577.452,758.3024,896.0802,1960.4953,122.3559,357.7456,260.0064,868.8393,832.886,497.2081,1077.184,311.9534,324.2992,2579.6793,677.6791,11.8928,4.827,4.0698,8.1602,17.2672,47.4779,12904.254,1.4734,1451.871,3.4239,4471.6734,3198.5801,1764.0054,0.0742,77.8979,744.1974,36.4167,51.2414,16.2994,0.8201,316.8615,20.2899,0.5287,134.0928,273.7365,1341.5178,0.0099,149.6641,578.7333,0,606.0928,3.7724,48.7606,0.04,0.1186,0.116,0.4521,0.9661,0.5185,0.0008,0,0.0886,0,1.3796
"Bolivia",694.4093,168.2878,0.0534,2.5933,0.0481,0.3441,0.055,0.0234,0.0069,0.0004,0,0,0,0.0009,5.7173,272.834,0.0059,0.4389,0.0344,1.7787,0.547,1.5576,5.5662,369.298,117.5949,0,0,68.2232,40.794,2534.3753,0,26.8909,287.8994,1640.7777,42.984,11.8986,3.1912,79.7355,118.3684,0.0935,116.0275,0,0,50.5482,184.0146,0,10.2813,140.5242,0.248,41.3946,4.0913,9.4695,3.5278,118.086,0,0.101,0.0183,0.0083,0.0004,0.129,0,9.0342,0,0.5674,2.66,0.0435,0.9527,0.0005,10.4909,30.5949,1.2769,1.1912,0.0997,4.5858,0.4424,0.0017,10.4335,0.0136,7.3531,190.9977,0.5806,6.7871,0.0607,0,9,9,0,9.0011,9.0072,0.0123,0,9.0018,0,0.0063,0,9,0.0004,0.0024,0.0001,0,0.0847,0.0223,0.0006,0.0001,9.0006,0.0424,9.1004,0.0037,0.0048,0.0239,0.0003,0,0,9,0.1465,9.003,0.5224,0.0033,0.0025,0.0001,9.0001,11.9123,0.0003,0.0088,0,15.7615,0.0367,0,0.0004,9.0009,0.2258,0,22.1795,0,0.002,0,0.9823,15.5905,0,1.7276,0.0145,0.4773,0.1434,6.7597,0.2315,0,0.0001,0.0214,0.6027,0.6374,0.0096,9.0005,9.0001,9,9,0,0.0859,1320.875,9.0001,45.8552,0.3694,124.9352,176.9254,172.6321,9,1.4472,1.6115,0.0151,1.5725,0,0,114.6357,9.5917,9.0125,9.8456,1.4566,106.1903,0.0021,2.6342,34.308,0,21.8335,0,1.7433,9,9,9.0969,9,0.0003,9,9.0005,0,0,0,9
"Paraguay",786.5362,8.0423,0.0088,4.6306,0.0649,1.2716,0,1.1665,0.0861,0.3824,0.0153,0,0,9,9.012,43.6489,2.1125,1.1838,0.4427,0.5186,0.9091,57.6828,86.0022,35.2457,37.5942,0,3.6152,31.8839,138.4473,2149.8369,26.8909,0,551.2649,954.4,129.9255,25.6657,4.8696,226.3025,29.0219,0.4966,36.3714,0,0,17.9345,11.5494,0,5.7484,92.6302,129.1909,34.494,1.8882,4.7582,4.8339,338.0296,0,0.0002,1.4325,0.1583,0.132,0.0142,0,0,4.0741,3.1108,58.8767,0.4144,3.7414,0,18.7705,1057.2515,0.0986,0.2809,1.0678,1.5273,20.6444,0.8547,1.0607,0.1469,10.8014,41.2911,1.708,21.0042,0.0045,0,9,0.0669,1.1064,2.4964,9,3.8392,0.1567,0.0102,0,0.5079,9.0363,0,0.204,0,0.7853,0,1.0677,16.5464,13.6024,0,0,2.2257,1.3737,0,0.0045,0.0127,0,9,9,9,0,0,29.9715,0.7309,0.0032,5.2836,0.7772,3.3152,0,0.0012,0,0,1.7776,0,9.7152,9,10.9037,27.7625,67.1105,4.7582,9,0,25.2975,318.0318,2.4956,74.519,0.5872,17.8098,0.8428,86.3058,5.4213,0,14.81,2.8394,0.8482,28.4839,0,0.0002,0,9,0,0,17.2332,3083.0865,0.0097,16.9109,14.9952,200.7932,126.9243,59.003,0.0554,10.9546,102.433,0.4393,0.3513,0,0,162.4416,3.5605,0.0066,36.555,50.5957,39.5567,0.008,10.2417,35.336,0,0.9612,0.0041,0.28,0,0,9,0,0,9,9,0,0,0,0.002
"Chile",4811.4377,446.9616,1.5664,33.2142,4.7297,56.9308,12.1505,1189.1713,1.842,0.4258,0.3929,0.8647,0.398,1.0096,0.2035,909.6005,2.0665,12.4286,52.7141,46.4449,24.1211,245.104,13.812,201.7731,431.1222,6.63,3.2656,1854.8323,131.377,1247.2212,287.8994,551.2649,0,1852.3887,26.6544,41.1077,68.3267,1669.4658,710.7964,6.8297,393.7741,0,0,214.4867,589.342,0,85.37,1320.9389,2.6326,114.4189,37.9374,38.5336,11.5313,352.5225,0,1.3833,0.1803,0.3695,0.0159,1.3,0,1.0668,0,17.0217,132.2217,3.4171,8.9952,0.3849,13.6207,761.3976,2.3069,0.5757,10.8721,51.1567,36.0735,2.9998,2.1915,1.4912,71.3139,190.0061,57.3196,57.6871,8.2261,0,9,0,51.2316,0.0371,0.0066,0.6657,2.1174,2.2211,4.5407,0.3105,0.3021,0.1642,2.0117,0.1645,8.3515,0.6018,6.5748,92.7511,0.7476,0.0195,0,0.8786,0.6698,0.0296,1.2273,0.043,0.7172,0,0,0,0.019,0,376.1829,3.6064,1.0785,0.839,0.063,76.5924,92.2736,0.0014,0,0.0292,0.391,9,0.5545,0.1535,12.2817,16.7405,2.7399,7.8091,0.32,0,4.6608,129.0248,1.1986,0.9508,0.1858,4.7022,5.675,41.62,2.8852,0,8.3369,149.7043,34.9506,144.8739,16.885,0.3448,0.006,0.0071,0.0281,0.1967,2.7995,6493.482,3.0695,1426.5476,0.7051,2502.5918,5803.0843,2499.9672,0,54.6878,37.1856,0.9592,35.2956,0.339,0.0856,490.6029,20.1644,0.3352,12.4794,70.5932,34.8374,0.0015,30.6681,0.1437,0,652.607,0.0667,37.8392,0.0062,0,0.0487,0,0.9952,1.0121,0,0,0,0,0.3469
