"","United States of America","Canada","Bahamas","Cuba","Haiti","Dominican Republic","Jamaica","Trinidad and Tobago","Barbados","Dominica","Grenada","St. Lucia","St. Vincent and the Grenadines","Mexico","Guatemala","Honduras","El Salvador","Nicaragua","Costa Rica","Panama","Colombia","Venezuela","Guyana","Suriname","Ecuador","Peru","Brazil","Bolivia","Paraguay","Chile","Argentina","Uruguay","United Kingdom","Ireland","Netherlands","Belgium","Luxembourg","France","Switzerland","Spain","Portugal","German Federal Republic","German Democratic Republic","Poland","Austria","Hungary","Czechoslovakia","Italy","Malta","Albania","Yugoslavia","Greece","Cyprus","Bulgaria","Romania","Russia","Finland","Sweden","Norway","Denmark","Iceland","Cape Verde","Sao Tome and Principe","Guinea-Bissau","Equatorial Guinea","Gambia","Mali","Senegal","Benin","Mauritania","Niger","Ivory Coast","Guinea","Burkina Faso","Liberia","Sierra Leone","Ghana","Togo","Cameroon","Nigeria","Gabon","Central African Republic","Chad","Congo","Democratic Republic of the Congo","Uganda","Kenya","Tanzania","Burundi","Rwanda","Somalia","Djibouti","Ethiopia","Angola","Mozambique","Zambia","Zimbabwe","Malawi","South Africa","Lesotho","Botswana","Swaziland","Madagascar","Comoros","Mauritius","Seychelles","Morocco","Algeria","Tunisia","Libya","Sudan","Iran","Turkey","Iraq","Egypt","Syria","Lebanon","Jordan","Israel","Saudi Arabia","Yemen Arab Republic","Yemen People's Republic","Kuwait","Bahrain","Qatar","United Arab Emirates","Oman","Afghanistan","China","Mongolia","Taiwan","North Korea","South Korea","Japan","India","Bhutan","Pakistan","Bangladesh","Myanmar","Sri Lanka","Maldives","Nepal","Thailand","Cambodia","Laos","Vietnam","Malaysia","Singapore","Philippines","Indonesia","Australia","Papua New Guinea","New Zealand","Solomon Islands","Fiji","Samoa"
"United States of America",0,3497.301,1450.86,0.1,111.138,185.9,90.313,1076.58,77.186,2.773,6.21,0,9.078,1433.9995,47.644,110.573,163.511,160.003,11.515,167.152,9.85,627.8003,3.572,4.279,288.42,683.7,607.7241,15.057,116.633,472.1,777.14,13.458,1851.3996,498.7,3676.3999,2056.0002,92,2964,339.9001,1733.4001,496.72,0,319,366.96,253.6,40.45,222.2,105.8999,37.89,0.6,630.79,258.5,48.853,19.4,339.6,2709,77,318.3,323.69,209.17,183.222,0,0,0.672,0,4.89,7.563,39.15,8.826,6.9,18.621,213.08,72.5,23.465,38.228,72.9,141.072,15.231,148.954,7830.7,320.462,2.24,2.8,63.8184,221.7,83.291,37.446,26.065,30.922,36.487,32.2,8,47.979,388.9,25.6,54.8718,0.7,13.113,1302.5,14.5,55.1,21.8,2.384,3.3,20.417,1.5,162.91,4922.3299,70.51,6064.9001,54.451,2938,157.17,278.9,271.81,40.05,212.2,140.83,736.8,4018.9004,26.779,9.7,542.8,189.64,167.45,1608.6,245.87,7.107,1200.2,3.9,3160.9998,9,253.8003,7860,103.9801,0,385.46,106.37,30.248,34.519,0,1.6,476.15,0,0.7,0.1,1078.75,992.22,137.03,2873.6999,1763.8701,42.6,172.95,2.767,11.961,3.6
"Canada",3497.301,0,3.23,122,9.771,7.09,1.788,101.3,24.18,1.021,2.415,0,5.103,2.4,11.533,15.195,11.715,4.403,8.3,6.459,15.29,1026.2,20.499,6.963,18.24,15.26,157.785,5.188,12.924,26.3,94.15,2.519,864.7,20.96,281.9,248.7683,11.1317,36.5,68.4,71.11,15.6,0,21.9,130.67,14.6,16.95,32.4,149.9,2,9.1,22.81,6.67,16.55,2.1,27.76,586.9,27.13,151.4,196.09,19.82,0.29,0,0,0.002,0,0.048,0.359,12.682,0.78,6.8,0.614,17.78,19.6,11.386,22.048,2.1,19.936,8.143,8.643,44.6,0.677,0.027,0,0.2238,1.3,0.031,0.353,10.076,1.332,0.404,0.9,0,2.062,11.3,1.4,0.072,0.1,2.415,142.4,0,0,0,1.796,0,2.713,0,58.7,161.25,33.52,7.3,11.849,265.4,20.77,45.9,70.71,3.91,31.6,9.05,27.8,1025.1,0.072,16.5,41.8,3.82,0.98,17.3,1.3,0.1,465.3,0,399.4,1.1,107.9,2052.8001,158.28,0,76.77,73.24,3.111,2.811,0,0,53.73,9,9,19.2,1.34,59.85,8.61,32.5,98.04,4.6,21.65,0.348,6.507,0.21
"Bahamas",1450.86,3.23,0,0.13,0.009,0.43,16.576,9.11,0.255,0,0.01,0,0.001,7.31,29.45,0.017,0.026,0.02,0.267,7.48,0.12,256.92,0.52,0.066,19.78,0.14,28.588,0,0,0.14,47.97,0.142,17.48,33.15,45.78,17.5832,0.7868,4.31,2.25,3.17,0.39,0,0,0,0.48,0.08,0,3.82,0.09,0,0,0.06,0,0,0,0.01,0.02,11.95,0.12,42.72,0,0,0,0,0,9,9,0.514,0,0,0,0,0,0,0.004,0,0.01,0,0,288.32,19.29,0,0,66.0819,0,0,0,0,0,0,0,0,0,277.31,0,0,0,0,0.54,0,0,0,0,0,0,9,0,32.24,27.85,663.09,0,265.95,0,0,0,0,0,0,0.02,1290.2101,9,0,0,0,26.79,81.6,9,0.04,0,0,0.24,0,0.99,26.42,0.01,0,0.03,0,0,0,0,0,0.11,0,0,0,0.01,0,0.11,43.17,8.12,9,0.3,0,0,0
"Cuba",0.1,122,0.13,0,0,0,3.029,2.61,2.374,0,0.515,0,9.183,3,0,0,0,0,4.126,0.213,1.25,47.8,2.112,0,0,13.43,0,0,9,0,49.4,0,45,0.72,23.4,4.4987,0.2013,4.6,1.4,95.04,14.75,0,0,21.91,0.3,0.72,0,10.8,0.05,0,2.85,9.04,9.149,0,8.03,0,16.37,24.9,0.42,7.53,0,0,0,0.003,0,9,0,0.002,9,0,0.016,0,0,9,0.001,0,0,0,0.006,0,0,9,0,0.133,9,0,0,0,0,9,0,0,0,0,0,0,0,0,0,0,0,0,9.009,0,9,0,11.88,38.03,0.09,22.5,0,9,0.01,0,12.41,23.08,0,0.01,0,5.9,12.51,0,9,0.05,0,0.1,0,0,24.2,0,0,0,0,16.6,0,0,0,9,9,0.067,0,0,0,0,0,0,12.68,2.87,0.02,7.1,1.44,0,10.83,0,0.027,0
"Haiti",111.138,9.771,0.009,0,0,2.747,1.398,0.431,0.082,0,9,0.004,0.333,1.107,0.064,0.001,0.112,0.216,0.443,1.309,0.5,0.25,0.004,0.243,0.006,0.01,4.392,0,0,0.265,3.036,0,2.95,0.053,5.016,6.4035,0.2865,16.049,0.563,1.402,0.027,0,0,0.821,0.088,0.266,0.706,10.906,0,0,0.004,0.13,0,9.033,0.368,0,0.178,0.27,0.281,0.129,0.014,0,0,0,0,0,0,0.019,9,0,9,0.003,0,0,0,0,0,0.001,0.004,0,0,9,0,0.019,0,0,9,0,0,9,0,9,9.037,0,9.257,0.692,9,0,0,0,0,0,0.049,9,0,0,0,0.23,0.03,0,0,0,0,9,0,0.004,0,0,0.001,9.007,9.031,0,9,0,0,0,0,0,5.325,0,0,0,1.984,20.104,0.064,0,0.002,0,0,0,0,0,0.086,0,0,9,9,0.325,0.006,0.052,0.091,0,0.069,0,0,0
"Dominican Republic",185.9,7.09,0.43,0,2.747,0,1.863,3.13,0.489,0,1.079,0,1.257,10.46,2.904,6.387,1.2,0.251,0.892,10.002,4.67,151.65,0.62,1.509,0.08,4.78,12.76,0,0.04,10.73,0.74,0.357,5.29,0.71,11.21,14.7404,0.6596,4.96,1.2,22.84,0.15,0,0.03,0.08,0.15,0.03,0.19,8.71,0,9,0.13,0,0,0,0,0.5,2.39,14.57,6.4,0.64,0.001,0,9,0,0,0,0,10.693,9,0,0,9,0,0,0,9,0,9,0.047,0.97,0,0,0,9.0009,9,0,0,9,0,0,0,9,9,9,9,0,0,9,1.68,0,0,0,0,0,0,0,2.61,2.04,0.36,0,9,0.01,0.01,0,0,9,0,0,0.11,0.1,0,9,9,0,9,0,0,0,0.16,9,16.71,0.04,2.58,60.59,0.1,0,1.15,0.02,0,0,0,0,0.01,0,9,9,0.18,0.1,1.31,0,0.41,0,1.74,0,0,0
"Jamaica",90.313,1.788,16.576,3.029,1.398,1.863,0,1.598,9.298,0.019,1.087,0.722,0.716,3.497,0.079,3.14,0.108,0.135,0.193,0.978,2.295,167.475,4.487,1.152,1.228,0.07,3.038,0,0.589,0.008,1.543,0.333,77.303,0.332,6.323,2.8332,0.1268,22.309,4.24,40.872,0.238,0,0.008,1.013,0.116,0.003,0.045,2.226,0.129,0,2.988,0.258,0.548,9,0.116,0.598,0.531,8.614,27.233,1.214,0.087,0,0,9,0,0.001,0,0,0,0,9,0.12,9,0,0.04,0,19.157,0,0.186,0.008,26.962,0,0,0.076,0.017,0,0.052,0,0,9,0,0,0,0.004,0,0.0008,0,0,0,0.009,0.209,0,0,0,0.001,0,3.245,0.013,0.163,0,0.011,0.002,0.016,0.003,0.014,0.001,0,0,0.124,0.5,0,0.002,0.012,0.03,0.001,2,0.01,0,0.574,0,5.866,0,2.817,25.223,0.198,0,0.007,0.059,0,0.111,0,9.211,0.084,0,0,0,0.429,0.295,0.061,0.981,4.098,0,2.907,0,0.083,0
"Trinidad and Tobago",1076.58,101.3,9.11,2.61,0.431,3.13,1.598,0,27.511,1.245,6.798,0,3.078,14.38,12.865,16.196,0.6,0.501,1.134,8.173,10.59,4.86,47.77,86.85,0.17,3.24,12.13,0,0.18,0,0.23,2.684,141.52,2.03,6.54,1.9335,0.0865,21.26,0.68,1.77,1.6,0,0.15,0.45,1.84,0.23,10.7,4.68,0,0,0.1,0.15,1.206,0,0.36,9.16,0.73,78.86,9.33,13.8,0,0,0,0,0,1.547,9,5.498,0.01,0,1.882,0,0,0,9.42,0,1.97,1.617,11.025,1.4,0,0,0,0,0,0,0.062,0.088,9,0,0,0,0.05,18.19,0.06,0.0097,0,0,0,0,0,0,0.02,0,0,0,0.55,12.69,0,7.58,0,3.3,0.07,9.04,0,0,9,0,0.23,425.52,9,0,0,0,0,13.9,0,0,5.13,0,18.86,9.12,1.48,190.26,3.54,0,0.18,0.09,0,0.01,0,0,0.15,0,0,0,0.42,2.26,0.27,92.81,19.33,0,9.05,0,0.01,0
"Barbados",77.186,24.18,0.255,2.374,0.082,0.489,9.298,27.511,0,0.456,1.438,0,1.344,0.721,0.125,0.821,0.128,0.244,0.298,0.13,0.435,19.178,3.227,1.174,0.015,0.067,6.003,0,0.036,0.022,2.03,0.057,51.395,7.806,8.736,1.6942,0.0758,3.994,0.288,1.251,0.338,0,0.015,0.376,0.089,0.212,9.573,3.69,0.001,0,0.074,0.354,0.003,0,0.107,0.15,0.082,0.884,3.178,0.916,0,0,0,0,0,0,0,0,0,0,0,0,0,0,0.001,0,0.012,0,0,0.004,9,0,0,0,0.013,0,0.164,0.005,9,0,9.007,0,0,0.007,0,0,0.01,0,0.008,0,0,0,0,0,0.006,0,0.001,0,0,0.001,0,0.004,0.008,9.017,0,0,9.005,9,0.226,1.899,0,0,0,0.002,0,0,0,0,0.528,0,3.427,9.004,0.532,14.15,0.431,0,0.039,0,0,0.445,9.002,0,0.115,0,0,0,0.371,0,0.066,0.153,7.514,0,4.449,0,0.011,9
"Dominica",2.773,1.021,0,0,0,0,0.019,1.245,0.456,0,0.252,0.838,0.44,0.3,0,0.17,0,0,0,0,0,3.8,0.299,0,0,0,0.15,9,0,0,0,0,0.341,0,0.22,0,0,0,0.2,0,0,0,0,0,0,0,0,0,0,0,0,0,0,0,0,0,0,0,0,0.145,0,0,0,0,0,0,0,0,0,0,0,0,0,0,0,0,0,0,0,0,0,0,0,0,0,0,0,0,0,0,0,0,0,0,0,0,0,0,0,0,0,0,0,0,0,9,0,0,0,0,0,0,0,0,0,0,0,0,0,9.3,0,0,0,0,0,0,0,0,0,0,0,0,0,0,0.01,0,0,0,0,0,0,0,0,0,0,0,0,0,0,0,0.04,0,0.375,0,0,0
"Grenada",6.21,2.415,0.01,0.515,9,1.079,1.087,6.798,1.438,0.252,0,0.724,0.422,0.131,9,0.285,0,9.004,0.068,0,0.176,0.129,0.998,0.047,9,0,0.271,0,9,9,0.036,9,1.545,0.174,1.59,2.3355,0.1045,0.041,0.027,0.129,0.01,0,0.024,0.322,0,9.035,0.077,0.317,0,0,0,0.005,0,9,0,0.056,0.019,0.12,0.079,0.549,9,0,0,0,0,0,0,9,0,0,0,0,0,0,0,0,0,0,0,0,0,9,0,0,0,9,9,9,0,0,0,0,0,9,9,0,0,9,0,0,0,0,9,0,0,0,9,0,0,9,9,9,9,9,0,0,9,9.003,0,9,9,9,0,0,0,0,9,9,0.019,0,0.28,9,0.049,1.855,0.165,0,9,9,0,0,0,0,0.021,0,0,0,9.05,0,9.026,9,0.174,0,0.347,0,0,0
"St. Lucia",0,0,0,0,0.004,0,0.722,0,0,0.838,0.724,0,1.299,0,9,0.477,0,0,9,0,0.2,0.2,0.913,0.038,0,0,9.04,0,0,0,0.01,0,0,0,0,0,0,0,0,0,0,0,0,0,0,0,0,0,0,0,9,0,0,0,0,0,0,0,0,0,0,0,0,0,0,0,0,0,0,0,0,0,0,0,0,0,0,0,0,0,0,0,0,0,0,0,0,0,0,0,0,0,0,0,0,0,0,0,0,0,0,0,0,0,0,0,0,0,0,0,0,0,9,0,0,0,0,0,0,0,0,0,0,0,0,0,0,0,0,0,0,0,0,0,0.01,0,0,0,0,0,0,0,0,0,0,0,0,0,0,0,0,0,0,0,0,0
"St. Vincent and the Grenadines",9.078,5.103,0.001,9.183,0.333,1.257,0.716,3.078,1.344,0.44,0.422,1.299,0,9.034,9.004,0.394,0.006,0,0.102,0.06,0.542,0.045,1.265,0.05,0,9.007,9.178,0,9,9.011,0.178,9,3.12,0.03,0.59,0.2201,0.0099,0.364,0.336,0.04,0.013,0,9.014,9.019,0.005,9.041,9.028,0.353,0,0,9.031,0.008,9,9.001,9.016,9.039,0.001,0.113,0.028,0.298,0.002,0,0,0,0,0,0,0,0,0,0,0,0,0,9,0.001,0,0,0,0,0,0,0,0.002,0,0,9.054,9,0,0,9,0,9,9,9.011,0,0,0,9,0,0,0,0,0,0,0,9,0,0,0,9,9,0,0,0,9.003,0,0,9.003,9,9.001,9,0,9,0,0,0,9.001,9.112,0,0.144,9,0.031,0.791,0.053,0,9.004,0,0,0.005,0,0,9.03,0,0,0,9.045,0,9.018,0,0.096,9,0.162,9,0,0
"Mexico",1433.9995,2.4,7.31,3,1.107,10.46,3.497,14.38,0.721,0.3,0.131,0,9.034,0,35.428,19.21,26.607,5.015,43.732,9.176,37.85,81.9,3.421,0.744,5.29,11.28,7.635,0.255,1.551,17.8,81.64,6.968,210,43.24,51.8,72.5534,3.2466,265,10.5,195.47,2.78,0,3.9,22.5,4.8,2.1,21.8,142,0.01,0,37.05,2.4,0.684,0,6.44,4,25.84,97.5,12.52,10.87,0.844,0,0,9,0,0,9,0.027,0,0,0.001,0,0,9,6.687,0,0.002,0,1.191,0.8,3.754,0,0,0.0005,0.5,0,0.315,0,0,9,0,0,0.012,0,0,0.0355,0,9,13.8,0,0,0,9.399,9,0.006,0,21.7,38.03,0.89,0.2,0,3.8,0.01,11.2,2.23,9,1.5,0,0.6,1.1,9,0,0.3,0.02,0,0.1,9,0,59.1,0,0,9,1.6,311.1,12.71,0,0.37,1.27,0,11.629,0,9,7.34,9,0,9,5.26,35.12,1.61,0.3,14.87,0.56,5.19,4.895,0.046,9
"Guatemala",47.644,11.533,29.45,0,0.064,2.904,0.079,12.865,0.125,0,9,9,9.004,35.428,0,21.123,16.985,16.491,23.468,9.087,6.535,109.792,0,0.275,0.441,1.01,16.519,0.277,0.15,0.519,4.276,0.096,15.208,0.679,19.499,11.4765,0.5135,10.403,3.375,2.384,1.806,0,0,0,12.028,0,1.475,45.208,0.02,9,18.757,0.371,0,0,0,0,28.958,10.458,6.41,11.091,0.014,0,0,0,0,0,0,9,0,9,0,0,0,0,0,0,0,9,0,0,9,0,0,9,0,9,0,0,9,0,9,0,0.044,0,9,0,0,0,0.864,9,0,0,0.011,0,0,0,0.007,0,0.3,0,0,0,0.029,9,0.24,0,9,0.83,0.446,14.4,0,9,0,2.35,10.83,2.3,9.1,9,83.865,9,4.031,0,0.935,2.003,0.389,0,0.061,0,9,0.122,0,0,0.891,0,0,0,0.055,0,0.068,1.756,2.841,9,0.393,0,0,0
"Honduras",110.573,15.195,0.017,0,0.001,6.387,3.14,16.196,0.821,0.17,0.285,0.477,0.394,19.21,21.123,0,0,4.624,14.66,4.933,4.094,61.779,0,0,0.007,0.832,20.28,0,0.002,0.291,3.324,0.025,11.863,0.099,4.577,0.9572,0.0428,8.415,1.288,13.166,0.125,0,0.357,0.075,12.382,0.437,1.622,12.78,0,0,2.173,1.337,0,0.14,0.862,0.159,5.468,8.111,3.512,2.155,0.18,0,0,0,0,0,9,0,0,0,0,9,0,0,0,9,0,0,0,0.044,0,9,0,0,0,9,0,9,9,0,0,0,9,0,0,0.008,9,0,0.096,0,0,0,0.014,0,0,0,0.106,0,0,0.9,0,0.109,0,9,0.03,1.365,0.002,0.002,0.035,0.6,9.677,0,0.003,0.004,9,0,9,0,3.818,9,7.651,0.049,4.469,31.013,0.213,0,0.045,0,0,0.145,0,0,0.055,0,0,9,0.12,0.072,0.04,0.073,1.033,9,0.075,0,9,0
"El Salvador",163.511,11.715,0.026,0,0.112,1.2,0.108,0.6,0.128,0,0,0,0.006,26.607,16.985,0,0,3.116,19.492,18.108,3.204,115.036,0,0.01,3.558,5.876,9.543,0.001,0.018,0.275,1.661,0.734,13.003,0.632,54.009,3.2448,0.1452,5.655,2.819,4.77,0.784,0,0,0.027,18.709,0.159,0.086,2.265,0.004,0,17.83,0.009,0.007,0.026,0,0.039,6.284,2.555,3.972,1.873,0.001,0,0,0,0,0,0,0.001,0,0,0,9,0,0,0,0,0,0,0,0,0,0,0,0,0,0,0,0,0,9,0,0,0,0.028,0,0,0,0,0.444,0,0,0,0.009,0,0,0,0.209,0,0,0,0,0,0,0.001,0,0,0,0,0.57,0.3,9,0,0,0,0,0,9,0,0.094,0,11.156,0,1.529,4.308,0.094,0,0.477,9.14,0,0.125,0,0,1.939,0,0,0,0.046,0.419,0.199,0.394,1.271,0,3.339,0,0,0
"Nicaragua",160.003,4.403,0.02,0,0.216,0.251,0.135,0.501,0.244,0,9.004,0,0,5.015,16.491,4.624,3.116,0,2.652,2.655,1.495,65.656,0,0,0.101,0.675,0.078,0.021,0,0.035,1.04,0.064,2.646,2.661,6.085,9.5334,0.4266,12.253,0.948,5.811,0.855,0,0.006,0.013,12.388,0.025,0.076,32.847,1.06,9,0.267,0.65,0,0,0.26,0.028,4.161,2.382,1.06,8.385,0.069,0,0,0,0,0,0,0.001,9,0,0.001,0,0,0,0,0,0.31,0,0,0.049,0,0,0,9,0,0,0,0,0,0,0,0,0,0,0,0,0,0,0.038,0,0,0,0,0,0,0,0.559,0,0,0,0,0,0,0,0,0,0,0,0.045,0.296,9.219,0,0,0,0,0,0,0,87.344,0,14.881,0,0.175,26.59,1.485,0,0.003,9.81,0,0.112,0,0,5.2,0.002,0,0,0.001,0.059,0.012,1,0.471,0,0.07,0,0,0
"Costa Rica",11.515,8.3,0.267,4.126,0.443,0.892,0.193,1.134,0.298,0,0.068,9,0.102,43.732,23.468,14.66,19.492,2.652,0,14.487,5.793,51.234,0.417,0.376,1.146,2.423,15.819,0.716,0,1.671,5.135,0.357,20.045,3.107,5.338,3.0342,0.1358,15.159,1.009,41.791,0.39,0,0.259,1.07,15.383,1.282,0.731,16.623,0.036,0.429,1.145,2.194,0.146,0.02,4.386,1.855,37.806,21.413,11.032,8.604,0.286,0,9,0,9,0,0,0,0,0,0,0,0.024,0,0,0,0.013,0,0,0.006,0,0,0,0,0.044,9.002,0,0.001,9,0,0,9,0.002,0,0,0.0182,0.02,9,0.061,9,0,0,0,0,0,0,0.204,0.079,0.07,2.69,0,0.014,0,0.061,0.56,1.438,0.733,0.302,0.194,1.8,9.125,9.261,0.012,0,0.202,9,9,9,0.515,9,7.995,0,3.211,162.134,0.157,0,0.007,9,0,0.006,0,0,0.001,9.054,9,9,0.002,1.833,0.112,0.422,0.477,0,0.039,0,9.005,9.024
"Panama",167.152,6.459,7.48,0.213,1.309,10.002,0.978,8.173,0.13,0,0,0,0.06,9.176,9.087,4.933,18.108,2.655,14.487,0,27.582,44.686,0.011,3.355,154.674,2.987,31.123,0.005,0.012,9.922,24.086,1.779,5.3,0.159,98.905,12.3188,0.5512,10.498,129.553,30.728,0.155,0,0.053,1.068,7.697,0.148,1.207,31.525,0,9,3.963,2.362,0,0.001,0.399,0.95,1.62,0.278,2.264,0.374,0.032,0,0,9,9,0,0,0,0,0,0,0,0,0,9.014,0,0,0,0,0,0,0,0,0,0,0,0,9,0,9,9,0,0,9,0,0,0,0,0.296,0,0,0,12.989,0,0.001,0,0.01,0.02,0.05,3.2,0,0,0,0,0.288,0.142,9.011,0.001,18.979,88.705,0.002,0,0.299,0,9,0.002,9,0,1.739,0,15.361,0,23.834,124.396,0.21,0,0.996,0.17,0,0.034,0,0,1.317,9,9,0,0.112,1.823,0.28,0.022,1.089,0,5.214,0,0,9
"Colombia",9.85,15.29,0.12,1.25,0.5,4.67,2.295,10.59,0.435,0,0.176,0.2,0.542,37.85,6.535,4.094,3.204,1.495,5.793,27.582,0,80.49,0.512,0.716,16.88,67.68,168.913,2.18,0.313,22.83,0.4,1.185,54.11,3.13,167.12,19.622,0.878,8.57,5.21,15.31,7.19,0,1.34,23.59,30.13,5,0.33,18.25,0.11,0.01,17.21,1.89,0.02,5.01,5.75,0.73,86.85,119.04,34.94,31.25,0.297,0,0,9,0,0.06,0,0.003,0,9.01,0.142,0,0,0.03,0.03,0.02,0,0,0.007,0.17,0.02,0.01,0,0.0113,0,0,0.04,0,0,9.004,0,0.01,0.04,0,0,0.0073,0,9,9.09,9,9,0,0,9,0.001,9,8.91,35.09,5.93,5.3,0.05,0.01,0.18,0.05,0.26,3.78,0.07,0.11,2.4,0.6,9.119,0,0.08,0,0.08,0.01,0.01,9,3.43,9,11.79,0.73,0.54,132.77,0.24,0,3.57,0.3,0,0.1,9,0,0.07,0,9,0.04,2.01,10.58,0.32,0.03,1.02,0.01,0.87,0,9,0
"Venezuela",627.8003,1026.2,256.92,47.8,0.25,151.65,167.475,4.86,19.178,3.8,0.129,0.2,0.045,81.9,109.792,61.779,115.036,65.656,51.234,44.686,80.49,0,32.319,11.576,27.57,42.92,38.78,2.497,0.098,80.6,86.89,72.213,96.2,4.25,128.4,4.6901,0.2099,59.1,13.9,92.16,10.79,0,0,7.2,1.7,1.3,8.6,107.4,0,9,1.32,1.11,0,1,0.98,0.3,27.8,318.2,6.77,31.88,0.054,0,0,0,0,0,0.494,1.805,0,9,2.946,115.41,0,10.086,1.295,0,0,4.88,0.012,22.5,0,0,9,21,0,0,0,0,0,0,0,0,0,0,49.5,0.01,0,0,0.9,0,0,0,0,0,3,0,1.21,1.36,0,0,0,2.7,32.93,9,0,0,0,0,3.4,1.7,9,9,0,0,0,0,0,0,33.1,0,42.6,8.6,19.5,731.5,7.16,0,0.3,0,14.171,0.041,0,0,1.31,9,0,0,3.25,6.32,4.59,2.3,10.55,0,7.7,0,0,9
"Guyana",3.572,20.499,0.52,2.112,0.004,0.62,4.487,47.77,3.227,0.299,0.998,0.913,1.265,3.421,0,0,0,0,0.417,0.011,0.512,32.319,0,0.606,0,0.06,0.049,0,0,0.001,1.955,0,32.564,0.025,6.152,0.6222,0.0278,5.932,0.256,5.769,0.01,0,0.163,0,0.267,0,0.075,5.359,0.05,0,0.003,0,0,0,0,0.1,0.338,0.733,1.738,0.749,0,0,0,0,0,0,9,0,0,0,0,0,0,9,0,0,0,9,0,0,0,0,0,0,0,0,0,0,9,0,0,0,0,0,0,0,0,0,0,0,0,0,0,0,0,9,0.026,0,0,0,0,0,0,9,0.103,0,0,0,0.273,0.5,0,0,0,0,0,0,0,9,2.459,0,0,0,0.617,14.187,0.893,0,0.021,0.32,0,0,0,0,0.412,0,0,0,0.471,0.245,0,0,0.898,0,0.543,0,0,0
"Suriname",4.279,6.963,0.066,0,0.243,1.509,1.152,86.85,1.174,0,0.047,0.038,0.05,0.744,0.275,0,0.01,0,0.376,3.355,0.716,11.576,0.606,0,0,0,23.085,9,0,0.031,0.478,0.003,21.042,0.11,1.1,0.9476,0.0424,13.585,0.645,1.403,0.598,0,0,0,0.072,0.265,0.254,3.449,0,0,0.003,0.006,0,0,0.431,0.037,0.029,1.447,54.62,0.07,0,0,0,0,0,0,0,0,0,0,0,0,0,9,9,0,0.001,0,0,0,0,0,0,9,0,0,0,0,0,0,0,0,0,0,0,0,0,0,0,0,0,0,9,0,0,0,0,0,0,0,0,0,0.016,0,0,0,0,0,0,0.2,0,0,0,0.02,0,0,0,0,15.357,9,0,1.971,1.4,20.537,0.558,0,0.03,0,0,0.006,0,0,0.007,0,0,0,0.59,0,0.14,0.184,0.15,0,0.198,0,0,0
"Ecuador",288.42,18.24,19.78,0,0.006,0.08,1.228,0.17,0.015,0,9,0,0,5.29,0.441,0.007,3.558,0.101,1.146,154.674,16.88,27.57,0,0,0,34.05,35.615,0.453,0.518,152.74,20.36,2.938,34.64,11.92,5.3,2.1536,0.0964,12.46,14.83,14.36,2.04,0,10.58,28.63,12.7,32.15,3.88,38.23,0.96,9,65.49,5.78,0,0.18,6.71,3.63,2.88,8.89,1.33,4.53,0.048,0,0,0,0,9,9,0.001,9,0,0.095,0,0,0,1.841,0,0,0,0,9,0,9,0,0,9,9,0,9,0,9,9,0,0,0,0,0,0,9,15.11,0,0,0,9,0,0,0,0.62,0.01,0,0,0,0,0,9,0,0,0,0,3.2,3.2,0,0,0,0.02,10.91,8.7,0,0,3.96,0,15.31,9,10.4,145.18,0.23,0,0.03,9,0,0.603,0,9,0,0,9,0,1.44,1.09,0.8,0.1,10.44,0,3.59,0,0,9
"Peru",683.7,15.26,0.14,13.43,0.01,4.78,0.07,3.24,0.067,0,0,0,9.007,11.28,1.01,0.832,5.876,0.675,2.423,2.987,67.68,42.92,0.06,0,34.05,0,74.522,34.157,0.027,33.39,16.76,6.608,85.62,3.9,13.98,12.7304,0.5696,36.6,3.94,23.15,2.58,0,57.09,18.3,4.13,12.41,16.74,96.63,0.12,0,71.01,0.17,0,7.8,24.16,26.62,5.29,27.3,0.16,0.16,0.14,0,0,0,0,0,0,0.004,0,0,0.001,0.01,0,0,0,0,0.002,0,0.07,0,0.019,0,0,0,0.1,0,0,0,0,9.001,9,0,0,0,2.63,0,0,0,3.43,0,9,0,0,0,0.423,0,0.35,7.7,0,0,0,9.94,0.06,0,0,0,0,0,0.37,0.6,0,0,0.01,0.06,0,0,0,0,59.03,0,13.44,0,40.95,397.11,6.08,0,4.2,0.03,0,1.15,0,0,0.08,9,0,9,0.1,9.78,4.39,0.67,6.39,0,20.14,0,0.384,0
"Brazil",607.7241,157.785,28.588,0,4.392,12.76,3.038,12.13,6.003,0.15,0.271,9.04,9.178,7.635,16.519,20.28,9.543,0.078,15.819,31.123,168.913,38.78,0.049,23.085,35.615,74.522,0,41.618,32.96,81.951,431.424,19.803,296.702,25.455,191.479,84.0491,3.7609,127.553,115.131,198.171,17.38,0,31.295,361.224,108.345,183.931,62.622,403.709,2.954,9.85,35.761,103.707,9.262,16.566,12.132,180.257,7.542,59.128,53.521,147.827,6.964,0,9,0.01,9,0.04,7.095,15.924,0.79,9.792,0.863,10.72,0.01,9.38,2.682,0.49,2.113,1.41,4.23,161.992,126.219,0.14,9.02,42.1282,40.675,0.187,4.096,6.284,0.09,0.315,0,0.02,2.258,88.73,16.53,2.0625,0,0.22,133.618,0,9.011,9,1.739,0,0.714,0.11,16.351,37.642,20.722,25.311,24.808,900.367,26.212,2866.484,19.09,16.23,26.96,14.75,16.843,2102.5121,1.225,0,302.956,1.26,123.305,154.132,23.88,0.08,18.45,9,22.198,3.4,55.181,66.969,68.668,0,1.963,0.037,17.247,2.481,0,0,89.674,9,0,0.49,31.395,88.038,63.205,15.504,50.809,0.212,11.111,9,2.508,9
"Bolivia",15.057,5.188,0,0,0,0,0,0,0,9,0,0,0,0.255,0.277,0,0.001,0.021,0.716,0.005,2.18,2.497,0,9,0.453,34.157,41.618,0,0.111,4.399,34.099,0.434,54.518,2.07,3.928,11.7157,0.5242,43.051,8.95,10.13,20.8,0,0,0,2.5,0,0,4.51,0,0,3.83,4.84,0,9,0,0,0.19,16.015,0.32,2.17,0.005,0,0,0,0,0,0,9.007,0,0,0,0,9,0,0,9,0.843,0,0,9,0,9,0,0,0,0,0,9,0,0,0,0,0,9,0,0,9,0,0,9,9,0,9,0,0,0,0.19,1.12,0,0,0,0,0.03,0,0,0,0,0.13,0.9,1.3,9,0,0,0,9,0,9,9,0,0,0,0,2.7,56.631,0.09,0,0,0.03,0,0.299,0,0,4.33,0,9,0,0.74,0,0,0,0.18,9,0.01,0,0,0
"Paraguay",116.633,12.924,0,9,0,0.04,0.589,0.18,0.036,0,9,0,9,1.551,0.15,0.002,0.018,0,0,0.012,0.313,0.098,0,0,0.518,0.027,32.96,0.111,0,11.972,25.956,1.704,22.111,1.118,12.061,4.7858,0.2142,34.245,5.573,16.793,20.069,0,9,9,4.268,9,9,102.092,0.01,0,5.957,4.097,0,0,9,9,0.263,1.148,1.138,12.137,0,0,0,0,0,0,9,0.383,0,0,0,0,0,9,9,0,0,0,0.049,2.859,0,0,0,0.1396,0,0,9,0,9,0,0,0,0,0,0,9,9,0,0.297,0,0,0,1.778,0,0.022,0,3.46,53.166,2.23,0,0,9,0.004,9,0,9,9,0,0.3,0.7,0,0,0,0.17,9,0,0,0,0,0,4.576,9,0.586,3.793,0.474,0,0.016,0,9,0,0,0,0.23,0,9,0,0.83,2.85,1.693,0.1,0.08,0,0,0,0,0
"Chile",472.1,26.3,0.14,0,0.265,10.73,0.008,0,0.022,0,9,0,9.011,17.8,0.519,0.291,0.275,0.035,1.671,9.922,22.83,80.6,0.001,0.031,152.74,33.39,81.951,4.399,11.972,0,103.97,2.909,156.7,4.94,40.9,133.4294,5.9706,7.2,1.5,16.9,13.64,0,6.1,0,26.3,0,0,125.7,0.08,0,25.99,7.62,0,0,3.13,0,4.16,6.1,4.54,4.63,0.095,0,0,0,0,0,0,0.087,9,0,0,0,0,9,0.08,0,0,9,0,9,165.9,0,0,0.0014,0,0,0,0,0,9,0,0,0,9,0,0.0918,0,0,17.9,0,0,0,0,0,0.137,0,0,0,0.89,1.6,0,321.8,0.19,0,0,0,0,0,2,36.3,9,9,10.7,1.26,0,16.9,9.18,0,60.1,0,4.4,0,37.3,226.1,1.62,0,0.2,3.15,0,2.989,0,0,0.74,0,0,9,10.16,8.51,1.28,0.1,14.81,0,0.68,0,0,0
"Argentina",777.14,94.15,47.97,49.4,3.036,0.74,1.543,0.23,2.03,0,0.036,0.01,0.178,81.64,4.276,3.324,1.661,1.04,5.135,24.086,0.4,86.89,1.955,0.478,20.36,16.76,431.424,34.099,25.956,103.97,0,119.525,87.86,3.25,314.69,62.1777,2.7823,91.5,78.18,266.67,36.67,0,39.44,45.5,32.69,7.46,2.31,329.06,5.47,9.57,4.07,61.68,7.407,9.04,10.06,384.63,9.75,32.53,9.13,108.15,0.04,0,0,0.018,0,0.783,0.02,0.985,1.94,0.37,0.005,6.55,0.02,0,1.931,2.49,2.233,1.44,0.737,4.58,75.03,0.122,9,90.0445,1.63,0,0.025,1.035,0,0,0.01,9,0.01,44.19,0.47,0.02,0,0,24.11,0,0,9,0.455,0,0.024,0.01,9.66,59.64,15.28,1,0.018,21.46,6.71,2.86,28.69,5.55,14.64,13.4,70.06,1.58,0.172,1.25,3.91,0,0.15,1.4,0,0,259.5,0,9.63,1.38,25.74,168.88,0.68,0,17.12,0.76,0,1.54,0,0.14,2.45,0,9,9,7.75,9.72,0.78,18.73,53.88,0,10.46,0,0.007,0
"Uruguay",13.458,2.519,0.142,0,0,0.357,0.333,2.684,0.057,0,9,0,9,6.968,0.096,0.025,0.734,0.064,0.357,1.779,1.185,72.213,0,0.003,2.938,6.608,19.803,0.434,1.704,2.909,119.525,0,17.553,0.024,18.227,7.7148,0.3452,4.947,3.894,5.533,4.73,0,3.624,3.936,4.144,1.017,4.18,16.451,0.003,0,5.695,6.272,0.468,1.496,1.195,10.775,0.285,2.324,0.246,0.176,0.104,0,0,0,0,0,9,0.002,9,9,0,0.128,0,9,2.65,0,1.316,1.556,0.02,42.242,12.453,0,0,0.0179,0.019,0,0,0.001,9,0,9,0,9,0,0,0,0,9,4.672,0,0,0,0,0,0.059,9,1.094,0,3.958,1.362,0.008,0.998,2.066,93.187,0.83,9,9.147,0.06,6.817,12.735,9,0,31.473,0,9,0.563,9,9,1.21,9,3.313,0,1.552,19.973,1.393,0,0.022,1.158,9,0.504,0,9,0.01,0,0,9,5.983,1.218,0.246,0.006,1.193,9,0.143,0,9,0
"United Kingdom",1851.3996,864.7,17.48,45,2.95,5.29,77.303,141.52,51.395,0.341,1.545,0,3.12,210,15.208,11.863,13.003,2.646,20.045,5.3,54.11,96.2,32.564,21.042,34.64,85.62,296.702,54.518,22.111,156.7,87.86,17.553,0,1375.7998,2140.8999,10.146,0.454,2498.6001,2034,188.11,127.04,0,113.8,348.1,145.4,56.71,48.5,2114,47.95,1.4,227.49,259.11,75.02,32.4,72.76,153,707.15,54.8999,903.92,103.0701,86.273,0,1.1,0.376,1.3,29.771,21.045,8.122,23.339,9.8,14.948,100.92,9.8,5.397,10.675,91.5,18.585,30.215,5.628,1381.5,5.611,0.229,0.8,1.0287,109.7,2.172,132.272,119.49,4.032,1.423,44.4,13.1,10.119,40.2,9.9,27.1391,2.5,24.61,382.4,4.5,47.6,76.6,6.389,3.1,170.036,17.7,1.56,75.22,24.39,232.9,105.443,148,84.44,411.2,281.62,97.65,118.9,133.22,203.7,400.7,110.374,34.4,1041.7,168.35,134.5,603.4,141.49,32.05,208,4.3,243.9,0.3,74,1499.7999,126.25,0,139.77,31.16,39.805,42.614,9.4,7.4,119.58,0.7,0.5,12.2,30.24,235.07,35.92,83,924.66,42,204.05,4.025,55.516,0.007
"Ireland",498.7,20.96,33.15,0.72,0.053,0.71,0.332,2.03,7.806,0,0.174,0,0.03,43.24,0.679,0.099,0.632,2.661,3.107,0.159,3.13,4.25,0.025,0.11,11.92,3.9,25.455,2.07,1.118,4.94,3.25,0.024,1375.7998,0,27.5,52.5198,2.3501,119.6,14.07,43.03,23.28,0,10.87,59.79,2.41,1.13,14.11,111.91,0.11,0,11.98,35.47,0.758,4.62,5.68,41.7,81.8,80.04,19.92,31.73,0.754,0,0,0,9.01,0.424,0.1,10.578,0.352,0.02,0.167,8.49,0.11,0.052,0.246,0.2,20.21,0.046,3.486,20.17,0.625,0.039,0.43,0.1703,7.27,0.03,9.824,4.85,0.151,0.056,0.03,0.08,0.261,0.24,0.7,0.0855,0,4.736,7.8,9.02,0.01,0.47,0.149,9,3.591,0.1,3.92,29.61,1.77,53.69,0.093,18.43,9.26,30.71,1.78,5.58,4.3,3.53,15.71,120.72,0.105,1.19,19.2,1.87,3.6,6.25,2.61,1.42,6.54,0,5.19,0.03,22.64,161.52,32.75,0,4.9,2.19,0.014,4.002,0,9,21.67,0.07,9,0,12.11,4.28,1.21,3.18,43.37,2.06,16.85,0,0.126,0
"Netherlands",3676.3999,281.9,45.78,23.4,5.016,11.21,6.323,6.54,8.736,0.22,1.59,0,0.59,51.8,19.499,4.577,54.009,6.085,5.338,98.905,167.12,128.4,6.152,1.1,5.3,13.98,191.479,3.928,12.061,40.9,314.69,18.227,2140.8999,27.5,0,1099.0225,49.1781,1570.5,83.2,116.17,67.57,0,72.2,150.43,161.4,15.84,43,809.8001,7.17,0.7,75.74,35.1,11.231,8.7,226.84,544.3,169.44,11.4,73.19,568.52,45.018,0,12.2,2.73,3.2,7.766,1.563,16.975,28.464,14.6,21.891,136.53,0.4,12.037,1.06,0.4,69.786,32.643,185.557,1579.5,25.923,1.634,0,2.3934,13.9,10.466,5.455,29.811,1.693,3.576,12.1,4.3,1.031,21.1,7,9.5245,0,13.764,34.9,9.6,9.1,1.5,10.662,0.3,5.101,1.5,16.24,39.07,7.24,148.2,33.58,649.2,4.85,25,42.82,52.8,52.6,39.01,54.3,1700.9,56.885,35.4,1338.6,10.98,158.07,459.1,11.5,3.1,43.6,1.5,171.9,3.7,173.1,887.8,31.22,0,106.61,11.43,0.166,11.939,0,0.5,268.05,0.1,9.2,8.3,233.43,0.38,40.46,144.5,67.14,17.6,20.53,10.314,0.087,0.673
"Belgium",2056.0002,248.7683,17.5832,4.4987,6.4035,14.7404,2.8332,1.9335,1.6942,0,2.3355,0,0.2201,72.5534,11.4765,0.9572,3.2448,9.5334,3.0342,12.3188,19.622,4.6901,0.6222,0.9476,2.1536,12.7304,84.0491,11.7157,4.7858,133.4294,62.1777,7.7148,10.146,52.5198,1099.0225,0,0,41.54,428.1423,48.7678,54.4629,607.71,36.181,75.76,226.9449,51.4,9.2845,306.582,0.3063,0.2872,65.4704,120.0099,16.7026,17.4205,94.2238,122.5177,19.2008,35.9895,4.1159,383.0018,20.0623,0.0957,0.2872,0.134,0.0957,1.4166,3.1395,15.1903,3.7904,6.8916,7.5042,37.3105,8.7102,11.5243,67.8442,16.3676,0.7849,7.3032,19.4975,327.4477,6.6332,21.0386,1.34,25.0108,680.2603,2.8141,22.0819,13.0558,9.1984,26.906,7.2745,1.9143,3.0534,13.4004,2.2015,42.7855,0,0.1819,239.9624,1.8186,10.8186,3.0629,5.7909,0.8615,5.5994,0.1914,7.0735,430.5636,10.4906,31.0123,44.8721,126.5378,23.2784,74.5635,28.1982,66.9827,81.838,48.2988,52.07,1509.4563,12.8165,5.743,123.5706,6.8916,152.8217,183.8723,12.2422,2.2972,28.428,9.2872,25.8436,2.1058,45.8484,606.8454,85.4274,0,34.64,2.1153,4.3456,4.0775,9.4786,0.5743,29.8637,0,1.7229,33.2138,60.6654,30.0264,2.7566,31.5866,67.9495,10.146,49.3899,0.2872,0.2489,0.0383
"Luxembourg",92,11.1317,0.7868,0.2013,0.2865,0.6596,0.1268,0.0865,0.0758,0,0.1045,0,0.0099,3.2466,0.5135,0.0428,0.1452,0.4266,0.1358,0.5512,0.878,0.2099,0.0278,0.0424,0.0964,0.5696,3.7609,0.5242,0.2142,5.9706,2.7823,0.3452,0.454,2.3501,49.1781,0,0,1.8588,19.1581,2.1822,2.4371,27.1931,1.619,3.39,10.1551,2.3,0.4155,13.7186,0.0137,0.0128,2.9296,5.3701,0.7474,0.7795,4.2162,5.4823,0.8592,1.6104,0.1842,17.1382,0.8977,0.0043,0.0128,0.006,0.0043,0.0634,0.1405,0.6797,0.1696,0.3084,0.3358,1.6695,0.3898,0.5157,3.0358,0.7324,0.0351,0.3268,0.8725,14.6523,0.2968,0.9414,0.06,1.1192,30.4397,0.1259,0.9881,0.5842,0.4116,1.204,0.3255,0.0857,0.1366,0.5996,0.0985,1.9145,0,0.0081,10.7376,0.0814,9.0814,0.1371,0.2591,0.0385,0.2506,0.0086,0.3165,19.2665,0.4694,1.3877,2.0079,5.6622,1.0416,3.3365,1.2618,2.9973,3.662,2.1612,2.33,67.5438,0.5735,0.257,5.5294,0.3084,6.8383,8.2277,0.5478,0.1028,1.2721,9.0128,1.1564,0.0942,2.0516,27.1546,3.8226,0,1.55,0.0947,0.1945,0.1825,9.0214,0.0257,1.3363,0,0.0771,1.4862,2.7146,1.3436,0.1234,1.4134,3.0405,0.454,2.2101,0.0128,0.0111,0.0017
"France",2964,36.5,4.31,4.6,16.049,4.96,22.309,21.26,3.994,0,0.041,0,0.364,265,10.403,8.415,5.655,12.253,15.159,10.498,8.57,59.1,5.932,13.585,12.46,36.6,127.553,43.051,34.245,7.2,91.5,4.947,2498.6001,119.6,1570.5,41.54,1.8588,0,158.7998,704.5398,151.2,0,144.4,157.99,283.6,36.8,15.4,107.4,25.83,1.7,401.77,220.2,46.968,72.6,92.08,206.9,191.68,515,232.76,158.3,5.006,0,2.3,4.747,0,4.934,74.302,112.808,71.439,19.2,97.77,123.19,45.3,91.385,88.69,15.5,13.256,115.722,247.74,571.7,165.715,8.541,20,131.0492,145.4,68.286,15.556,2.466,8.327,8.33,3.7,45.8,18.386,44.4,20.3,208.4109,0,1.003,421.4,0.5,0.8,2.8,117.897,0.3,3.8,5.3,352.6,433.21,410.97,169.8,10.564,478.1,130.58,2571.7,230.33,87.56,269.3,88.71,69.5,4634.7001,144.175,8.2,464.6,45.28,377.7,865,40.26,3,79.2,2,203.7,21.3,63.8,987.5,98.34,0,38.81,3.65,15.903,1.363,0,0.3,58.29,0.6,0.7,94,223.05,8.3,5.12,89.6,219.22,22,106.53,2.85,2.201,0.07
"Switzerland",339.9001,68.4,2.25,1.4,0.563,1.2,4.24,0.68,0.288,0.2,0.027,0,0.336,10.5,3.375,1.288,2.819,0.948,1.009,129.553,5.21,13.9,0.256,0.645,14.83,3.94,115.131,8.95,5.573,1.5,78.18,3.894,2034,14.07,83.2,428.1423,19.1581,158.7998,0,40.18,17.49,0,13.5,276.05,123.3,44.88,16.1,256.7,0.36,0.7,56.31,36.12,1.043,11.5,37.72,34.8,9.19,12.1,7.72,3.68,2.361,0,0.2,0.358,0.1,0.087,0.444,1.211,3.812,1.4,0.6,1.73,0,0.306,6.102,9.1,11.785,4.998,3.881,55.2,0.015,0.647,0,0.7379,3.3,3.162,7.989,1.428,0.107,0.416,0.3,9.4,3.961,20.2,7.2,0.54,8.4,0.172,70.1,2.2,1.7,0.3,1.507,0,1.408,0,11.83,38.86,4.96,15.4,25.272,51.7,145.51,75.3,64.89,11.5,68.7,3,115.2,126.7,3.301,0.4,21.3,8.83,15.66,13.5,5.65,0.1,89,0.6,7.3,1.6,6.7,242.9,16.61,0,0.74,0.49,7.016,2.113,9,0.3,23.01,0.1,0.1,2.4,13.42,23.62,4.13,19.9,32.19,0.1,2.04,0,0.649,0.1
"Spain",1733.4001,71.11,3.17,95.04,1.402,22.84,40.872,1.77,1.251,0,0.129,0,0.04,195.47,2.384,13.166,4.77,5.811,41.791,30.728,15.31,92.16,5.769,1.403,14.36,23.15,198.171,10.13,16.793,16.9,266.67,5.533,188.11,43.03,116.17,48.7678,2.1822,704.5398,40.18,0,258.8,0,13.61,68.15,23.18,0.1,0.21,324.37,11.27,4.44,31.25,88.26,20.411,15.93,43.75,48.91,35.84,124.04,30.26,19.75,21.707,0,3.52,0.362,7.68,4.558,0.587,18.839,2.237,7.6,3.691,43.07,45.59,1.565,23.221,2.96,42.805,19.187,36.351,180.21,57.203,4.095,13.43,12.3723,3.18,65.906,3.328,2.499,0.708,12.37,2.09,1.02,4.724,24.33,3.4,2.2355,0,1.714,128.29,0.05,1.08,8.9,4.243,0,0.039,0.03,165.31,249.02,101.64,650.22,4.776,612.4,52.76,772.73,13.35,69.59,56.73,57.26,20.33,1876.46,7.118,0.9,134.88,5.99,211.12,616.19,1.95,0.4,40.91,0,50.64,8.05,45.62,221.27,6.04,0,36.5,4.84,1.703,7.791,0,0,7.14,0,9,0.29,135.12,4.2,27.52,54.12,36.65,37.06,11.11,0,0.128,0
"Portugal",496.72,15.6,0.39,14.75,0.027,0.15,0.238,1.6,0.338,0,0.01,0,0.013,2.78,1.806,0.125,0.784,0.855,0.39,0.155,7.19,10.79,0.01,0.598,2.04,2.58,17.38,20.8,20.069,13.64,36.67,4.73,127.04,23.28,67.57,54.4629,2.4371,151.2,17.49,258.8,0,0,5.26,9.16,4.72,2.63,10.21,104.45,0.05,0.16,2.95,4.36,4.478,0.37,18.82,95.02,35.24,46.55,37.58,53.64,8.551,0,2.53,12.631,9,7.332,2.08,1.501,0,3.44,0.02,14.09,0.03,0.03,0.932,0.86,0.309,0.38,1.568,20.71,5.604,0.319,9.92,5.2035,2.28,0.62,0.26,6.595,1.436,0.144,0,0.01,1.29,102.61,17.35,55.3155,0.01,0.908,46.7,9,0.07,9.09,0.78,0,0.316,0,7.14,7.79,4.03,0.9,14.127,151.53,35.96,423.52,2.47,8.74,7.43,2.11,22.25,274.4,0.11,0.34,0.95,0.53,0.21,50.78,0.06,0.06,2.47,0,3.65,0.02,1.12,125.69,5.91,0,4.02,4.54,0.052,3.503,0,9,1.3,9,9,0,15.05,1.61,5.93,22.31,40.8,0.01,4.64,0,0.026,0
"German Federal Republic",0,0,0,0,0,0,0,0,0,0,0,0,0,0,0,0,0,0,0,0,0,0,0,0,0,0,0,0,0,0,0,0,0,0,0,607.71,27.1931,0,0,0,0,0,0,0,0,0,0,0,0,0,0,0,0,0,0,0,0,0,0,0,0,0,0,0,0,0,0,0,0,0,0,0,0,0,0,0,0,0,0,0,0,0,0,0,0,0,0,0,0,0,0,0,0,0,0,0,0,0,0,0,0,0,0,0,0,0,0,0,0,0,0,0,0,0,0,0,0,0,0,0,0,0,0,0,0,0,0,0,0,0,0,0,0,0,0,0,0,0,0,0,0,0,0,0,0,0,0,0,0,0,0,0,0,0,0,0
"German Democratic Republic",319,21.9,0,0,0,0.03,0.008,0.15,0.015,0,0.024,0,9.014,3.9,0,0.357,0,0.006,0.259,0.053,1.34,0,0.163,0,10.58,57.09,31.295,0,9,6.1,39.44,3.624,113.8,10.87,72.2,36.181,1.619,144.4,13.5,13.61,5.26,0,0,309.01,51.4,0.85,0,1.7,0.01,0,72.59,20.85,1.544,0,196.56,0,27.89,27.6,16.76,0.27,1.561,0,0,3.779,0,0.862,0.524,2.416,1.655,0,1.273,0,0,9.809,9.07,9,0.468,0.182,1.909,13.2,0.93,0.011,0,0.2336,0.2,0,0.009,0.294,0.633,0,0,0,17.386,0,0,1.986,0,9,0,0,0,0,1.168,0,1.114,9,3.9,42.35,3.49,10.9,11.845,24,21.43,0,8.13,43.59,0,3.32,0,8.8,1.795,0,9.6,0.25,9,3.8,9.18,0,0.3,0,0,0,1.8,238.1,12.46,0,3.56,2.27,0.398,0.081,0,0,4.63,0,0,0,16.83,3.57,0.62,1.4,3.07,9,2.06,0,0.114,9
"Poland",366.96,130.67,0,21.91,0.821,0.08,1.013,0.45,0.376,0,0.322,0,9.019,22.5,0,0.075,0.027,0.013,1.07,1.068,23.59,7.2,0,0,28.63,18.3,361.224,0,9,0,45.5,3.936,348.1,59.79,150.43,75.76,3.39,157.99,276.05,68.15,9.16,0,309.01,0,445.29,197.31,43.98,74.81,4.08,2.11,69.69,3.92,2.426,37.33,42.84,303.1299,167.4,107.24,48.59,151.84,5.037,0,9,9,9,2.732,0.562,0.383,0.27,0,0.133,2.43,0,10.612,2.591,0,8.656,9.085,3.002,77.1,7.988,0.044,9,0.2571,0,0,0.665,0.155,0.076,0.038,0,0,1.889,13.22,0,0.1509,0,0,0,0,0,0,0.21,0,0.018,0,22.71,38.42,12.48,53.38,0.712,62.41,8.05,184.12,7.28,27.08,24.7,12.46,0,35.5,11.707,0,27.4,1.24,10.46,13.4,9.1,0,54.59,0,0,9.19,0.8,237.38,15.81,0,4.61,2.31,0.167,13.987,0,0,13.63,0,0,22.69,7.68,24.84,6.26,1.01,121.24,0,14.87,0,0.127,9
"Austria",253.6,14.6,0.48,0.3,0.088,0.15,0.116,1.84,0.089,0,0,0,0.005,4.8,12.028,12.382,18.709,12.388,15.383,7.697,30.13,1.7,0.267,0.072,12.7,4.13,108.345,2.5,4.268,26.3,32.69,4.144,145.4,2.41,161.4,226.9449,10.1551,283.6,123.3,23.18,4.72,0,51.4,445.29,0,214.16,102.5,363.4,4.77,0.8,277.09,47.97,12.652,56.3,231.84,259,49.62,38.6,95.05,84.09,2.351,0,0,0.08,0,3.3,0.128,3.9,2.157,0,0.446,0.03,2.2,0.343,12.167,0.8,5.126,2.838,11.116,5.6,0.406,0.047,0,0.1979,3.4,0.387,5.9,1.453,0.864,0.575,0.8,0.4,1.834,2.4,0,2.4164,0,1.852,24.8,0,9,9,0.804,0,0.975,0.1,6.69,2.9,71.24,85,0.844,82.4,46.3,337.7,59.35,54.53,43.3,14.73,11.4,11.9,7.97,0.3,8.6,3.64,4.13,25.9,1.61,0.7,45.7,0.9,36.6,5.2,43.6,248.4,10.17,0,5.72,0.39,0.622,2.284,0,0,1.26,0,9,21.5,42.68,11.01,12.19,3.8,9.63,1,0.39,0,0.149,0
"Hungary",40.45,16.95,0.08,0.72,0.266,0.03,0.003,0.23,0.212,0,9.035,0,9.041,2.1,0,0.437,0.159,0.025,1.282,0.148,5,1.3,0,0.265,32.15,12.41,183.931,0,9,0,7.46,1.017,56.71,1.13,15.84,51.4,2.3,36.8,44.88,0.1,2.63,0,0.85,197.31,214.16,0,97.31,84.2,1.37,0.72,53.19,23.93,3.698,14.88,150.81,321.76,13.33,23.76,3.63,4.38,1.719,0,0,0,0,2.622,0,0.187,9.736,0,0.343,9.72,5.35,9,1.534,0,0.012,0.9,0.249,4.88,0.062,0.032,0,0.0395,0,5.817,0.841,0.183,2.947,0.158,0,0,2.156,0,0,0.0727,0,9,0,0,0,0,10.093,9,0.587,0,1.4,34.24,14.86,36.85,10.101,12.95,29.83,22.41,13.48,35.08,30.28,7.66,5.46,43.7,9.018,0,18.24,0.26,9,3.5,0.05,0,19.25,1.51,0,6.77,3.3,55.03,11.54,0,5.19,1.02,0.039,2.924,0,0,3.62,0,0,20.38,22.56,3.05,0.68,1,44.29,9,0.31,0,0.12,9
"Czechoslovakia",222.2,32.4,0,0,0.706,0.19,0.045,10.7,9.573,0,0.077,0,9.028,21.8,1.475,1.622,0.086,0.076,0.731,1.207,0.33,8.6,0.075,0.254,3.88,16.74,62.622,0,9,0,2.31,4.18,48.5,14.11,43,9.2845,0.4155,15.4,16.1,0.21,10.21,0,0,43.98,102.5,97.31,0,78.8,0.49,0,154.14,9.25,8.38,0,88.68,0,24.89,2.9,17.16,28.86,2.824,0,0,0.001,0,0.983,0.113,1.347,10.206,0,0.764,0,0,9,0,0,1.634,9.911,1.341,21.3,0.594,0.047,0,0.1156,0,0,4.619,0.295,0.481,0.162,0,0,2.696,0,0,3.6273,0,9.212,0,0,0,0,0.901,0,0.157,9,1.15,26.27,10.83,9.5,0.159,73,25.01,0,11.85,30.02,0,12.05,4.2,60.7,3.058,0,20.1,0.41,9,11.6,9.68,3.483,49,0,0,0,5.2,20.9,1.37,0,1.13,1.08,8.622,0.694,0,0,10.67,0,0,0,25.28,1.19,3.97,8.2,6.03,9,5.98,0,0.551,9
"Italy",105.8999,149.9,3.82,10.8,10.906,8.71,2.226,4.68,3.69,0,0.317,0,0.353,142,45.208,12.78,2.265,32.847,16.623,31.525,18.25,107.4,5.359,3.449,38.23,96.63,403.709,4.51,102.092,125.7,329.06,16.451,2114,111.91,809.8001,306.582,13.7186,107.4,256.7,324.37,104.45,0,1.7,74.81,363.4,84.2,78.8,0,150.04,10.7,293.5,337.8,108.176,74.9,34.44,848.1,14.64,115.5,78.7,101.23,17.346,0,1,4.478,1,7.098,3.579,18.367,1.545,28.7,38.897,273.99,24.1,0.737,70.151,6.7,11.838,0.106,26.829,128.2,8.032,7.158,1,121.161,112.9,16.619,12.366,12.642,1.937,2.265,105.9,8.8,9.64,44.5,6.6,97.7945,0,4.581,1353.9,0.1,16.5,16.4,9.191,3.8,11.459,1,86.04,524.99,38.99,1186.4,43.284,135.6,174.14,2210.8001,753.17,29.48,335.1,123.35,131.3,2271.8,80.988,24.7,1218.9,50.05,42.85,31.1,26.86,8.4,87.3,2.2,124.1,0.8,48.9,98.4,103.42,0,65.48,45.81,0.905,14.947,0.4,10.2,15.52,2.2,1.9,51.9,196.31,90.23,9.76,257.9,56.58,1.3,85.38,0,1.963,0
"Malta",37.89,2,0.09,0.05,0,0,0.129,0,0.001,0,0,0,0,0.01,0.02,0,0.004,1.06,0.036,0,0.11,0,0.05,0,0.96,0.12,2.954,0,0.01,0.08,5.47,0.003,47.95,0.11,7.17,0.3063,0.0137,25.83,0.36,11.27,0.05,0,0.01,4.08,4.77,1.37,0.49,150.04,0,9,0.15,3.22,1.645,0.25,1.79,2.41,0.53,2.74,0.4,12.33,0.046,0,0,0,0,0,0,0.066,0,0,0,1.2,9,0,0.001,0.3,1.839,0,1.023,1.24,0.01,0.001,0,0.0047,0,0,0.02,0.02,0,0,0.07,0,0.001,0,0.01,0.0209,0,0.08,2.91,0,0,9,0.01,0,0.041,0,0,1.53,0.01,25.96,0.495,0.04,2.69,0.03,2.3,0.07,0.43,0.17,2.59,2.99,0.083,1.16,0.82,0.26,0.12,1.5,0.08,0.38,5.48,0,3.28,9.02,0.43,21.68,1.72,0,1.2,0,0.03,0.297,0.03,0,0.05,0,0,9.06,0.01,1.93,1.04,5.41,5.08,0,6.57,0,0,0
"Albania",0.6,9.1,0,0,0,9,0,0,0,0,0,0,0,0,9,0,0,9,0.429,9,0.01,9,0,0,9,0,9.85,0,0,0,9.57,0,1.4,0,0.7,0.2872,0.0128,1.7,0.7,4.44,0.16,0,0,2.11,0.8,0.72,0,10.7,9,0,2.14,4.34,9,0,7.06,0,0.46,15.7,0.88,0.05,0,0,0,0,0,0,0,9.001,9,0,0.002,9,0,0,9,0,0,0,0.047,9,0,0,0,0,0,0,0,0,9,9,0,0,0,0,0,0.0009,0,0,0,0,0,0,0,0,9,0,0,2.73,0,11.4,0,9,2.98,0,0.72,0,0,0,0,4.9,9,0,0,9.01,9,0,0,0,0,0,0,0,0,1.6,9,0,0,0,0,0,0,0,0,0,0,0,0.1,9.03,0,0,0.01,9,9,0,0,0
"Yugoslavia",630.79,22.81,0,2.85,0.004,0.13,2.988,0.1,0.074,0,0,9,9.031,37.05,18.757,2.173,17.83,0.267,1.145,3.963,17.21,1.32,0.003,0.003,65.49,71.01,35.761,3.83,5.957,25.99,4.07,5.695,227.49,11.98,75.74,65.4704,2.9296,401.77,56.31,31.25,2.95,0,72.59,69.69,277.09,53.19,154.14,293.5,0.15,2.14,0,59.09,0.548,53.32,21.36,392.08,4.54,160.82,27.74,56.25,10.09,0,0,0.002,0,0.703,0.045,3.162,0.04,1.23,0.043,6.01,1.56,0.07,1.979,0.04,3.962,25.62,22.859,90.84,7.095,1.299,0,0.0987,0.52,2.87,4.17,0.929,0.619,7.615,5.45,0,15.087,33.31,0.95,23.1982,0,0.07,0,0,11.06,0.99,3.081,0,0.077,0,3.14,42.16,7.12,65.4,39.918,37.46,30.36,609.75,20.47,9.7,22.16,8.46,7.6,31.58,0.81,0.66,21.69,0.36,1.91,6.8,1,1.51,4.95,0.34,0,3.56,3.22,104.44,61.15,0,17.83,2.57,0.245,1.557,0,0.02,2.66,0,0.07,1.05,17.62,22.21,1.09,19.63,79.18,0.06,12.86,9,0.012,0
"Greece",258.5,6.67,0.06,9.04,0.13,0,0.258,0.15,0.354,0,0.005,0,0.008,2.4,0.371,1.337,0.009,0.65,2.194,2.362,1.89,1.11,0,0.006,5.78,0.17,103.707,4.84,4.097,7.62,61.68,6.272,259.11,35.47,35.1,120.0099,5.3701,220.2,36.12,88.26,4.36,0,20.85,3.92,47.97,23.93,9.25,337.8,3.22,4.34,59.09,0,65.635,19.06,18.84,150.38,68.28,99.23,70.2,45.61,0.109,0,0,0,9,0,0.434,0.013,0.33,0,0.32,33.63,3.04,0.25,25.298,0.57,4.293,5.29,2.451,49.1,26.361,0.07,0.19,1.4184,0.94,18.445,9.608,0.327,1.38,0.046,0.06,0.3,1.915,4.71,0,9.5273,0.02,0.88,44.24,0,0,9,0.767,0,0.008,0,5.72,71.18,13.23,27.37,2.184,96,6.26,194.38,282.9,72.42,74.5,34.96,13.28,315,48.32,4.98,12.27,4.86,9.75,15.3,5.82,0.5,6.09,0.04,35.26,0.4,8.88,845,4.42,0,0.35,1.49,0.038,1.389,0,0,7.52,0.01,9,31.15,15.15,7.07,4.85,11.17,26.03,0,68.78,0,0.002,9
"Cyprus",48.853,16.55,0,9.149,0,0,0.548,1.206,0.003,0,0,0,9,0.684,0,0,0.007,0,0.146,0,0.02,0,0,0,0,0,9.262,0,0,0,7.407,0.468,75.02,0.758,11.231,16.7026,0.7474,46.968,1.043,20.411,4.478,0,1.544,2.426,12.652,3.698,8.38,108.176,1.645,9,0.548,65.635,0,3.931,4.71,25.914,4.306,10.069,2.383,3.588,0.088,0,0,0,0,0,0,0.023,0,0,0.001,0.938,0,0,0.01,0,0.829,0,0,0.793,0,0,0,0,0,0,0.06,0.001,0.001,0,0,10.872,0.005,0.178,0,0.1517,0,1.744,0,0,9,0,0,0,0.143,0,0.077,0.542,0.255,21.753,6.458,0.298,0.02,58.071,1.51,30.37,39.469,7.027,16.371,41.557,2.104,1.606,15.404,6.132,3.31,11.583,4.147,0,2.46,0,9.174,0,3.169,45.585,4.095,0,1.009,0.282,0,0.364,0,9,0.303,9,9,0,1.898,4.231,0.396,0,0.032,0,6.942,0,0.07,0
"Bulgaria",19.4,2.1,0,0,9.033,0,9,0,0,0,9,0,9.001,0,0,0.14,0.026,0,0.02,0.001,5.01,1,0,0,0.18,7.8,16.566,9,0,0,9.04,1.496,32.4,4.62,8.7,17.4205,0.7795,72.6,11.5,15.93,0.37,0,0,37.33,56.3,14.88,0,74.9,0.25,0,53.32,19.06,3.931,0,78.81,0,6.68,11.7,3.37,1.03,0.108,0,0,0,0,9,9,0.075,9,0,0,0,0,0,9.86,0,0.632,0,0.797,12.2,0,9,0,0.3342,9,9,0.158,0.077,0.002,9,0,0,1.927,0,0,9.0291,0,0,0,0,0,0,0.128,0,0.002,0,14.18,17.02,13.23,32.9,1.48,93,74.37,0,45.2,28.61,0,23.51,3.7,40.4,9.476,0,19.8,0.73,9,6.4,9.95,0,0,0,0,0,1.2,20.3,9.58,0,4.82,4.38,0.063,0.145,0,0,4.02,0,0,0,23.43,1.78,9.03,1.4,1.68,9,0.88,0,0,0
