"","United States of America","Haiti","Mexico","Guatemala","Colombia","Venezuela","Ecuador","Peru","Brazil","Bolivia","Chile","Argentina","United Kingdom","Netherlands","Belgium","France","Switzerland","Spain","Portugal","Germany","Austria-Hungary","Italy","Greece","Russia","Sweden","Denmark","Morocco","Tunisia","Iran","Turkey","Egypt","China","Japan"
"United States of America",0,0,2,0,0.73,0,0,0,0,0,1.55,0.19,178.72,10.05,20.21,5.4,0,9.55,1.1,19,0,3.77,0,16.72,1.67,1.1,0,0,0,0,0,9.54,5
"Haiti",0,0,0,0,0,0,0,0,0,0,0,0,0.56,0,0,3.73,0,0,0,0,0,0,0,0,0,0,0,0,0,0,0,0,0
"Mexico",2,0,0,0,0,0,0,0,0,0,0,0,3.77,0,0,1.87,0,0,0,9.19,0,0,0,0,0,0,0,0,0,0,0,0,0
"Guatemala",0,0,0,0,0,0,0,0,0,0,0,0,0,0,0,0.15,0,0,0,0,0,0,0,0,0,0,0,0,0,0,0,0,0
"Colombia",0.73,0,0,0,0,0,0,0,0,0,0,0,7.75,0,0,2.04,0,0,0,1.9,0,0,0,0,0,0,0,0,0,0,0,0,0
"Venezuela",0,0,0,0,0,0,0,0,0,0,0,0,2.32,0,0,1.03,0,0,0,0,0,0,0,0,0,0,0,0,0,0,0,0,0
"Ecuador",0,0,0,0,0,0,0,0,0,0,0,0,1.12,0,0,0,0,0,0,0,0,0,0,0,0,0,0,0,0,0,0,0,0
"Peru",0,0,0,0,0,0,0,0,0,0,0,0,14.12,11.41,10.13,5.57,0,10.43,0,0,0,0,0,0,0,0,0,0,0,0,0,0,0
"Brazil",0,0,0,0,0,0,0,0,0,0,0,2.04,5.06,0,0.88,4.13,0,1.05,1.18,0,0,0,0,0,0,1.68,0,0,0,0,0,0,0
"Bolivia",0,0,0,0,0,0,0,0,0,0,0,0,1.4,0,0,0,0,0,0,0,0,0,0,0,0,0,0,0,0,0,0,0,0
"Chile",1.55,0,0,0,0,0,0,0,0,0,0,1.06,8.77,0,2.1,2.76,0,0,0,2.92,0,0,0,0,0,0,0,0,0,0,0,0,0
"Argentina",0.19,0,0,0,0,0,0,0,2.04,0,1.06,0,9.32,9.8,8.76,7.91,0,1.58,0,1.46,0,0,0,0,0,0,0,0,0,0,0,0,0
"United Kingdom",178.72,0.56,3.77,0,7.75,2.32,1.12,14.12,5.06,1.4,8.77,9.32,0,21.36,33.65,111.62,0,7.2,6.34,23.73,3.09,36.65,1.77,44.02,30.95,3.32,0.9,0.66,0.31,8.03,0,30.77,3.84
"Netherlands",10.05,0,0,0,0,0,0,11.41,0,0,0,9.8,21.36,0,1.93,2.41,0,0,0.42,34.97,0.05,4.22,0,8.58,1.83,1.61,0,0,0,0,0,9.8,0
"Belgium",20.21,0,0,0,0,0,0,10.13,0.88,0,2.1,8.76,33.65,1.93,0,16.06,3.8,0.4,0.37,14.72,0,1.32,0,13.87,3.25,0.25,0,0,0,0,0,0,0
"France",5.4,3.73,1.87,0.15,2.04,1.03,0,5.57,4.13,0,2.76,7.91,111.62,2.41,16.06,0,39.28,3.29,2.4,18.93,9.82,20.53,2.21,20.87,4.48,1.1,0,0,0,17.14,0,14.27,2.19
"Switzerland",0,0,0,0,0,0,0,0,0,0,0,0,0,0,3.8,39.28,0,0,0,0,0,12.78,0,0,0,0,0,0,0,0,0,0,0
"Spain",9.55,0,0,0,0,0,0,10.43,1.05,0,0,1.58,7.2,0,0.4,3.29,0,0,2.27,0.54,0,0.96,0,0.9,2.51,0,0,0,0,10.32,0,0,0
"Portugal",1.1,0,0,0,0,0,0,0,1.18,0,0,0,6.34,0.42,0.37,2.4,0,2.27,0,0.36,0,0.15,0,0.36,0.33,0,0.09,0,0,0,0,0,0
"Germany",19,0,9.19,0,1.9,0,0,0,0,0,2.92,1.46,23.73,34.97,14.72,18.93,0,0.54,0.36,0,0,1.8,0,27.35,12.97,6.36,0,0,0,0,0,0,0.58
"Austria-Hungary",0,0,0,0,0,0,0,0,0,0,0,0,3.09,0.05,0,9.82,0,0,0,0,0,8.38,1.43,10.77,0,0,0,0,0,0,0,0,0
"Italy",3.77,0,0,0,0,0,0,0,0,0,0,0,36.65,4.22,1.32,20.53,12.78,0.96,0.15,1.8,8.38,0,0.44,0.35,0.3022,0,0,10.76,0,13.64,0,0,0
"Greece",0,0,0,0,0,0,0,0,0,0,0,0,1.77,0,0,2.21,0,0,0,0,1.43,0.44,0,0.68,0,0,0,0,0,2.33,0,0,0
"Russia",16.72,0,0,0,0,0,0,0,0,0,0,0,44.02,8.58,13.87,20.87,0,0.9,0.36,27.35,10.77,0.35,0.68,0,16.99,2.41,0,0,0,0.94,0,3.58,0
"Sweden",1.67,0,0,0,0,0,0,0,0,0,0,0,30.95,1.83,3.25,4.48,0,2.51,0.33,12.97,0,0.3022,0,16.99,0,7.34,0,0,0,0,0,0,0
"Denmark",1.1,0,0,0,0,0,0,0,1.68,0,0,0,3.32,1.61,0.25,1.1,0,0,0,6.36,0,0,0,2.41,7.34,0,0,0,0,0,0,0,0
"Morocco",0,0,0,0,0,0,0,0,0,0,0,0,0.9,0,0,0,0,0,0.09,0,0,0,0,0,0,0,0,0,0,0,0,0,0
"Tunisia",0,0,0,0,0,0,0,0,0,0,0,0,0.66,0,0,0,0,0,0,0,0,10.76,0,0,0,0,0,0,0,0,0,0,0
"Iran",0,0,0,0,0,0,0,0,0,0,0,0,0.31,0,0,0,0,0,0,0,0,0,0,0,0,0,0,0,0,0,0,0,0
"Turkey",0,0,0,0,0,0,0,0,0,0,0,0,8.03,0,0,17.14,0,10.32,0,0,0,13.64,2.33,0.94,0,0,0,0,0,0,0,0,0
"Egypt",0,0,0,0,0,0,0,0,0,0,0,0,0,0,0,0,0,0,0,0,0,0,0,0,0,0,0,0,0,0,0,0,0
"China",9.54,0,0,0,0,0,0,0,0,0,0,0,30.77,9.8,0,14.27,0,0,0,0,0,0,0,3.58,0,0,0,0,0,0,0,0,1.01
"Japan",5,0,0,0,0,0,0,0,0,0,0,0,3.84,0,0,2.19,0,0,0,0.58,0,0,0,0,0,0,0,0,0,0,0,1.01,0
