"","United States of America","Canada","Cuba","Haiti","Dominican Republic","Mexico","Guatemala","Honduras","El Salvador","Nicaragua","Costa Rica","Panama","Colombia","Venezuela","Ecuador","Peru","Brazil","Bolivia","Paraguay","Chile","Argentina","Uruguay","United Kingdom","Ireland","Netherlands","Belgium","Luxembourg","France","Switzerland","Spain","Portugal","German Federal Republic","German Democratic Republic","Poland","Austria","Hungary","Czechoslovakia","Italy","Albania","Yugoslavia","Greece","Cyprus","Bulgaria","Romania","Russia","Finland","Sweden","Norway","Denmark","Iceland","Mali","Senegal","Benin","Mauritania","Niger","Ivory Coast","Guinea","Burkina Faso","Liberia","Sierra Leone","Ghana","Togo","Cameroon","Nigeria","Gabon","Central African Republic","Chad","Congo","Democratic Republic of the Congo","Tanzania","Somalia","Ethiopia","South Africa","Madagascar","Morocco","Tunisia","Libya","Sudan","Iran","Turkey","Iraq","Egypt","Syria","Lebanon","Jordan","Israel","Saudi Arabia","Yemen Arab Republic","Kuwait","Afghanistan","China","Mongolia","Taiwan","North Korea","South Korea","Japan","India","Pakistan","Myanmar","Sri Lanka","Nepal","Thailand","Cambodia","Laos","Vietnam","Republic of Vietnam","Malaysia","Philippines","Indonesia","Australia","New Zealand"
"United States of America",0,708.2998,23,1.86,64,209.9,5.5,0.5,3.6,9.5,6.9,45.4,19.2,379.8,4.87,10,41.72,21.8,3.136,37.7,273.2,22,404.8,22.8,341.8,4.6564,0.2436,267.1,73,185,0.8,0,0,31,39,1.5,4,458.3,0,136.1,36,5.5,1,3.42,21,23.4,181.1,30.8,42,1,0.5,2.4,0.6,0,0.4,19.2,1,0.3,16,1.8,47.9,1.9,2.5,20.7,3.2,0.7,1,5,30,8.6,1,25,8,12.9,34.8,30.5,28.2,9.9,33.2,60.1,11.8,97.2,25.3,37.2,19.6,132.9,1,0,60,6,0.4,0,177,9,135.3,957,317,118.7,7.2,20.8,0,30.4,10.3,2.5,63.3,0,0,21.7,40.8,261.35,56.62
"Canada",708.2998,0,26.3,0.04,3.78,13.5,0.6,6.8,1,1.3,1.5,4.82,1.1,193.3,4.63,5.7,3.18,0.7,1.1,5.7,26.5,0.6,311.4,13.1,9,4.2763,0.2237,31.8,7.7,4.7,0.2,0,0.2,37.6,2.4,0.5,11.3,23.9,14.9,0.8,10.1,0.1,0.3,0.84,21.7,3.8,6.8,64.6,10.1,0.7,0,0,0,0,0,1.1,5.2,0,0.4,1.2,2.2,0,0,1,0,0,0,0,0.2,2,0,0,24.1,0,0.7,0.7,0,0.1,24.2,0.5,2.1,1.5,0.2,1,0.2,5.8,48,9,21.2,0,131.6,0,3,0,2.5,137.5,3.6,9.6,1.6,15.5,0,1.5,0.1,0,0.6,0,0,10.3,2.5,45.96,22.8
"Cuba",23,26.3,0,0.002,0,3.3,0,0.3,0,0.4,0,0,0,0.6,0,0.1,0.4,0,9,2.7,0.3,0.8,1.8,0.2,6.7,3.1359,0.1641,4.7,1.2,4.9,0.9,0,0,0,0,0,0,3.7,0,2.7,12.4,9,0,10.85,0,0.1,0.9,2.1,0.8,0.2,9,0,9,0,0,0,0,0,9,9,0,0,0,0,0,0,9,0,0,0,0,0,0,9,3.9,0,9,0,9,0,10.7,0.3,5.3,0,0,0,0,9,0,0,0,0,0,0,0,12.5,16.3,2.1,9,0,0,0,9.1,0,0.4,0,0,0,0,0,0
"Haiti",1.86,0.04,0.002,0,0.11,0.04,0.004,0.001,0.001,0.003,0.001,0,0,0.1,0.01,0,0.01,0,0,0.02,0.009,0,1.22,0.03,0.97,1.834,0.096,1.64,0.82,0.66,0.03,0,0,0.075,0.04,0.023,0.036,3.3,0,0,0,0,9.022,0.005,0,0.049,0.11,0.45,0.31,0,0,0,9,0,9,0,0,0,0,0,0,0,0,0.02,0,9,0,0,0,0,0,9,0,0.02,0,0,0,0,0,0,0,0.007,0,0.001,0,0.01,9,9,9,0,0,0,0,0,0,1.65,0.23,0,0,0,0,0,0.1,0,0,0,0,0,0.01,0.01,0.01
"Dominican Republic",64,3.78,0,0.11,0,0.22,0,0,0,0,0,0.11,0.1,0,0,0.11,0.11,0,0,0.7,0,0,11.82,0.1,1.02,0.3516,0.0184,1.59,0.54,1.65,0.11,0,0.11,0.11,0.25,0,0.66,1.3,9,0,0,0,0,0,0,0.22,1.78,2.18,0.12,0,0,9,9,0,0,9,0,0,0,9,0,9,0,0,0,0,0,0,9,9,0,9,0,0,0.6,0,0,9,0,0,0,0,9,0,0,0,0,0,9,0,0,9,0,0,2.3,3.77,0.44,0.11,0,0,0,0,0,9,0,0,0,0,0.11,0,3.08
"Mexico",209.9,13.5,3.3,0.04,0.22,0,2.3,0.9,1.5,1.5,1.2,5.31,0.8,3.6,0.33,0.4,1.56,0,0,1.6,0.4,0.6,35,0.1,3.1,4.2763,0.2237,6.8,15.4,12.3,1.6,0,0.2,0.1,1.5,0.11,1.4,14.9,0,0,0,0,0,3.26,0.3,2.9,13.9,0.3,1.5,0.1,9,0,0,0,0,0,0,0,0.4,0,0,0,0,0,0,0,9,0,0,0,0,0,1.5,9,0,0,0,0,0,0.1,0,0.3,9,0.1,0,0.1,0,9,0,0,0,0,0.1,9,0.2,115.3,2,0.1,0,1.4,9,0.1,9,9,0.1,0,0,0.5,11.1,4.49,0.37
"Guatemala",5.5,0.6,0,0.004,0,2.3,0,0.4,0,0.8,0.4,0.22,0.2,2,0,0,0.1,0,0,0.1,0,0.1,4.7,0,1.2,1.5204,0.0796,2.1,0.5,0,0.2,0,0,0,0.7,0,0,2,9,0,0,0,0,0,0,0.9,4.1,0.9,0.7,0,0,9,0,9,0,0,0,0,9,0,0,9,0,0,9,0,0,9,0,0,0,0,0,0,0,0,0,0,0,0,9,0,0,0,0,0.1,0,0,0,9,0,9,0,0,0,2.8,0,0,9,0.1,0,0.1,0,0,0,0,0,0,0.2,0,0
"Honduras",0.5,6.8,0.3,0.001,0,0.9,0.4,0,1.9,0,0.2,0.09,0.2,1,0,0.6,0,0,0,0,0,0.1,1.2,0,0.5,0.6652,0.0348,0.7,0.3,0.2,0,0,0.1,0.4,0.1,0.2,0.8,0.6,0,0,0.1,0,0,0,0,0.6,0.8,0.2,0.4,0,9,0,0,0,0,9,0,0,0,9,0,0,0,0,0,9,0,0,0,9,0,9,0,0,0,0,0,0,0,0,0,0,0,0,0,0,0,9,9,0,0,9,0,0,0,5,0.1,0,0,0.1,0,0,0,0,9,0,0,0,0,0,0
"El Salvador",3.6,1,0,0.001,0,1.5,0,1.9,0,0.7,1.1,0.2,0.1,0.6,0,0,0,0,0,0.1,0,0,4.3,0,8,3.7061,0.1939,1.3,0.3,0.3,0,0,0,0,0,0,0.3,1,0,0,0,0,0,0,0,0.2,0.7,0.1,0.6,0,0,0,0,0,0,9,0,0,0,0,0,0,0,0,0,0,0,0,0,0,0,0,0,0,0,0,0,0,0,0,0,0,0,0,0,0,0,9,0,0,0.2,0,0,0,0,13.5,0,0,0,0,0,0,0,0,9,0,0,0,0,0,0
"Nicaragua",9.5,1.3,0.4,0.003,0,1.5,0.8,0,0.7,0,0.4,2.2,0.2,0.7,0.5,1.2,0,0,0,0,0,0,0.8,0,0.4,0.095,0.005,0.1,0.1,0.2,0.1,0,0,0,0.1,0,0,0.5,9,0,0,0,0,0,0,0,0,0.1,0.5,0,0,0,9,0,0,0,0,0,0,0,0,0,0,0,0,0,0,9,0,0,0,0,0,0,0,0,0,0,0,0,0,0,0,0,0,0,0,9,0,0,0,0,0.2,0,0,12.7,0.5,0.1,0,0,0,0,0,0,9,0,0,0,0,0,0
"Costa Rica",6.9,1.5,0,0.001,0,1.2,0.4,0.2,1.1,0.4,0,1.59,0.4,1.4,0,1.7,0,0,0,0,0,0,4.9,0,1.4,1.0453,0.0547,2.7,1.4,0.1,0,0,0,0,0.9,0,0,0.2,0,0,0,0,0,0,0,0.1,0.6,0.1,0.3,0,0,0,0,0,0,0,0,0,0,0,0,0,0,0,0,9,0,9,0,0,0,0,0,0,0,0,0,0,0,0,0,0,0,0,0,0.1,0,9,0,9,0,9,0,0,0,7,0.5,0.1,0,0,0,0,9,9,9,0,0,0,0,0,0
"Panama",45.4,4.82,0,0,0.11,5.31,0.22,0.09,0.2,2.2,1.59,0,11.36,2.3,0.6,4.2,0.45,0.3,0,2.99,0.3,0.1,5.33,0,3.12,2.8318,0.1482,1.32,1.11,0.12,0.33,0,0,0,0,0,0,0.91,9,0.8,0,0,0,0,0,0.3,0.79,0.01,6.54,0,0,0,0,0,0,0,0,0,9,0,0,0,0,0,0,0,0,0,0,9,9,0,0,9,0,0,0,0,0,0,0,0,0,0,0,0,0,0,0,0,0,0,0,0,0,1.21,0.11,0,0,0,0,7.2,0.1,9,9,0,0,0.33,0,0.3,0.88
"Colombia",19.2,1.1,0,0,0.1,0.8,0.2,0.2,0.1,0.2,0.4,11.36,0,0.2,5.97,3.8,0.98,0,0,0.1,0.3,0.4,8.8,0,6,3.8961,0.2039,14.5,9.7,1.8,0.4,0,0,0,1,0,1,9.2,0,0.1,0,0,0,0,0,1,0.2,1.7,1,0,0,0,0,9,0,0,0,0,0,0,0,0,0,0,0,0,0,0,0,0,0,0,0.2,0,0.4,0,0,0,0,0,0,0,0,0,0,0.1,0,9,0,9,0,9,0,0,0,14.4,0,0,0,0,0,0,0,9,0,0,0,0.6,0,0.38,0
"Venezuela",379.8,193.3,0.6,0.1,0,3.6,2,1,0.6,0.7,1.4,2.3,0.2,0,0.81,1.7,107.24,0,0.6,6.1,59.4,11.8,131.9,1.8,26.5,3.516,0.184,16.6,22.8,12.9,0.6,0,0.1,1.7,3.4,0.4,3.2,36.7,9,0.3,0.1,0,0,0,0,2,22,30.7,12.7,0.6,0,2.6,0.4,9,0,3.6,0,9,1,4.7,3.6,0,0.4,0.4,0.4,0,9,0.8,0.1,0,0,0,1.9,0,0.5,0,0.2,2.4,0.1,0,0,0.4,0,0,0,0.2,0,9,0.2,0,0.6,0,0,0,0,38.4,1.1,0.1,0,0.1,0,0.1,0,0,0,0,0,1.1,3.8,5.19,4.33
"Ecuador",4.87,4.63,0,0.01,0,0.33,0,0,0,0.5,0,0.6,5.97,0.81,0,0.55,0,0,0,1.96,0.01,0.11,5.9,0,2.55,6.4334,0.3366,1.69,3,0.12,0.22,0,0,0.1,3.5,0,0.2,0.8,9,0,0.2,0,0,0,0,0.01,0.79,0.13,0.89,0,9,0,9,0,0,0,0,0,0,0,0,0,0,9,0,9,0,0,9.11,9,9,0,0.22,9,0,0,0,0,0,0,0,0,0,0,0,0.01,9,0,0,0,0,0,0,9,0,0.39,0.44,0,0,0.33,9,0,0,0,0,0,0,0,0,0,0
"Peru",10,5.7,0.1,0,0.11,0.4,0,0.6,0,1.2,1.7,4.2,3.8,1.7,0.55,0,3.07,2.7,0.1,20.7,10.6,1.2,19.2,1,6.5,20.336,1.064,4.8,3.9,0.5,0.3,0,0,0.2,0.6,0.22,1.3,0.3,0,0.3,0,0,0,0,0,1.2,4.8,0.6,0.5,0,0,0,0,0,0,0,0,0,0,0,0,0,0,0,0,0,0,0,0,0,9,0,0.1,0,0.1,0,0,0,0.1,0,0,0,0.1,0.1,0,0.6,0,0,0,0,0,0,0,0,0.3,47.9,3.7,2.6,0,0.4,0,0,0,0,0,0,0,0,0.2,1.13,1.72
"Brazil",41.72,3.18,0.4,0.01,0.11,1.56,0.1,0,0,0,0,0.45,0.98,107.24,0,3.07,0,0.01,0.305,1.22,44.82,15.85,30.97,1.4,16.72,9.4363,0.4937,21.84,8.51,9.25,2.31,0,4.78,0.78,3.65,2.64,1.82,8.46,9,0.95,0.59,0.6,0,0.95,1.72,4.11,6.64,2.86,15.74,0.36,0,0,0,0,0,0,0,9,0.1,0,0.2,0,0.1,0,0,0,9,0,1.76,0,0,0,5.62,0,3.53,0.03,0,0.1,0,1.4,0,0.5,0.9,1.5,0.1,1.22,37.95,0,27.17,0,0.2,9,0.7,0,0,26.15,0.44,0,0.1,0.1,0,2.78,0,9,0.9,0,0,0.4,7.4,1.32,0.33
"Bolivia",21.8,0.7,0,0,0,0,0,0,0,0,0,0.3,0,0,0,2.7,0.01,0,0.5,2.1,2.6,0.2,31.4,0,1.7,0.5702,0.0298,0.4,0.7,0.1,0.1,0,0,0,0.1,0,0.8,2.2,0,1.7,0,0,9,0,0,0.1,1.6,0.2,0.4,0,0,9,0,0,0,0,9,0,0,9,0,0,0,9,0,9,0,0,0,9,0,0,0,9,0,0,0,0,0,0,0,0,0,0,0,0.1,0,9,0,9,0,0,0,0,0,2,0.2,0,0,0,0,0,0,9,0,0,0,0,0,0,0
"Paraguay",3.136,1.1,9,0,0,0,0,0,0,0,0,0,0,0.6,0,0.1,0.305,0.5,0,0.1,1.429,1.34,3.473,0,0.965,0.4941,0.0259,1.554,0.698,0.706,0,0,9,9,0,9,0,0.04,0,0,0.2,0.1,0,9,9,0,0.579,0.1,0,0,9,0,0,0,0,0,0,9,9,0,0.3,0,0,0,0,0,0,0,0,0,0,0,0,0,0.1,0,0,0,0,0,9,0,9,9,0,0,0,0,0,0,0,0,0,9,0,5.192,0.2,0,9,0,0,0,0,9,0,0,0,0,0,0,0
"Chile",37.7,5.7,2.7,0.02,0.7,1.6,0.1,0,0.1,0,0,2.99,0.1,6.1,1.96,20.7,1.22,2.1,0.1,0,31,1.2,37.7,0.3,3.3,2.9459,0.1541,1.5,1.3,1.8,0.2,0,0,0.5,0.3,0,0.6,0.2,0,0.4,0.1,0,0,0,0,1.1,9.5,0.3,6.7,0,0,0,9,0,0,0,0,9,0,0,0,0,0,9,0,0,0,0,0,0,0,0,0.4,0,0,0,0,0,0,0,0,1,0,0,0,0,0,9,0,0,0,0,0,0,0,25.6,2.9,0.9,0,4.1,0,0,0,0,9,0,0,0,0,0.46,0.12
"Argentina",273.2,26.5,0.3,0.009,0,0.4,0,0,0,0,0,0.3,0.3,59.4,0.01,10.6,44.82,2.6,1.429,31,0,9.7,70.7,5.4,44.5,16.915,0.885,20.1,11.1,1.2,0.8,0,0,2,3.7,0.85,3.6,33.7,9.5,10,8.4,0.1,0.2,1.85,0.9,9.7,20.6,0.3,1,0,0,0,0,0,0,0,0,0,0.1,0.1,1.1,0,0,0,0,0,0,0,0.6,0,0,0,0.1,0,2.3,0,0,0,0.7,0.7,0.1,0.6,0.4,0.4,0.3,1.3,0.1,0,0,9,4.4,0,0,0,0,32.3,5.1,2.1,0,0.3,0,0.8,0,0,0,0,0,1.2,0,1.6,0.1
"Uruguay",22,0.6,0.8,0,0,0.6,0.1,0.1,0,0,0,0.1,0.4,11.8,0.11,1.2,15.85,0.2,1.34,1.2,9.7,0,21.6,0,3.9,1.1403,0.0597,3.5,0.1,3.3,0.2,0,2.4,1.2,1.1,1.01,3.5,1,0,0.8,0.3,0,0.2,0.28,0,0.3,2,0.4,0,0,0,0,9,9,0,0,0,9,0,0,0,0,0,0,0,0,0,0,0,0,9,9,2,0,0.3,0,0,0,0,0.1,1,0.5,9,0,0,0.1,7.2,9,0,9,2.6,9,0,0,0,2.6,0.2,0.8,9,0.3,9,0,0,0,9,0,0,0.3,0.1,0.1,0.1
"United Kingdom",404.8,311.4,1.8,1.22,11.82,35,4.7,1.2,4.3,0.8,4.9,5.33,8.8,131.9,5.9,19.2,30.97,31.4,3.473,37.7,70.7,21.6,0,55.3,122.6,100.3496,5.2504,107.8,14.3,111.5,29.4,0,8.8,37.9,34.7,6.3,6.7,1.4,0.1,6.1,54.6,17.7,3.9,39.48,58.5,112.1,40.2,43.1,58.5,7,0.4,0.5,0.5,0.2,0.3,1,0,0.1,0.9,36.8,85.8,2.4,20.4,19.7,0.7,0.5,0.8,1.4,16.2,15.9,2.1,3.9,3.1,0.9,22.3,11.7,20.9,27.3,47.5,33.4,35.8,37.1,11.2,19.6,17.8,31.9,17,0.2,412.8,9.1,46.2,0,4.5,0,4.1,22.9,26.9,57.1,5.9,36.9,0,24.7,2,0.7,2.1,0,0,15.3,33.4,221.13,52.93
"Ireland",22.8,13.1,0.2,0.03,0.1,0.1,0,0,0,0,0,0,0,1.8,0,1,1.4,0,0,0.3,5.4,0,55.3,0,13.7,12.8288,0.6712,11.4,2.7,4.1,1,0,1.8,5.6,0.7,0,0.8,5.1,0,0.1,0.4,0.1,0,0,3.9,11.8,8.5,1.6,4.7,0.2,0,0,0,0,0,0,0,0,0,1.3,1.5,0,0,0.9,0,0,0,0,0,1,0,0,1.6,0,3.9,0,0.1,0.1,0,0.8,23,0.2,0,0,0,1,6.1,9,0,0,0.9,0,0,0,0,9.5,11,2.4,0,2.5,9,0.3,0,9,0,0,0,0.1,0.7,12.88,1.68
"Netherlands",341.8,9,6.7,0.97,1.02,3.1,1.2,0.5,8,0.4,1.4,3.12,6,26.5,2.55,6.5,16.72,1.7,0.965,3.3,44.5,3.9,122.6,13.7,0,306.085,16.0148,19,7.6,1.2,10.2,0,1.5,0.7,3.9,3.3,4.9,0.3,0,5.7,25.4,2.7,1,0.83,19.5,27.6,56.1,55.2,85,2.6,0,1.1,0.1,0,0,8.7,1.6,0,2.4,2.8,16.6,0.5,12.8,9.9,1.4,0,0.4,1.7,1.4,2.2,0.2,1.5,16.1,2.1,2.4,24.7,3.2,1.6,12,6.2,7.7,5.7,95.2,36,3.5,18.1,23.6,0,98.2,0.8,10.6,0,0.9,0,2.7,0.2,11.3,5.7,4.7,4.7,0,12.8,0.9,9.2,0.2,0,0,10.7,34.3,34.73,7.18
"Belgium",4.6564,4.2763,3.1359,1.834,0.3516,4.2763,1.5204,0.6652,3.7061,0.095,1.0453,2.8318,3.8961,3.516,6.4334,20.336,9.4363,0.5702,0.4941,2.9459,16.915,1.1403,100.3496,12.8288,306.085,0,0,205.0704,40.8621,9.4078,38.9615,158.4117,2.1856,0.4751,2.4707,5.7017,11.0232,5.2265,0.095,8.5525,20.241,2.8508,1.1403,1.4254,7.6022,13.589,27.3681,23.4719,51.8853,0.9503,0,2.0906,0.5702,0,0,1.8055,0.095,0,9.9779,0.7602,0.2851,0.7602,2.4707,5.4166,0.3801,0,0.6652,1.2354,175.2316,1.2354,0.095,1.1403,18.2454,0.095,8.4575,6.1768,0.3801,0.5702,35.4454,4.0862,24.9924,1.8055,1.5204,5.7017,3.231,3.326,4.8464,0,2.3757,0.6652,7.4122,9,0.7602,0,1.2354,7.9824,8.2674,2.1856,0.6652,4.5613,0,3.1359,0.8553,0.3801,0,0,0,0.5702,1.9005,34.7517,17.6277
"Luxembourg",0.2436,0.2237,0.1641,0.096,0.0184,0.2237,0.0796,0.0348,0.1939,0.005,0.0547,0.1482,0.2039,0.184,0.3366,1.064,0.4937,0.0298,0.0259,0.1541,0.885,0.0597,5.2504,0.6712,16.0148,0,0,10.7296,2.138,0.4922,2.0385,8.2883,0.1144,0.0249,0.1293,0.2983,0.5768,0.2735,0.005,0.4475,1.059,0.1492,0.0597,0.0746,0.3978,0.711,1.4319,1.2281,2.7147,0.0497,0,0.1094,0.0298,0,0,0.0945,0.005,0,0.5221,0.0398,0.0149,0.0398,0.1293,0.2834,0.0199,0,0.0348,0.0646,9.1684,0.0646,0.005,0.0597,0.9546,0.005,0.4425,0.3232,0.0199,0.0298,1.8546,0.2138,1.3076,0.0945,0.0796,0.2983,0.169,0.174,0.2536,0,0.1243,0.0348,0.3878,9,0.0398,0,0.0646,0.4176,0.4326,0.1144,0.0348,0.2387,0,0.1641,0.0447,0.0199,0,0,0,0.0298,0.0994,1.8183,0.9223
"France",267.1,31.8,4.7,1.64,1.59,6.8,2.1,0.7,1.3,0.1,2.7,1.32,14.5,16.6,1.69,4.8,21.84,0.4,1.554,1.5,20.1,3.5,107.8,11.4,19,205.0704,10.7296,0,198,20.8,34.2,0,13.2,5.3,32,16.6,8.5,173.6,0.4,13.8,33,4.4,7.6,10.81,12.7,6.9,23.2,18.6,44,0.1,13.1,6.1,2.5,22.6,5.5,0.5,0.8,11.5,30.9,2.1,5.1,2.7,14.2,14.2,22.6,1,0.2,43.7,25.2,0.5,0.2,1.1,25.8,27.1,50.8,46.4,5,3.9,4.2,0.5,131.7,3.4,1.5,30.8,2.1,37.4,42.2,0.6,155.2,0.6,24.1,0,1.8,0,1.6,23.2,12.3,12.3,1.5,2.1,0,7.1,9.5,1.3,12.3,0,0,4.8,7,104.02,53.8
"Switzerland",73,7.7,1.2,0.82,0.54,15.4,0.5,0.3,0.3,0.1,1.4,1.11,9.7,22.8,3,3.9,8.51,0.7,0.698,1.3,11.1,0.1,14.3,2.7,7.6,40.8621,2.138,198,0,0.3,13.4,0,0.3,1.9,2.6,1.62,3.8,132.6,0,10,6.3,0.8,1,9.1,2,11.5,4,15.1,23.3,0.2,0.3,1.1,0,0,0,1,1.8,0,0.7,0.2,2.9,0.3,0.8,12.3,0.3,0,0.1,0.7,0.4,0.4,0,0.8,5.9,0.5,0.5,0.6,0.6,0.3,5.8,1.7,4.7,7.5,2.6,5.5,1,12.5,6.5,0,4.6,0.4,3.6,0,0.5,0,2,12.7,6.2,8.6,1.5,2,0,11.3,0.3,0.1,0.9,0,0,3.2,2,28.48,7.09
"Spain",185,4.7,4.9,0.66,1.65,12.3,0,0.2,0.3,0.2,0.1,0.12,1.8,12.9,0.12,0.5,9.25,0.1,0.706,1.8,1.2,3.3,111.5,4.1,1.2,9.4078,0.4922,20.8,0.3,0,3,0,0.3,2.3,2.6,0.82,0.7,45.7,0,1.2,1.6,1.6,0.3,0.09,1.6,1,2.5,6.3,6.9,0.2,0.8,1.5,0,0.1,0.2,0,0,0,0.1,0.6,4.1,0,0.5,2.5,0.3,0,0.2,0,1.6,0.5,0,0,6.7,0.2,6.6,0.2,1,1.5,17.4,3.5,30.3,2,1,1.9,1,0.3,64.6,0,10.7,0,0,0,0.1,0,0,11.3,3.8,1.6,0.2,0.4,0,3.1,0,9,0.4,0,0,1.3,0.9,0.24,0.05
"Portugal",0.8,0.2,0.9,0.03,0.11,1.6,0.2,0,0,0.1,0,0.33,0.4,0.6,0.22,0.3,2.31,0.1,0,0.2,0.8,0.2,29.4,1,10.2,38.9615,2.0385,34.2,13.4,3,0,0,0.1,1.4,1.9,0.23,0.6,11.9,0,0.1,1.2,1.4,0.1,0.93,1.6,0.2,5.7,0.7,1.4,2.5,0,0.2,0,0,0,0.2,4.4,0,0,0.3,0.7,0.7,0.9,0,0.3,0,0.2,0.7,1.3,0.1,0,0,0.6,0.1,0.5,0.7,0.5,0,2.3,0.2,21.4,1.4,3.8,1,0.4,3.1,0.9,0,0.9,0,0.2,0,0,0,0,2.9,1.2,3.7,0,0.1,9,2.2,0,9,0.4,0,0,0.7,0.1,0.07,1.13
"German Federal Republic",0,0,0,0,0,0,0,0,0,0,0,0,0,0,0,0,0,0,0,0,0,0,0,0,0,158.4117,8.2883,0,0,0,0,0,0,0,0,0,0,0,0,0,0,0,0,0,0,0,0,0,0,0,0,0,0,0,0,0,0,0,0,0,0,0,0,0,0,0,0,0,0,0,0,0,0,0,0,0,0,0,0,0,0,0,0,0,0,0,0,0,0,0,0,0,0,0,0,0,0,0,0,0,0,0,0,0,0,0,0,0,0,0,0
"German Democratic Republic",0,0.2,0,0,0.11,0.2,0,0.1,0,0,0,0,0,0.1,0,0,4.78,0,9,0,0,2.4,8.8,1.8,1.5,2.1856,0.1144,13.2,0.3,0.3,0.1,0,0,0,4.7,0,0,3.5,0,9,3.9,0,0,11.52,0,1.6,4.5,2.5,3.5,1,0,0,0,0,0,0,0,9,0,0.8,3.8,0,0.1,5.4,0,0,0,4.7,0,0,0,0,0,0,0.2,0.1,0,0,34.5,1.5,2.2,5.4,2.1,1.2,1.2,0.1,0,0,0,0,0,0,0,0,0,7.9,3.8,0,0.3,1.2,0,0,0,9,0,0,0,0,0,0.38,0.55
"Poland",31,37.6,0,0.075,0.11,0.1,0,0.4,0,0,0,0,0,1.7,0.1,0.2,0.78,0,9,0.5,2,1.2,37.9,5.6,0.7,0.4751,0.0249,5.3,1.9,2.3,1.4,0,0,0,1.1,0,0,9.6,0,11.1,2.5,0,0,10.57,0,5.5,4.4,0.2,5.6,0,0,0,0,0,0,0,0,9,0.6,0.6,1.9,0,0.1,0,0,0,9.1,0,0,0,0,0,0,0,0.5,0.7,0.3,0.6,2.2,1.7,4.3,1.7,0.7,1.9,0.6,0.3,0,9,0,0,0,0,0,0,0,0.1,9.1,6.6,0.7,0.5,0,0.4,0.7,9,0,0,0,0,0,20.71,2.7
"Austria",39,2.4,0,0.04,0.25,1.5,0.7,0.1,0,0.1,0.9,0,1,3.4,3.5,0.6,3.65,0.1,0,0.3,3.7,1.1,34.7,0.7,3.9,2.4707,0.1293,32,2.6,2.6,1.9,0,4.7,1.1,0,7.71,9,60.2,0,8.6,7.5,0.7,6.1,4.78,2.6,6.2,12.3,4.3,2.9,0.1,0,0.2,0,0,0,0.6,0,0,0,0.1,5,0,0,1,0.7,0.9,0,0,0,0.3,0,1.3,0.1,0,2,0.7,0.9,0.6,1.8,0.3,3,3.6,2,4,1.5,0.7,0.9,0,0.7,0.2,1.2,0,0.4,0,0,1.4,10.1,1.5,1,0.7,0,2.1,0.1,9,0.4,0,0,3,1.6,2.84,0.95
"Hungary",1.5,0.5,0,0.023,0,0.11,0,0.2,0,0,0,0,0,0.4,0,0.22,2.64,0,9,0,0.85,1.01,6.3,0,3.3,5.7017,0.2983,16.6,1.62,0.82,0.23,0,0,0,7.71,0,0,7,0,12.59,1.62,0.2,0,7.34,0,0.82,0.14,0.02,0.27,0,0,0,9,0,0,0,1.16,9,0,0.2,0.9,0,0.09,0,0,0,0.1,0,0,0,0,0,0.89,0,1.29,0.18,0.6,0.06,4.6,0.01,2.98,1.78,0.31,0,0.6,0.43,0,9,0.91,0,0,0,0,0,0,0.5,2.08,0.1,0.2,0.1,0,0.5,0,0,0,0,0,0,0,0.33,0.11
"Czechoslovakia",4,11.3,0,0.036,0.66,1.4,0,0.8,0.3,0,0,0,1,3.2,0.2,1.3,1.82,0.8,0,0.6,3.6,3.5,6.7,0.8,4.9,11.0232,0.5768,8.5,3.8,0.7,0.6,0,0,0,9,0,0,2.7,0,3.4,1.2,0.4,0,27.13,0,0.9,3.8,2.2,1.4,0.6,1.8,0,0,0,0,0,0,9,0,0.7,4.1,0,0.4,5.9,0,0,0.1,0,0,0.4,0,1.4,0,0,0,0.1,1,0.9,5.8,1.6,8.5,51.4,2.1,4.5,0.5,0.2,0,0,0,2,0,0,0,0,0,0.6,11,2.7,0.9,2.4,0,0.4,2.2,9,9,0,0,0,0,6.51,2.33
"Italy",458.3,23.9,3.7,3.3,1.3,14.9,2,0.6,1,0.5,0.2,0.91,9.2,36.7,0.8,0.3,8.46,2.2,0.04,0.2,33.7,1,1.4,5.1,0.3,5.2265,0.2735,173.6,132.6,45.7,11.9,0,3.5,9.6,60.2,7,2.7,0,4.4,57.2,34.8,5.7,7.3,15.59,60.6,10.5,6.7,3.9,4.6,2.1,0.2,2.2,0.2,0.6,0,7.9,1.2,0.1,8.6,2,9,0.1,3.6,2.9,0.2,0.1,0.3,0.1,30.2,2.5,8.6,6.3,11.1,0.1,2.9,5,28.3,5.3,2.7,3.7,145.2,10.4,4.4,22.6,3.5,1.7,94,1.1,130.4,0.8,20.4,0,1.4,0,7.9,6.3,32.5,12.9,1.5,4.4,9,0.9,0.7,0,6.5,0,0,0.3,9.3,94.81,13.46
"Albania",0,14.9,0,0,9,0,9,0,0,9,0,9,0,9,9,0,9,0,0,0,9.5,0,0.1,0,0,0.095,0.005,0.4,0,0,0,0,0,0,0,0,0,4.4,0,0.2,0,9,0,0.86,0,0,0,0,0,0,0,9,9,0,0,9,0,0,0,0,0,0,0,9,0,0,0,9,0,0,0,0,0,0,0,0,9,0,9,0,0,0,0,0,0,0,0,0,0,0,0,0,0,0,0,0,9,0,0,0,0,0,0,9,0,0,0,0,0,1,9
"Yugoslavia",136.1,0.8,2.7,0,0,0,0,0,0,0,0,0.8,0.1,0.3,0,0.3,0.95,1.7,0,0.4,10,0.8,6.1,0.1,5.7,8.5525,0.4475,13.8,10,1.2,0.1,0,9,11.1,8.6,12.59,3.4,57.2,0.2,0,5,1.2,1.1,5.38,15.6,0.3,3.8,0.8,3.7,0,0,0,0,0,0,0,1.6,0,0,0.1,2.1,0,0,0,0,0,0,0,0,0.2,0,1,1.9,0.1,1.4,1,1.3,0.5,1.7,1.2,1.8,14.3,1.7,0.8,1.6,2.3,0.1,0,0.6,0,0,0,0,0,0,4.4,5.5,0.4,1.4,1,0,0.6,0.3,0,0,0,0,0.1,0.6,11.28,0.09
"Greece",36,10.1,12.4,0,0,0,0,0.1,0,0,0,0,0,0.1,0.2,0,0.59,0,0.2,0.1,8.4,0.3,54.6,0.4,25.4,20.241,1.059,33,6.3,1.6,1.2,0,3.9,2.5,7.5,1.62,1.2,34.8,0,5,0,2.5,1.6,1.43,1.1,3.8,16.8,0.4,4.5,1,0,0,0,0,0,0,0,0,0,0,1,0,0,1.1,0,0,0,0,0,0.4,0,1.2,1.2,0.3,0.8,4.7,0.7,1.3,16.8,0.7,0.6,1.2,0,0.9,0,1.5,8.8,0,0.2,0,0.1,0,0,0,0,52.1,0.5,1.1,0,0.2,0,0.2,0,0,0.9,0,0,0,0.3,1.61,1.7
"Cyprus",5.5,0.1,9,0,0,0,0,0,0,0,0,0,0,0,0,0,0.6,0,0.1,0,0.1,0,17.7,0.1,2.7,2.8508,0.1492,4.4,0.8,1.6,1.4,0,0,0,0.7,0.2,0.4,5.7,9,1.2,2.5,0,0,0.18,0.3,0.2,1.2,0.1,1,0,0,0,0,0,0,0,0,0,0,0.3,0.1,0,0,0,0,9,0,0,0.1,0,0,0,0.1,0,0.1,0,0.3,0,0.3,0.6,0.1,0.3,0.2,0.7,0.1,2.4,0.4,9,0,0,0,0,0,0,0,0.5,1.1,0.2,0,0.1,9,0.2,9,9,0,0,0,0,0,0.9,0.17
"Bulgaria",1,0.3,0,9.022,0,0,0,0,0,0,0,0,0,0,0,0,0,9,0,0,0.2,0.2,3.9,0,1,1.1403,0.0597,7.6,1,0.3,0.1,0,0,0,6.1,0,0,7.3,0,1.1,1.6,0,0,6.42,0,0,0.4,1.9,0.4,0,0,0,9,0,0,0,0,0,0,9,0.2,0,0,0,0,0,9,0,0,0,9,0,0,0,0.3,0.6,0.4,0.8,9.6,0.8,1.7,0.5,1.4,0,1.6,0.1,0,9,0,9,0,0,0,0,0,1.1,0.4,0,0,0,0,0,0,9,0,0,0,9,0,0.6,0
"Romania",3.42,0.84,10.85,0.005,0,3.26,0,0,0,0,0,0,0,0,0,0,0.95,0,9,0,1.85,0.28,39.48,0,0.83,1.4254,0.0746,10.81,9.1,0.09,0.93,0,11.52,10.57,4.78,7.34,27.13,15.59,0.86,5.38,1.43,0.18,6.42,0,22.51,1.42,3.8,0.84,0.65,0.1,0,0,0,0,0,0,0,9,0,0,0,0,0,0,0,0,9,0,0,0,0,0,0,0,3.4,0,0.4,0.06,0,0.59,2.16,8.57,0.02,2.74,0.72,1.27,0,0,0,9,12.42,0.05,0,2.25,0,3.41,4.33,1.7,0.1,1.76,0,0,0,0,0,0,0,0,0.42,0.6,0
"Russia",21,21.7,0,0,0,0.3,0,0,0,0,0,0,0,0,0,0,1.72,0,9,0,0.9,0,58.5,3.9,19.5,7.6022,0.3978,12.7,2,1.6,1.6,0,0,0,2.6,0,0,60.6,0,15.6,1.1,0.3,0,22.51,0,23.2,20.1,7,22.7,5.9,1.4,0,0,0,0,0,0,0,0,9,2.4,0,0,0,0,0,9,0,0,0,0,0.7,0,0,0.5,0.2,0.9,1,18.3,3.9,19.2,6.4,5,1.9,0,0.1,0,0,0,16.7,0,0,9,0,0,80,14.2,0.4,4.5,7.5,9,2.7,1.1,9,9,0,0,0,20.1,15.16,5.29
"Finland",23.4,3.8,0.1,0.049,0.22,2.9,0.9,0.6,0.2,0,0.1,0.3,1,2,0.01,1.2,4.11,0.1,0,1.1,9.7,0.3,112.1,11.8,27.6,13.589,0.711,6.9,11.5,1,0.2,0,1.6,5.5,6.2,0.82,0.9,10.5,0,0.3,3.8,0.2,0,1.42,23.2,0,75.9,7.9,3.4,0.8,0,0.2,0,0,0.1,0.2,0.1,0,0,0.1,0,0,0,0.7,0,0,0,0,0.1,0.1,0,0.1,3.4,0,0.8,0.8,0.1,0.5,7.7,3,2,5.8,1.4,3.2,0.2,6.4,0.3,0,0.1,0,4,9,0,0,0,2.6,9.1,0.1,0.4,0.8,9,0.2,0,9,0.4,0,0,1.5,1.6,9.88,0.15
"Sweden",181.1,6.8,0.9,0.11,1.78,13.9,4.1,0.8,0.7,0,0.6,0.79,0.2,22,0.79,4.8,6.64,1.6,0.579,9.5,20.6,2,40.2,8.5,56.1,27.3681,1.4319,23.2,4,2.5,5.7,0,4.5,4.4,12.3,0.14,3.8,6.7,0,3.8,16.8,1.2,0.4,3.8,20.1,75.9,0,145.7,72.8,2.8,0,1.7,0.1,0,0.2,0.4,0.6,0.1,2.9,0.5,2.4,0.2,0,1,0.2,0,0.1,0,0.8,0.1,0,0.1,15.8,0.6,0.1,1.7,0.3,1.5,9.7,1.3,11,6.4,2.4,3.1,1.3,2.2,18,0,0.9,0.1,4.1,0,0.6,0,1.2,13.8,26.9,0.8,0.6,0.9,9,1.5,0.2,9,0.6,0,0,9.7,0.6,33.77,4.22
"Norway",30.8,64.6,2.1,0.45,2.18,0.3,0.9,0.2,0.1,0.1,0.1,0.01,1.7,30.7,0.13,0.6,2.86,0.2,0.1,0.3,0.3,0.4,43.1,1.6,55.2,23.4719,1.2281,18.6,15.1,6.3,0.7,0,2.5,0.2,4.3,0.02,2.2,3.9,0,0.8,0.4,0.1,1.9,0.84,7,7.9,145.7,0,1.8,2.1,0,1.1,0,0,0,0.3,3.5,0,4.5,0.1,5,0,0.6,15.7,0,0,0,0.1,0.9,0.2,0,0.7,5,0.1,1.3,0,0.1,1,0.7,0.3,1.7,1.3,0.2,1.5,0.1,1,0.3,0,0,0,3.7,0,0.1,0,0.1,27.6,1.7,0.9,0.1,0.6,9,1.2,0,0,1,0,0,0.5,1.4,4.59,1.32
"Denmark",42,10.1,0.8,0.31,0.12,1.5,0.7,0.4,0.6,0.5,0.3,6.54,1,12.7,0.89,0.5,15.74,0.4,0,6.7,1,0,58.5,4.7,85,51.8853,2.7147,44,23.3,6.9,1.4,0,3.5,5.6,2.9,0.27,1.4,4.6,0,3.7,4.5,1,0.4,0.65,22.7,3.4,72.8,1.8,0,3.7,0.1,0.4,0.2,0.1,0.1,0.4,0.1,0,0.7,0.4,1.4,0,0.1,0.8,0.7,0,0.2,0.1,0.4,1.8,0,0.4,3,0.1,1.3,0.4,0.9,1.1,2.4,1,2.5,0.8,0.4,2.4,0.7,0.6,1.5,0,1.3,0.3,2.4,0,0.1,0,0.6,7.5,0.7,0.7,2.1,1,0,6.4,0.2,0.3,0.3,0,0,1.8,7,5.47,0.42
"Iceland",1,0.7,0.2,0,0,0.1,0,0,0,0,0,0,0,0.6,0,0,0.36,0,0,0,0,0,7,0.2,2.6,0.9503,0.0497,0.1,0.2,0.2,2.5,0,1,0,0.1,0,0.6,2.1,0,0,1,0,0,0.1,5.9,0.8,2.8,2.1,3.7,0,0,0,0,0,0,0,9,9,0.1,0,0,0,0,7.2,0,0,0,0,0,0,0,0,0,0,0,0,0,0,0,0,0,0,0,0,0,0,0,0,0,0,0,9,0,0,0,1.5,0,0,0,0,0,0,0,0,0,0,0,0,0,0,0
"Mali",0.5,0,9,0,0,9,0,9,0,0,0,0,0,0,9,0,0,0,9,0,0,0,0.4,0,0,0,0,13.1,0.3,0.8,0,0,0,0,0,0,1.8,0.2,0,0,0,0,0,0,1.4,0,0,0,0.1,0,0,0,0,9,9.2,3.5,10,0.5,0.1,0,0.2,9,0,0,0,9,9,0,9,0,0,0,0,0,0.1,0,0,0,9,0,0,0,9,0,0,0,9,0,0,0,0.1,0,9,9,0,0,0,0,9,0,0,0,9,0,9,0,9,0,0,0,0
"Senegal",2.4,0,0,0,9,0,9,0,0,0,0,0,0,2.6,0,0,0,9,0,0,0,0,0.5,0,1.1,2.0906,0.1094,6.1,1.1,1.5,0.2,0,0,0,0.2,0,0,2.2,9,0,0,0,0,0,0,0.2,1.7,1.1,0.4,0,0,0,1.1,0,0,0,0.2,0,0,0,0.2,0.2,1.5,0.1,0,0,0.2,0,0,0,0,0,0.2,0.3,3.5,0,0,0,0,0,0.7,0,9,0.1,0,0.1,0,9,0,9,3.3,0,0,0,0,1.3,0.2,0.1,0,0,0,1.3,5.7,0,1.4,0,0,0,0,0,0
"Benin",0.6,0,9,9,9,0,0,0,0,9,0,0,0,0.4,9,0,0,0,0,9,0,9,0.5,0,0.1,0.5702,0.0298,2.5,0,0,0,0,0,0,0,9,0,0.2,9,0,0,0,9,0,0,0,0.1,0,0.2,0,0,1.1,0,0,0.2,0.4,9.1,0,0,0,0,0.2,0,0,0,0,9,0,0,0,0,0,9,0,0.1,0,0,9,0,0,0.1,0,9,0,0,0,0,9,9,0,0,0,0,9,0,0,0.1,0.2,9,0,9,0,0.2,0,0,0,9,0,9,0,0
"Mauritania",0,0,0,0,0,0,9,0,0,0,0,0,9,9,0,0,0,0,0,0,0,9,0.2,0,0,0,0,22.6,0,0.1,0,0,0,0,0,0,0,0.6,0,0,0,0,0,0,0,0,0,0,0.1,0,9,0,0,0,0,0,0,9,9,0,0,0,0,0,0,0,0,0,0,0,9,0,0,0,0,0,0,0,0,0,0,0,0,0,0,0,0,0,0,9,0,0,0,0,0,0,0,0,0,0,0,0,0,9,0,0,0,0,0,0,0
"Niger",0.4,0,0,9,0,0,0,0,0,0,0,0,0,0,0,0,0,0,0,0,0,0,0.3,0,0,0,0,5.5,0,0.2,0,0,0,0,0,0,0,0,0,0,0,0,0,0,0,0.1,0.2,0,0.1,0,9.2,0,0.2,0,0,0,0,9,9,0,0,0,0,0,0,0,0,0,0,0,9,0,0,0,0,0,0,0,9,0,0,0,0,0,0,0,0,0,0,9,0.1,0,0,0,0,0.1,0,0,0,0,0,0,0,0,0,0,0,0,0,0,0
"Ivory Coast",19.2,1.1,0,0,9,0,0,9,9,0,0,0,0,3.6,0,0,0,0,0,0,0,0,1,0,8.7,1.8055,0.0945,0.5,1,0,0.2,0,0,0,0.6,0,0,7.9,9,0,0,0,0,0,0,0.2,0.4,0.3,0.4,0,3.5,0,0.4,0,0,0,0,0.1,0.1,0,2.4,0,0,0,0,0,0,0,0.5,0,0,0,1.1,0,1.3,0.3,0,0,0.2,0,0.2,0,0,0,0,1.1,0,9,0,9,0,0,0,0,0,0.5,0.6,0.3,0,0,0,0,0.3,0,0.4,0,0,0,0,0.22,0
"Guinea",1,5.2,0,0,0,0,0,0,0,0,0,0,0,0,0,0,0,9,0,0,0,0,0,0,1.6,0.095,0.005,0.8,1.8,0,4.4,0,0,0,0,1.16,0,1.2,0,1.6,0,0,0,0,0,0.1,0.6,3.5,0.1,9,10,0.2,9.1,0,0,0,0,9,9,0.1,0,0,0,0,0,0,0,0,0,0,9,9,0,0,2.1,0,0,0,0,0,9,0,9,0,0,1.6,0,0,0,0,1.9,0,0,0,0,0.6,0.2,0,0,0,0,0.4,0,0,0,0,0,0,0,0,0
"Burkina Faso",0.3,0,0,0,0,0,0,0,0,0,0,0,0,9,0,0,9,0,9,9,0,9,0.1,0,0,0,0,11.5,0,0,0,0,9,9,0,9,9,0.1,0,0,0,0,0,9,0,0,0.1,0,0,9,0.5,0,0,9,9,0.1,9,0,0,9,5.4,9,0,0,0,9,0,0,0,0,0,9,0,9,0,0,9,0,0,0,0,0,0,0,0,0,9,0,0,9,0,0,9,9,0,0.1,0,9,0,0,0,0,0,0,9,0,9,0,0,0,0
"Liberia",16,0.4,9,0,0,0.4,9,0,0,0,0,9,0,1,0,0,0.1,0,9,0,0.1,0,0.9,0,2.4,9.9779,0.5221,30.9,0.7,0.1,0,0,0,0.6,0,0,0,8.6,0,0,0,0,0,0,0,0,2.9,4.5,0.7,0.1,0.1,0,0,9,9,0.1,9,0,0,0.3,0.1,9,0,0,0,9,0,0,9,0,0,0,9,0,0,0,0,9,9,0,9,0,0,0,0,0.3,9,9,0,0,0,0,9,0,0,3.4,0,0,0,0,0,0,0,0,0,0,9,0,0,0,0
"Sierra Leone",1.8,1.2,9,0,9,0,0,9,0,0,0,0,0,4.7,0,0,0,9,0,0,0.1,0,36.8,1.3,2.8,0.7602,0.0398,2.1,0.2,0.6,0.3,0,0.8,0.6,0.1,0.2,0.7,2,0,0.1,0,0.3,9,0,9,0.1,0.5,0.1,0.4,0,0,0,0,0,0,0,0.1,9,0.3,0,0.4,0,0,0.5,0,9,9,0,9,9,0,9,0.2,9,0,0,0,0,0,0,9,0.2,9,0,0,0,0,9,9,9,0.4,0,0,9,0,8.5,1.8,0.2,0.1,0,0,0,9,0,0,0,0,0,0,0.1,0.1
"Ghana",47.9,2.2,0,0,0,0,0,0,0,0,0,0,0,3.6,0,0,0.2,0,0.3,0,1.1,0,85.8,1.5,16.6,0.2851,0.0149,5.1,2.9,4.1,0.7,0,3.8,1.9,5,0.9,4.1,9,0,2.1,1,0.1,0.2,0,2.4,0,2.4,5,1.4,0,0.2,0.2,0,0,0,2.4,0,5.4,0.1,0.4,0,6.9,0,0.3,9,9,0,0,0,0,0,0,0.6,0,2.7,0.2,0,0,0,0,0,0.2,0,0.1,0,1.9,0,9,0,0,2.2,0,0,0,0,26.5,4.9,0.1,0,0,0,0.1,0,0,9.1,0,0,0,0,5.72,1.05
"Togo",1.9,0,0,0,9,0,9,0,0,0,0,0,0,0,0,0,0,0,0,0,0,0,2.4,0,0.5,0.7602,0.0398,2.7,0.3,0,0.7,0,0,0,0,0,0,0.1,0,0,0,0,0,0,0,0,0.2,0,0,0,9,0.2,0.2,0,0,0,0,9,9,0,6.9,0,0,0,0,0,0,0,0,0,0,0,0,0,0,0,0,0,9,0,0,0,9,0,0,0,0,0,0,9,0,0,0,0,0,0.6,0,0,9,0,0,0,9,0,0,0,0,0,0,0,0
"Cameroon",2.5,0,0,0,0,0,0,0,0,0,0,0,0,0.4,0,0,0.1,0,0,0,0,0,20.4,0,12.8,2.4707,0.1293,14.2,0.8,0.5,0.9,0,0.1,0.1,0,0.09,0.4,3.6,0,0,0,0,0,0,0,0,0,0.6,0.1,0,0,1.5,0,0,0,0,0,0,0,0,0,0,0,0.1,0.9,0,0,0.4,0,0,0,0,0,0,2.1,0,0,0,0,0,0,0,0.3,0.1,0,0,0,0,0,0,0,0,0,0,0,1.6,0,0,0,0,0,0,0.8,0,0,0,0,0,0,0,0
"Nigeria",20.7,1,0,0.02,0,0,0,0,0,0,0,0,0,0.4,9,0,0,9,0,9,0,0,19.7,0.9,9.9,5.4166,0.2834,14.2,12.3,2.5,0,0,5.4,0,1,0,5.9,2.9,9,0,1.1,0,0,0,0,0.7,1,15.7,0.8,7.2,0,0.1,0,0,0,0,0,0,0,0.5,0.3,0,0.1,0,0.2,0,0.7,0,0,0,0,0,0.2,0,1,0,0,0.1,0,0,0,0,0,0,0,2.6,0,9,0,0,0,0,0,0,0,75.5,16.3,0.3,0,0,0,0,0,0,9,0,0,0,0,0.28,0.1
"Gabon",3.2,0,0,0,0,0,9,0,0,0,0,0,0,0.4,0,0,0,0,0,0,0,0,0.7,0,1.4,0.3801,0.0199,22.6,0.3,0.3,0.3,0,0,0,0.7,0,0,0.2,0,0,0,0,0,0,0,0,0.2,0,0.7,0,0,0,0,0,0,0,0,0,0,0,9,0,0.9,0.2,0,0,0,0,0,9,0,0,0,0,0.1,0,0,9,0,0,0,0,0,0,0,2.2,0,9,0,0,0,0,0,0,0,0.7,0,0,0,0,0,0,9,9,0,0,0,0,0,0,0
"Central African Republic",0.7,0,0,9,0,0,0,9,0,0,9,0,0,0,9,0,0,9,0,0,0,0,0.5,0,0,0,0,1,0,0,0,0,0,0,0.9,0,0,0.1,0,0,0,9,0,0,0,0,0,0,0,0,9,0,0,0,0,0,0,9,9,9,9,0,0,0,0,0,0,0,0,0,0,0,0,0,0,0,0,0,9,0,9,0,0,0,0,0,0,9,0,9,0,0,0,0,0,0,0,0,0,0,0,0,0,9,0,0,0,0,0,0,0
"Chad",1,0,9,0,0,9,0,0,0,0,0,0,0,9,0,0,9,0,0,0,0,0,0.8,0,0.4,0.6652,0.0348,0.2,0.1,0.2,0.2,0,0,9.1,0,0.1,0.1,0.3,0,0,0,0,9,9,9,0,0.1,0,0.2,0,9,0.2,9,0,0,0,0,0,0,9,0,0,0,0.7,0,0,0,0,0.7,0,0,0,0.1,9,0.1,0,0,0,9,0,9,0,0,0,0,0,0,0,0,0,0.4,0,0,0,0,0.6,0.2,0,0,0,0,0,0,0,9,0,9,0,9,0,0
"Congo",5,0,0,0,0,0,9,0,0,9,9,0,0,0.8,0,0,0,0,0,0,0,0,1.4,0,1.7,1.2354,0.0646,43.7,0.7,0,0.7,0,4.7,0,0,0,0,0.1,9,0,0,0,0,0,0,0,0,0.1,0.1,0,0,0,0,0,0,0,0,0,0,0,0,0,0.4,0,0,0,0,0,1.2,0,0,0,0.3,0,0.9,0,0,0,0,0,0,0,9,0,0,0.2,0,9,0,9,0,9,0,0,0,0.1,0,0,9,0,0,0,9,9,0,0,0,0,0,0,0
"Democratic Republic of the Congo",30,0.2,0,0,9,0,0,0,0,0,0,0,0,0.1,9.11,0,1.76,0,0,0,0.6,0,16.2,0,1.4,175.2316,9.1684,25.2,0.4,1.6,1.3,0,0,0,0,0,0,30.2,0,0,0,0.1,0,0,0,0.1,0.8,0.9,0.4,0,9,0,0,0,0,0.5,0,0,9,9,0,0,0,0,0,0,0.7,1.2,0,3.2,0,0,0,0,0,0,0,0.5,9,0,9.2,0,9,0,0,0.1,0,0,0,0,0,0,0,0,0,3.4,3.2,0,0,0,0,0,0,0,0.3,0,0,0,0,0,0
"Tanzania",8.6,2,0,0,9,0,0,9,0,0,0,9,0,0,9,0,0,9,0,0,0,0,15.9,1,2.2,1.2354,0.0646,0.5,0.4,0.5,0.1,0,0,0,0.3,0,0.4,2.5,0,0.2,0.4,0,0,0,0,0.1,0.1,0.2,1.8,0,0,0,0,0,0,0,0,0,0,9,0,0,0,0,9,0,0,0,3.2,0,0.2,0,0.4,0,0,0,0,0,4.1,0,0.2,0,0.1,0.1,0,0.4,0.6,9,0,0,0,0,1.6,0,0,2.1,1.1,0.6,0,0.6,0,0,0,0,9,0,0,0,0,2.5,0.9
"Somalia",1,0,0,0,0,0,0,0,0,0,0,9,0,0,9,9,0,0,0,0,0,9,2.1,0,0.2,0.095,0.005,0.2,0,0,0,0,0,0,0,0,0,8.6,0,0,0,0,9,0,0,0,0,0,0,0,0,0,0,9,9,0,9,0,0,0,0,0,0,0,0,0,0,0,0,0.2,0,1,9,0,0,0,0,1.1,9,0,0.4,0.5,0,0,0,9,9,9,9,0,0,9,9,0,0,0.2,0.4,0.1,0,0,9,0,0,9,0,0,9,0,0,0,0
"Ethiopia",25,0,0,9,9,0,0,9,0,0,0,0,0,0,0,0,0,0,0,0,0,9,3.9,0,1.5,1.1403,0.0597,1.1,0.8,0,0,0,0,0,1.3,0,1.4,6.3,0,1,1.2,0,0,0,0.7,0.1,0.1,0.7,0.4,0,0,0,0,0,0,0,9,9,0,9,0,0,0,0,0,0,0,0,0,0,1,0,9,0,0,0,0,0.2,1.3,0,0.1,0,0.3,0,0,0.7,2.7,0.1,0,0,0.3,0,0,0,0,11.5,5.6,0,0,3.1,9,0,9,0,9,0,0,0,0,0.4,0.11
"South Africa",8,24.1,0,0,0,1.5,0,0,0,0,0,0,0.2,1.9,0.22,0.1,5.62,0,0,0.4,0.1,2,3.1,1.6,16.1,18.2454,0.9546,25.8,5.9,6.7,0.6,0,0,0,0.1,0.89,0,11.1,0,1.9,1.2,0.1,0,0,0,3.4,15.8,5,3,0,0,0.2,9,0,0,1.1,0,0,9,0.2,0.6,0,0,0.2,0,0,0.1,0.3,0,0.4,9,9,0,0.5,3.8,9,9,2.6,10.4,0.5,0.8,0,9.2,0,0,4.2,0,0,0,9,0.9,0,0,0,0.3,33.2,0.1,16.2,4.8,14.6,0,0.7,9.1,9,0.2,0,0,12,0,1.97,4.57
"Madagascar",12.9,0,9,0.02,0,9,0,0,0,0,0,9,0,0,9,0,0,9,0,0,0,0,0.9,0,2.1,0.095,0.005,27.1,0.5,0.2,0.1,0,0,0,0,0,0,0.1,0,0.1,0.3,0,0,0,0,0,0.6,0.1,0.1,0,0,0.3,0,0,0,0,0,9,0,9,0,0,0,0,0,0,9,0,0,0,0,0,0.5,0,0.5,0,0,0,2.5,0,0,0,0,0,0,0.2,0,9,0,0,0,0,0,0,0,0.1,0.8,0.1,0,0,9,0.3,0,9,0,0,0,0,0,0,0
"Morocco",34.8,0.7,3.9,0,0.6,0,0,0,0,0,0,0,0.4,0.5,0,0.1,3.53,0,0.1,0,2.3,0.3,22.3,3.9,2.4,8.4575,0.4425,50.8,0.5,6.6,0.5,0,0.2,0.5,2,1.29,0,2.9,0,1.4,0.8,0.1,0.3,3.4,0.5,0.8,0.1,1.3,1.3,0,0.1,3.5,0.1,0,0,1.3,2.1,0,0,0,2.7,0,2.1,1,0.1,0,0.1,0.9,0,0,0,0,3.8,0.5,0,0.7,0.2,0.9,1.4,1.8,0.7,1.9,0,0.1,0,9,0,9,0,0,4.5,0,2.2,9,0,2.3,2.7,1.2,0,0.4,0,0,0,9,0.1,0,0,0.2,0.2,0.2,0
"Tunisia",30.5,0.7,0,0,0,0,0,0,0,0,0,0,0,0,0,0,0.03,0,0,0,0,0,11.7,0,24.7,6.1768,0.3232,46.4,0.6,0.2,0.7,0,0.1,0.7,0.7,0.18,0.1,5,0,1,4.7,0,0.6,0,0.2,0.8,1.7,0,0.4,0,0,0,0,0,0,0.3,0,0,0,0,0.2,0,0,0,0,0,0,0,0,0,0,0,9,0,0.7,0,1.6,0,0,0.9,0.2,0.4,0,0,0,0,0,0,0,0,0.7,0,0,0,0,0.2,0.3,0.4,0,2.8,0,0,0,9,1.5,0,0,0,0,0.4,0
"Libya",28.2,0,9,0,0,0,0,0,0,0,0,0,0,0.2,0,0,0,0,0,0,0,0,20.9,0.1,3.2,0.3801,0.0199,5,0.6,1,0.5,0,0,0.3,0.9,0.6,1,28.3,9,1.3,0.7,0.3,0.4,0.4,0.9,0.1,0.3,0.1,0.9,0,0,0,0,0,0,0,0,9,0,0,0,0,0,0,0,0,0,0,0,0,0,0,9,0,0.2,1.6,0,0,0.1,1.2,0,1.8,0.1,0.4,0,0,0,0,0.2,9,0,0,0.6,0,0,2.9,0.9,0,0,3.4,0,0,0,0,9,0,0,0,0,0.2,0
"Sudan",9.9,0.1,0,0,9,0,0,0,0,0,0,0,0,2.4,0,0,0.1,0,0,0,0,0,27.3,0.1,1.6,0.5702,0.0298,3.9,0.3,1.5,0,0,0,0.6,0.6,0.06,0.9,5.3,0,0.5,1.3,0,0.8,0.06,1,0.5,1.5,1,1.1,0,0,0,9,0,0,0,0,0,9,0,0,0,0,0.1,9,0,0,0,0.5,0,1.1,0.2,2.6,0,0.9,0,0,0,7.2,1.9,3.1,5.9,0.1,0.5,0.8,0,4.8,0,0,0,0.3,0,0.1,0,0,6.6,4.8,0.9,0,0,0,0.9,0,0,0,0,0,0,0,0.34,0.11
"Iran",33.2,24.2,9,0,0,0,0,0,0,0,0,0,0,0.1,0,0.1,0,0,0,0,0.7,0,47.5,0,12,35.4454,1.8546,4.2,5.8,17.4,2.3,0,34.5,2.2,1.8,4.6,5.8,2.7,9,1.7,16.8,0.3,9.6,0,18.3,7.7,9.7,0.7,2.4,0,9,0,0,0,9,0.2,0,0,9,0,0,9,0,0,0,9,9,0,9,4.1,9,1.3,10.4,2.5,1.4,0,0.1,7.2,0,8,1.6,0,0.8,11.8,1.1,5.6,9,9,19.2,9.4,0,9,18,9,0,3.9,54.7,23.7,0.3,7.7,9,0.1,0.1,0,0.3,0,9,0.1,0.1,51.43,5.06
"Turkey",60.1,0.5,0,0,0,0.1,0,0,0,0,0,0,0,0,0,0,1.4,0,0,0,0.7,0.1,33.4,0.8,6.2,4.0862,0.2138,0.5,1.7,3.5,0.2,0,1.5,1.7,0.3,0.01,1.6,3.7,0,1.2,0.7,0.6,0.8,0.59,3.9,3,1.3,0.3,1,0,0,0,0,0,0,0,0,0,0,0,0,0,0,0,0,0,0,0,0,0,0,0,0.5,0,1.8,0.9,1.2,1.9,8,0,0.4,1.5,2.5,22.1,3.4,2.4,7.7,0,0.2,0,0,0,0,0,0,10.6,5.4,0.1,0,1.4,0,0,0,0,0,0,0,0,0,8.13,0.11
"Iraq",11.8,2.1,10.7,0,0,0,9,0,0,0,0,0,0,0,0,0,0,0,9,0,0.1,1,35.8,23,7.7,24.9924,1.3076,131.7,4.7,30.3,21.4,0,2.2,4.3,3,2.98,8.5,145.2,0,1.8,0.6,0.1,1.7,2.16,19.2,2,11,1.7,2.5,0,0,0.7,0.1,0,0,0.2,9,0,9,9,0,0,0,0,0,9,9,0,9.2,0.2,0.4,0.1,0.8,0,0.7,0.2,0,3.1,1.6,0.4,0,0.3,9.6,3,0.8,0,1.5,0,2.3,0,4.2,0,0.5,0,0,33.2,1.7,7.5,0,20.8,0,4.1,0,9,0,0,0,0,9.2,6.99,0.11
"Egypt",97.2,1.5,0.3,0.007,0,0.3,0,0,0,0,0,0,0,0.4,0,0,0.5,0,0,1,0.6,0.5,37.1,0.2,5.7,1.8055,0.0945,3.4,7.5,2,1.4,0,5.4,1.7,3.6,1.78,51.4,10.4,0,14.3,1.2,0.3,0.5,8.57,6.4,5.8,6.4,1.3,0.8,0,0,0,0,0,0,0,0,0,0,0.2,0.2,0,0,0,0,0,0,0,0,0,0.5,0,0,0,1.9,0.4,1.8,5.9,0,1.5,0.3,0,2.5,4.2,2.5,0,6.1,0,1.2,0,2.8,0,0,0,0,6.2,7,8.8,1.5,0.7,0,0.1,0,0,0.1,0,0,0.1,0,9.28,0.7
"Syria",25.3,0.2,5.3,0,9,9,0,0,0,0,0,0,0,0,0,0.1,0.9,0,9,0,0.4,9,11.2,0,95.2,1.5204,0.0796,1.5,2.6,1,3.8,0,2.1,0.7,2,0.31,2.1,4.4,0,1.7,0,0.2,1.4,0.02,5,1.4,2.4,0.2,0.4,0,9,9,9,0,0,0,9,0,0,9,0,9,0.3,0,0,0,0,9,9,0.1,0,0.3,9.2,0,0,0,0.1,0.1,0.8,2.5,9.6,2.5,0,12.8,4,9,4,0,1.6,9,10.9,0,0,0,0,1.9,2.1,0,9,2.1,0,0,0,9,0,0,0,0,0,0.2,0
"Lebanon",37.2,1,0,0.001,0,0.1,0,0,0,0,0,0,0,0,0,0.1,1.5,0,9,0,0.4,0,19.6,0,36,5.7017,0.2983,30.8,5.5,1.9,1,0,1.2,1.9,4,0,4.5,22.6,0,0.8,0.9,0.7,0,2.74,1.9,3.2,3.1,1.5,2.4,0,0,0.1,0,0,0,0,0,0,0,0,0.1,0,0.1,0,0,0,0,0,0,0.1,0,0,0,0,0.1,0,0.4,0.5,11.8,22.1,3,4.2,12.8,0,4.8,0,13.9,0,3,0,0,0,0,9,0,4.9,1.5,0.2,0,0,0,0,0,9,9,0,0,0.2,0,5.4,0
"Jordan",19.6,0.2,0,0,0,0,0,0,0,0,0,0,0,0,0,0,0.1,0,0,0,0.3,0,17.8,0,3.5,3.231,0.169,2.1,1,1,0.4,0,1.2,0.6,1.5,0.6,0.5,3.5,0,1.6,0,0.1,1.6,0.72,0,0.2,1.3,0.1,0.7,0,0,0,0,0,0,0,0,0,0,0,0,0,0,0,0,0,0,0,0,0,0,0,0,0,0,0,0,0.8,1.1,3.4,0.8,2.5,4,4.8,0,0,2.4,0,0.6,0,0.9,0,0,0,0,4.5,0.1,0.3,0,0.9,0,0,0,0,0,0,0,0,0,0.9,0.4
"Israel",132.9,5.8,0,0.01,0,0.1,0.1,0,0,0,0.1,0,0.1,0.2,0.01,0.6,1.22,0.1,0,0,1.3,0.1,31.9,1,18.1,3.326,0.174,37.4,12.5,0.3,3.1,0,0.1,0.3,0.7,0.43,0.2,1.7,0,2.3,1.5,2.4,0.1,1.27,0.1,6.4,2.2,1,0.6,0,0,0.1,0,0,0,1.1,1.6,0,0.3,0,1.9,0,0,2.6,2.2,0,0,0.2,0.1,0.4,9,0.7,4.2,0.2,9,0,0,0,5.6,2.4,0,0,9,0,0,0,0,0,0,0,0,0,0,0,0,1.5,0,0,0.7,0,0,0.3,0,0,0.1,0,0,0.1,0,0.9,0.01
"Saudi Arabia",1,48,0,9,0,0,0,0,0,0,0,0,0,0,9,0,37.95,0,0,0,0.1,7.2,17,6.1,23.6,4.8464,0.2536,42.2,6.5,64.6,0.9,0,0,0,0.9,0,0,94,0,0.1,8.8,0.4,0,0,0,0.3,18,0.3,1.5,0,9,0,0,0,0,0,0,9,9,0,0,0,0,0,0,0,0,0,0,0.6,9,2.7,0,0,0,0,0,4.8,9,7.7,1.5,6.1,4,13.9,2.4,0,0,0,0,9,0,0,0,0,0,109.6,31,6.4,0,0,0,6.1,0,9,0,0,0,17.9,0,23.21,5.51
"Yemen Arab Republic",0,9,9,9,0,9,0,9,9,9,9,0,9,9,0,0,0,9,0,9,0,9,0.2,9,0,0,0,0.6,0,0,0,0,0,9,0,9,0,1.1,0,0,0,9,9,0,0,0,0,0,0,0,0,9,9,0,0,9,0,0,9,9,9,0,0,9,9,9,0,9,0,9,9,0.1,0,9,9,0,0,0,9,0,0,0,0,0,0,0,0,0,9,9,0,0,0,0,0,1.7,0,0,0,0,0,0,9,9,0,0,0,0,9,0,0
"Kuwait",60,21.2,0,9,9,0,0,9,0,0,0,0,0,0.2,0,0,27.17,0,0,0,0,0,412.8,0,98.2,2.3757,0.1243,155.2,4.6,10.7,0.9,0,0,0,0.7,0.91,0,130.4,0,0.6,0.2,0,0,0,0,0.1,0.9,0,1.3,0,0,0,9,0,0,0,0,0,0,9,0,0,0,0,0,0,0,0,0,0,9,0,0,0,0,0,0.2,0,19.2,0.2,2.3,1.2,1.6,3,0.6,0,0,9,0,9,1.5,0,0,0,0,213,7.5,0.6,0,0,0,0.5,0,0,0,0,0,0,0,20.28,0
"Afghanistan",6,0,0,0,0,0,9,0,0,0,9,0,9,0,0,0,0,9,0,0,9,9,9.1,0,0.8,0.6652,0.0348,0.6,0.4,0,0,0,0,0,0.2,0,2,0.8,0,0,0,0,9,9,16.7,0,0.1,0,0.3,0,0,9,0,9,9,9,0,9,0,9,0,9,0,0,0,9,0,9,0,0,0,0,9,0,0,0,9,0,9.4,0,0,0,9,0,0,0,9,9,9,0,0,9,9,9,0,7.3,5,1.7,0,0,9,0,0,9,0,0,9,0,0,0,0
"China",0.4,131.6,0,0,0,0,0,0,0.2,0,0,0,0,0.6,0,0,0.2,0,0,0,4.4,2.6,46.2,0.9,10.6,7.4122,0.3878,24.1,3.6,0,0.2,0,0,0,1.2,0,0,20.4,0,0,0.1,0,0,12.42,0,4,4.1,3.7,2.4,0,0.1,3.3,0,0,0.1,0,1.9,0,0,0.4,2.2,0,0,0,0,0,0.4,0,0,0,0,0.3,0.9,0,4.5,0.7,0,0.3,0,0,4.2,2.8,10.9,0,0.9,0,0,0,1.5,0,0,0,0,0,0,12.5,3.4,7.5,20.9,11.8,0,0,1.6,0,0,0,0,0,3.5,169.69,2.78
"Mongolia",0,0,0,0,9,0,9,9,0,0,9,0,9,0,0,0,9,0,0,0,0,9,0,0,0,9,9,0,0,0,0,0,0,0,0,0,0,0,0,0,0,0,0,0.05,0,9,0,0,0,9,0,0,0,0,0,0,0,0,0,0,0,0,0,0,0,0,0,9,0,0,9,0,0,0,0,0,0,0,9,0,0,0,0,0,0,0,0,0,0,9,0,0,0,0,0,0,9,0,9,0,0,9,0,0,0,0,0,0,0,0,9
"Taiwan",177,3,0,0,0,0.1,0,0,0,0.2,0,0,0,0,0,0,0.7,0,0,0,0,0,4.5,0,0.9,0.7602,0.0398,1.8,0.5,0.1,0,0,0,0,0.4,0,0,1.4,0,0,0,0,0,0,9,0,0.6,0.1,0.1,0,9,0,0,0,0,0,0,9,9,0,0,0,0,0,0,0,0,0,0,1.6,9,0,0,0,2.2,0,0.6,0.1,18,0,0.5,0,0,0,0,0,0,0,0,9,0,0,0,0,5.7,28.7,0,0,0,0,0,1.3,0,9.4,12.1,0,0,0.6,0,3.41,0
"North Korea",9,0,0,0,0,9,0,0,0,0,0,0,0,0,9,0,0,0,9,0,0,0,0,0,0,0,0,0,0,0,0,0,0,0,0,0,0,0,0,0,0,0,0,2.25,0,0,0,0,0,0,9,0,9,0,0,0,0,9,0,9,0,0,0,0,0,0,0,0,0,0,0,0,0,0,9,0,0,0,9,0,0,0,0,9,0,0,0,0,0,9,0,0,0,0,0,0,0,0,0,0,0,0,0,9,0,0,0,0,0,0,9
"South Korea",135.3,2.5,0,0,2.3,0.2,0,0,0,0,0,0,0,0,0,0.3,0,0,0,0,0,0,4.1,0,2.7,1.2354,0.0646,1.6,2,0,0,0,0,0,0,0,0,7.9,0,0,0,0,0,0,0,0,1.2,0.1,0.6,0,0,0,0,0,0,0,0,0,0,0,0,0,0,0,0,0,0,0,0,0,0,0,0.3,0,0,0,0,0,0,0,0,0,0,0,0,0,0,0,0,0,0,0,5.7,0,0,46.6,0.5,0,0,0,0,1,0,0,0.1,0,0,7.5,0,5.87,0.1
"Japan",957,137.5,12.5,1.65,3.77,115.3,2.8,5,13.5,12.7,7,1.21,14.4,38.4,0.39,47.9,26.15,2,5.192,25.6,32.3,2.6,22.9,9.5,0.2,7.9824,0.4176,23.2,12.7,11.3,2.9,0,7.9,0.1,1.4,0.5,0.6,6.3,0,4.4,52.1,0.5,1.1,3.41,80,2.6,13.8,27.6,7.5,1.5,0,1.3,0,0,0.1,0.5,0.6,0.1,3.4,8.5,26.5,0.6,1.6,75.5,0.7,0,0.6,0.1,3.4,2.1,0.2,11.5,33.2,0.1,2.3,0.2,2.9,6.6,3.9,10.6,33.2,6.2,1.9,4.9,4.5,1.5,109.6,1.7,213,7.3,12.5,0,28.7,0,46.6,0,19.9,23.4,34.2,22.7,0,60.8,9.8,2.2,57,0,0,35.5,55.6,331.13,24.16
"India",317,3.6,16.3,0.23,0.44,2,0,0.1,0,0.5,0.5,0.11,0,1.1,0.44,3.7,0.44,0.2,0.2,2.9,5.1,0.2,26.9,11,11.3,8.2674,0.4326,12.3,6.2,3.8,1.2,0,3.8,9.1,10.1,2.08,11,32.5,9,5.5,0.5,1.1,0.4,4.33,14.2,9.1,26.9,1.7,0.7,0,0,0.2,0.1,0,0,0.6,0.2,0,0,1.8,4.9,0,0,16.3,0,0,0.2,0,3.2,1.1,0.4,5.6,0.1,0.8,2.7,0.3,0.9,4.8,54.7,5.4,1.7,7,2.1,1.5,0.1,0,31,0,7.5,5,3.4,9,0,0,0.5,19.9,0,1.2,6.4,34.3,0,3.1,2.5,9,0.7,0,0,1.2,9.6,0.32,15.13
"Pakistan",118.7,9.6,2.1,0,0.11,0.1,0,0,0,0.1,0.1,0,0,0.1,0,2.6,0,0,0,0.9,2.1,0.8,57.1,2.4,5.7,2.1856,0.1144,12.3,8.6,1.6,3.7,0,0,6.6,1.5,0.1,2.7,12.9,0,0.4,1.1,0.2,0,1.7,0.4,0.1,0.8,0.9,0.7,0,0,0.1,0.2,0,0,0.3,0,9,0,0.2,0.1,0,0,0.3,0,0,0,0,0,0.6,0.1,0,16.2,0.1,1.2,0.4,0,0.9,23.7,0.1,7.5,8.8,0,0.2,0.3,0,6.4,0,0.6,1.7,7.5,0,0,0,0,23.4,1.2,0,6.4,0.9,0,3.3,0,0,1.1,0,0,2.4,1.3,7.25,0.56
"Myanmar",7.2,1.6,9,0,0,0,9,0,0,0,0,0,0,0,0,0,0.1,0,9,0,0,9,5.9,0,4.7,0.6652,0.0348,1.5,1.5,0.2,0,0,0.3,0.7,1,0.2,0.9,1.5,0,1.4,0,0,0,0.1,4.5,0.4,0.6,0.1,2.1,0,9,0,9,0,0,0,0,0,0,0.1,0,9,0,0,0,0,0,9,0,0,0,0,4.8,0,0,0,0,0,0.3,0,0,1.5,9,0,0,0.7,0,0,0,0,20.9,9,0,0,0,34.2,6.4,6.4,0,36.8,0,0.8,0,9,0,0,0,2.1,25.4,5.6,0.5
"Sri Lanka",20.8,15.5,0,0,0,1.4,0.1,0.1,0,0,0,0,0,0.1,0.33,0.4,0.1,0,0,4.1,0.3,0.3,36.9,2.5,4.7,4.5613,0.2387,2.1,2,0.4,0.1,0,1.2,0.5,0.7,0.1,2.4,4.4,0,1,0.2,0.1,0,1.76,7.5,0.8,0.9,0.6,1,0,0,0,0,0,0,0,0,0,0,0,0,0,0,0,0,0,0,0,0,0.6,0,3.1,14.6,0,0.4,2.8,3.4,0,7.7,1.4,20.8,0.7,2.1,0,0.9,0,0,0,0,0,11.8,0,0,0,0,22.7,34.3,0.9,36.8,0,0,5.2,0,9,1.4,0,0,0.3,0.8,8.53,6.7
"Nepal",0,0,0,0,0,9,0,0,0,0,0,0,0,0,9,0,0,0,0,0,0,9,0,9,0,0,0,0,0,0,9,0,0,0,0,0,0,9,0,0,0,9,0,0,9,9,9,9,0,0,0,0,9,0,0,0,0,0,0,0,0,0,0,0,0,0,0,0,0,0,9,9,0,9,0,0,0,0,9,0,0,0,0,0,0,0,0,0,0,9,0,0,0,0,0,0,0,0,0,0,0,0,0,0,0,0,0,0,0,0,0
"Thailand",30.4,1.5,0,0,0,0.1,0.1,0,0,0,0,7.2,0,0.1,0,0,2.78,0,0,0,0.8,0,24.7,0.3,12.8,3.1359,0.1641,7.1,11.3,3.1,2.2,0,0,0.4,2.1,0.5,0.4,0.9,0,0.6,0.2,0.2,0,0,2.7,0.2,1.5,1.2,6.4,0,0,1.3,0,0,0,0,0.4,0,0,0,0.1,0,0,0,0,0,0,0,0,0,0,0,0.7,0.3,0,0,0,0.9,0.1,0,4.1,0.1,0,0,0,0.3,6.1,0,0.5,0,0,9,1.3,0,1,60.8,3.1,3.3,0.8,5.2,0,0,0,2.6,3.3,0,0,18.7,12.2,4.52,0.02
"Cambodia",10.3,0.1,9.1,0.1,0,9,0,0,0,0,9,0.1,0,0,0,0,0,0,0,0,0,0,2,0,0.9,0.8553,0.0447,9.5,0.3,0,0,0,0,0.7,0.1,0,2.2,0.7,0,0.3,0,9,0,0,1.1,0,0.2,0,0.2,0,9,5.7,0.2,0,0,0.3,0,0,0,9,0,9,0.8,0,9,0,0,9,0,0,0,9,9.1,0,0,0,0,0,0.1,0,0,0,0,0,0,0,0,9,0,0,1.6,0,0,0,0,9.8,2.5,0,0,0,0,0,0,0,1.7,0,0,0.2,0.2,0.4,0
"Laos",2.5,0,0,0,9,9,0,0,0,0,9,9,9,0,0,0,9,9,9,0,0,0,0.7,9,9.2,0.3801,0.0199,1.3,0.1,9,9,0,9,9,9,0,9,0,9,0,0,9,9,0,9,9,9,0,0.3,0,0,0,0,9,0,0,0,0,0,0,0,0,0,0,9,9,0,9,0,0,9,0,9,9,9,9,0,0,0,0,9,0,9,9,0,0,9,9,0,9,0,0,9.4,9,0,2.2,9,0,9,9,0,2.6,0,0,0.2,0,9,0,11.7,0.2,9
"Vietnam",63.3,0.6,0.4,0,0,0.1,0,9,9,9,9,9,0,0,0,0,0.9,0,0,9,0,9,2.1,0,0.2,0,0,12.3,0.9,0.4,0.4,0,0,0,0.4,0,9,6.5,0,0,0.9,0,0,0,9,0.4,0.6,1,0.3,0,9,1.4,0,0,0,0.4,0,9,0,0,9.1,0,0,9,0,0,9,0,0.3,9,0,9,0.2,0,0.1,1.5,9,0,0.3,0,0,0.1,0,9,0,0.1,0,0,0,0,0,0,12.1,0,0.1,57,0.7,1.1,0,1.4,0,3.3,1.7,0.2,0,0,0,0,10.9,1.3,0
"Republic of Vietnam",0,0,0,0,0,0,0,0,0,0,0,0,0,0,0,0,0,0,0,0,0,0,0,0,0,0,0,0,0,0,0,0,0,0,0,0,0,0,0,0,0,0,0,0,0,0,0,0,0,0,0,0,0,0,0,0,0,0,0,0,0,0,0,0,0,0,0,0,0,0,0,0,0,0,0,0,0,0,0,0,0,0,0,0,0,0,0,0,0,0,0,0,0,0,0,0,0,0,0,0,0,0,0,0,0,0,0,0,0,0,0
"Malaysia",0,0,0,0,0,0,0,0,0,0,0,0,0,0,0,0,0,0,0,0,0,0,0,0,0,0,0,0,0,0,0,0,0,0,0,0,0,0,0,0,0,0,0,0,0,0,0,0,0,0,9,0,9,0,0,0,0,9,9,0,0,0,0,0,0,0,9,0,0,0,9,0,0,0,0,0,0,0,9,0,0,0,0,0,0,0,0,0,0,9,0,0,0,0,0,0,0,0,0,0,0,0,0,9,0,0,0,0,49.6,0,0
"Philippines",21.7,10.3,0,0,0,0.5,0,0,0,0,0,0.33,0.6,1.1,0,0,0.4,0,0,0,1.2,0.3,15.3,0.1,10.7,0.5702,0.0298,4.8,3.2,1.3,0.7,0,0,0,3,0,0,0.3,0,0.1,0,0,9,0,0,1.5,9.7,0.5,1.8,0,0,0,0,0,0,0,0,0,0,0,0,0,0,0,0,0,0,0,0,0,0,0,12,0,0.2,0,0,0,0.1,0,0,0.1,0,0.2,0,0.1,17.9,0,0,0,0,0,0.6,0,7.5,35.5,1.2,2.4,2.1,0.3,0,18.7,0.2,0,0,0,0,0,21.3,7.71,2.58
"Indonesia",40.8,2.5,0,0.01,0.11,11.1,0.2,0,0,0,0,0,0,3.8,0,0.2,7.4,0,0,0,0,0.1,33.4,0.7,34.3,1.9005,0.0994,7,2,0.9,0.1,0,0,0,1.6,0,0,9.3,0,0.6,0.3,0,0,0.42,20.1,1.6,0.6,1.4,7,0,0,0,9,0,0,0,0,0,0,0,0,0,0,0,0,0,9,0,0,0,0,0,0,0,0.2,0,0,0,0.1,0,9.2,0,0,0,0,0,0,9,0,0,3.5,0,0,0,0,55.6,9.6,1.3,25.4,0.8,0,12.2,0.2,11.7,10.9,0,49.6,21.3,0,53.01,3.2
"Australia",261.35,45.96,0,0.01,0,4.49,0,0,0,0,0,0.3,0.38,5.19,0,1.13,1.32,0,0,0.46,1.6,0.1,221.13,12.88,34.73,34.7517,1.8183,104.02,28.48,0.24,0.07,0,0.38,20.71,2.84,0.33,6.51,94.81,1,11.28,1.61,0.9,0.6,0.6,15.16,9.88,33.77,4.59,5.47,0,0,0,0,0,0,0.22,0,0,0,0.1,5.72,0,0,0.28,0,0,0,0,0,2.5,0,0.4,1.97,0,0.2,0.4,0.2,0.34,51.43,8.13,6.99,9.28,0.2,5.4,0.9,0.9,23.21,0,20.28,0,169.69,0,3.41,0,5.87,331.13,0.32,7.25,5.6,8.53,0,4.52,0.4,0.2,1.3,0,0,7.71,53.01,0,108.68
"New Zealand",56.62,22.8,0,0.01,3.08,0.37,0,0,0,0,0,0.88,0,4.33,0,1.72,0.33,0,0,0.12,0.1,0.1,52.93,1.68,7.18,17.6277,0.9223,53.8,7.09,0.05,1.13,0,0.55,2.7,0.95,0.11,2.33,13.46,9,0.09,1.7,0.17,0,0,5.29,0.15,4.22,1.32,0.42,0,0,0,0,0,0,0,0,0,0,0.1,1.05,0,0,0.1,0,0,0,0,0,0.9,0,0.11,4.57,0,0,0,0,0.11,5.06,0.11,0.11,0.7,0,0,0.4,0.01,5.51,0,0,0,2.78,9,0,9,0.1,24.16,15.13,0.56,0.5,6.7,0,0.02,0,9,0,0,0,2.58,3.2,108.68,0
