"","United States of America","Haiti","Dominican Republic","Mexico","Guatemala","Honduras","El Salvador","Colombia","Venezuela","Ecuador","Peru","Brazil","Bolivia","Paraguay","Chile","Argentina","Uruguay","United Kingdom","Netherlands","Belgium","France","Switzerland","Spain","Portugal","Germany","Austria-Hungary","Italy","Yugoslavia","Greece","Romania","Russia","Sweden","Denmark","Ethiopia","Morocco","Iran","Turkey","China","Korea","Japan","Thailand"
"United States of America",0,1.63,12.12,8.98,1.01,0.08,0.46,2.08,3.65,0.17,0.44,45.64,9.03,0.0098,0.02,9.48,0.04,460.22,14.4497,42.3,14.23,14.56,19.01,1.16,71.55,6.1,0.2,9.2,0.73,0.3215,3.94,11.6,20.09,0,0,0,2,4.12,0.1396,11.5,0
"Haiti",1.63,0,0,0,0,0,0,0,0,0,0,0,0,0,0,0,0,0.73,0,0,0,0,0,0,0,0,0,0,0,0,0,0,0,0,0,0,0,0,0,0,0
"Dominican Republic",12.12,0,0,0,0,0,0,0,0,0,0,0,0,0,0,0,0,0,0,0,0,0,0,0,0,0,0,0,0,0,0,0,0,0,0,0,0,0,0,0,0
"Mexico",8.98,0,0,0,0,0,0,0,0,0,0,0,0,0,0,0,0,2.27,0,0,0.06,0,0.9,0,0.73,0,0,0,0,0,0,0,0,0,0,0,0,0,0,0,0
"Guatemala",1.01,0,0,0,0,0,0,0,0,0,0,0,0,0,0,0,0,0,0,0,0,0,0,0,0,0,0,0,0,0,0,0,0,0,0,0,0,0,0,0,0
"Honduras",0.08,0,0,0,0,0,0,0,0,0,0,0,0,0,0,0,0,0,0,0,0,0,0,0,0,0,0,0,0,0,0,0,0,0,0,0,0,0,0,0,0
"El Salvador",0.46,0,0,0,0,0,0,0,0,0,0,0,0,0,0,0,0,0,0,0,0,0,0,0,0,0,0,0,0,0,0,0,0,0,0,0,0,0,0,0,0
"Colombia",2.08,0,0,0,0,0,0,0,0,0,0,0,0,0,0,0,0,0.46,0,0,0,0,0,0,0,0,0,0,0,0,0,0,0,0,0,0,0,0,0,0,0
"Venezuela",3.65,0,0,0,0,0,0,0,0,0,0,0,0,0,0,0,0,2.15,0,0,0,0,0,0,0,0,0,0,0,0,0,0,0,0,0,0,0,0,0,0,0
"Ecuador",0.17,0,0,0,0,0,0,0,0,0,0.13,0,0,0,0,0,0,1.1,0,0,0,0,0,0,0,0,0,0,0,0,0,0,0,0,0,0,0,0,0,0,0
"Peru",0.44,0,0,0,0,0,0,0,0,0.13,0,0,0.28,0,1.14,0,0,2.64,0,0.1,0.47,0,9.07,0,0.05,0,0.35,0,0,0,0,0,0,0,0,0,0,0,0,0,0
"Brazil",45.64,0,0,0,0,0,0,0,0,0,0,0,0,0,0.58,2.11,0,6.89,0,7.74,19.88,0,0.18,0,0,2.87,0.62,0,0,0,0,0,0,0,0,0,0,0,0,0,0
"Bolivia",9.03,0,0,0,0,0,0,0,0,0,0.28,0,0,0,0,0,0,0,0,0,0,0,0,0,0,0,0,0,0,0,0,0,0,0,0,0,0,0,0,0,0
"Paraguay",0.0098,0,0,0,0,0,0,0,0,0,0,0,0,0,0,0,0,0,0,0,0,0,0,0,0,0,0,0,0,0,0,0,0,0,0,0,0,0,0,0,0
"Chile",0.02,0,0,0,0,0,0,0,0,0,1.14,0.58,0,0,0,0.68,0.19,4.32,0,2.58,1.38,0,0,0,3.19,0,0.24,0,0,0,0,0,0,0,0,0,0,0,0,0,0
"Argentina",9.48,0,0,0,0,0,0,0,0,0,0,2.11,0,0,0.68,0,0,11.54,0,19.09,37.95,0,2.27,0,15.52,0,8.23,0,0,0,0,0,0,0,0,0,0,0,0,0,0
"Uruguay",0.04,0,0,0,0,0,0,0,0,0,0,0,0,0,0.19,0,0,5.03,0,0,0,0,0.71,0,0,0,0,0,0,0,0,0,0,0,0,0,0,0,0,0,0
"United Kingdom",460.22,0.73,0,2.27,0,0,0,0.46,2.15,1.1,2.64,6.89,0,0,4.32,11.54,5.03,0,36.77,51.3,153.85,20.92,23.95,5.16,36.08,8.72,35.11,10.09,1.47,1.43,25.56,57.42,33.7,0,1.36,0.98,1.56,19.13,0,28.31,0.84
"Netherlands",14.4497,0,0,0,0,0,0,0,0,0,0,0,0,0,0,0,0,36.77,0,49.9,8.82,10.08,0,0,73.26,1.05,12.1,0,0,9.83,78.11,0,2.66,0,0,0,0.72,0,0,0.48,0
"Belgium",42.3,0,0,0,0,0,0,0,0,0,0.1,7.74,0,0,2.58,19.09,0,51.3,49.9,0,14.16,4.51,1.5,0,3.49,2.63,1.5,0.0243,0,4.66,15.91,20.73,1.89,0,0,0,2.47,0,0,4.14,0
"France",14.23,0,0,0.06,0,0,0,0,0,0,0.47,19.88,0,0,1.38,37.95,0,153.85,8.82,14.16,0,22.53,17.64,0,5.94,0.45,1.88,0.1,0,3.16,16.8,0,2.54,0,0,0,7.77,0,0,19.09,0
"Switzerland",14.56,0,0,0,0,0,0,0,0,0,0,0,0,0,0,0,0,20.92,10.08,4.51,22.53,0,0,0,24.89,9.03,27.89,0.12,0,0.698,4.87,0,0,0,0,0,0,0,0,1.27,0
"Spain",19.01,0,0,0.9,0,0,0,0,0,0,9.07,0.18,0,0,0,2.27,0.71,23.95,0,1.5,17.64,0,0,0.58,3.79,0,0.73,0,0,0,8.5,13.05,0,0,0,0,9.0001,0,0,0,0
"Portugal",1.16,0,0,0,0,0,0,0,0,0,0,0,0,0,0,0,0,5.16,0,0,0,0,0.58,0,0.68,0,0,0,0,0,0,0,0,0,0,0,0,0,0,0,0
"Germany",71.55,0,0,0.73,0,0,0,0,0,0,0.05,0,0,0,3.19,15.52,0,36.08,73.26,3.49,5.94,24.89,3.79,0.68,0,109.56,11.81,0.22,0,15.56,51.52,39.06,19.55,0,0,0,0.16,0,0,11.24,0
"Austria-Hungary",6.1,0,0,0,0,0,0,0,0,0,0,2.87,0,0,0,0,0,8.72,1.05,2.63,0.45,9.03,0,0,109.56,0,16.17,1.6,0.19,15.41,6.6,0,0,0,0,0,2.36,0,0,0.47,0
"Italy",0.2,0,0,0,0,0,0,0,0,0,0.35,0.62,0,0,0.24,8.23,0,35.11,12.1,1.5,1.88,27.89,0.73,0,11.81,16.17,0,0.1575,0,0.99,14.48,0,0,0,0,0,1.47,0,0,2.72,0
"Yugoslavia",9.2,0,0,0,0,0,0,0,0,0,0,0,0,0,0,0,0,10.09,0,0.0243,0.1,0.12,0,0,0.22,1.6,0.1575,0,9.12,0.05,9.12,0,0,0,0,0,0.06,0,0,0,0
"Greece",0.73,0,0,0,0,0,0,0,0,0,0,0,0,0,0,0,0,1.47,0,0,0,0,0,0,0,0.19,0,9.12,0,0,0,0,0,0,0,0,0.27,0,0,0,0
"Romania",0.3215,0,0,0,0,0,0,0,0,0,0,0,0,0,0,0,0,1.43,9.83,4.66,3.16,0.698,0,0,15.56,15.41,0.99,0.05,0,0,0.27,0,0,0,0,0,0.05,0,0,0,0
"Russia",3.94,0,0,0,0,0,0,0,0,0,0,0,0,0,0,0,0,25.56,78.11,15.91,16.8,4.87,8.5,0,51.52,6.6,14.48,9.12,0,0.27,0,0,5.37,0,0,0,3.77,10.76,0,0.47,0
"Sweden",11.6,0,0,0,0,0,0,0,0,0,0,0,0,0,0,0,0,57.42,0,20.73,0,0,13.05,0,39.06,0,0,0,0,0,0,0,24.41,0,0,0,0.07,0,0,0,0
"Denmark",20.09,0,0,0,0,0,0,0,0,0,0,0,0,0,0,0,0,33.7,2.66,1.89,2.54,0,0,0,19.55,0,0,0,0,0,5.37,24.41,0,0,0,0,0.0002,0,0,0,0
"Ethiopia",0,0,0,0,0,0,0,0,0,0,0,0,0,0,0,0,0,0,0,0,0,0,0,0,0,0,0,0,0,0,0,0,0,0,0,0,0,0,0,0,0
"Morocco",0,0,0,0,0,0,0,0,0,0,0,0,0,0,0,0,0,1.36,0,0,0,0,0,0,0,0,0,0,0,0,0,0,0,0,0,0,0,0,0,0,0
"Iran",0,0,0,0,0,0,0,0,0,0,0,0,0,0,0,0,0,0.98,0,0,0,0,0,0,0,0,0,0,0,0,0,0,0,0,0,0,2.67,0,0,0,0
"Turkey",2,0,0,0,0,0,0,0,0,0,0,0,0,0,0,0,0,1.56,0.72,2.47,7.77,0,9.0001,0,0.16,2.36,1.47,0.06,0.27,0.05,3.77,0.07,0.0002,0,0,2.67,0,0,0,9.14,0
"China",4.12,0,0,0,0,0,0,0,0,0,0,0,0,0,0,0,0,19.13,0,0,0,0,0,0,0,0,0,0,0,0,10.76,0,0,0,0,0,0,0,0,2.37,0
"Korea",0.1396,0,0,0,0,0,0,0,0,0,0,0,0,0,0,0,0,0,0,0,0,0,0,0,0,0,0,0,0,0,0,0,0,0,0,0,0,0,0,1.64,0
"Japan",11.5,0,0,0,0,0,0,0,0,0,0,0,0,0,0,0,0,28.31,0.48,4.14,19.09,1.27,0,0,11.24,0.47,2.72,0,0,0,0.47,0,0,0,0,0,9.14,2.37,1.64,0,0.59
"Thailand",0,0,0,0,0,0,0,0,0,0,0,0,0,0,0,0,0,0.84,0,0,0,0,0,0,0,0,0,0,0,0,0,0,0,0,0,0,0,0,0,0.59,0
