"","United States of America","Haiti","Dominican Republic","Mexico","Guatemala","El Salvador","Colombia","Venezuela","Ecuador","Peru","Brazil","Bolivia","Paraguay","Chile","Argentina","Uruguay","United Kingdom","Netherlands","Belgium","France","Switzerland","Spain","Portugal","Germany","Austria-Hungary","Italy","Yugoslavia","Greece","Romania","Russia","Sweden","Denmark","Morocco","Iran","Turkey","China","Korea","Japan","Thailand"
"United States of America",0,2.73,11.89,2,1.07,0.44,1.59,5.81,0.08,0.28,56.81,9.02,0,1.27,3.34,1.76,348.8,53.6,13.3,19.22,14.05,9.98,0.9,3.65,5.21,0.85,9.27,0.15,0.02,29.8,0.83,6.22,0,0,2.56,15.1,0,12.26,0
"Haiti",2.73,0,0,0,0,0,0,0,0,0,0,0,0,0,0,0,0.95,0,0,0,0,0,0,0,0,0,0,0,0,0,0,0,0,0,0,0,0,0,0
"Dominican Republic",11.89,0,0,0,0,0,0,0,0,0,0,0,0,0,0,0,0,0,0,0,0,0,0,0,0,0,0,0,0,0,0,0,0,0,0,0,0,0,0
"Mexico",2,0,0,0,0,0,0,0,0,0,0,0,0,0,0,0,4.52,0,0,1.62,0,0.41,0,0.21,0,0,0,0,0,0,0,0,0,0,0,0,0,0,0
"Guatemala",1.07,0,0,0,0,0,0,0,0,0,0,0,0,0,0,0,0,0,0,0,0,0,0,0,0,0,0,0,0,0,0,0,0,0,0,0,0,0,0
"El Salvador",0.44,0,0,0,0,0,0,0,0,0,0,0,0,0,0,0,0,0,0,0,0,0,0,0,0,0,0,0,0,0,0,0,0,0,0,0,0,0,0
"Colombia",1.59,0,0,0,0,0,0,0,0,0,0,0,0,0,0,0,3.79,0,0,0,0,0,0,0,0,0,0,0,0,0,0,0,0,0,0,0,0,0,0
"Venezuela",5.81,0,0,0,0,0,0,0,0,0,0,0,0,0,0,0,3.57,0,0,0,0,0,0,0,0,0,0,0,0,0,0,0,0,0,0,0,0,0,0
"Ecuador",0.08,0,0,0,0,0,0,0,0,0,0,0,0,0,0,0,1.06,0,0,0,0,0,0,0,0,0,0,0,0,0,0,0,0,0,0,0,0,0,0
"Peru",0.28,0,0,0,0,0,0,0,0,0,0,0,0,1.07,0,0,1.88,0,1.07,0,0,0,0,0,0,0,0,0,0,0,0,0,0,0,0,0,0,0,0
"Brazil",56.81,0,0,0,0,0,0,0,0,0,0,0,0,0.01,3.15,6.01,12.73,0,0.78,22.32,0,0,0,0,5,9.87,0,0,0,0,0,0,0,0,0,0,0,0,0
"Bolivia",9.02,0,0,0,0,0,0,0,0,0,0,0,0,0,0,0,0,0,0,0,0,0,0,0,0,0,0,0,0,0,0,0,0,0,0,0,0,0,0
"Paraguay",0,0,0,0,0,0,0,0,0,0,0,0,0,0,0,0,0,0,0,0,0,0,0,0,0,0,0,0,0,0,0,0,0,0,0,0,0,0,0
"Chile",1.27,0,0,0,0,0,0,0,0,1.07,0.01,0,0,0,1.43,0,5.14,0,6.73,0.04,0,0,0,3.68,0,0.23,0,0,0,0,0,0,0,0,0,0,0,0,0
"Argentina",3.34,0,0,0,0,0,0,0,0,0,3.15,0,0,1.43,0,1.42,11.48,0,10.69,33.07,0,0,0,0.38,0,2.84,0,0,0,0,0,0,0,0,0,0,0,0,0
"Uruguay",1.76,0,0,0,0,0,0,0,0,0,6.01,0,0,0,1.42,0,5.45,0,3.8,2.64,0,1.33,0,0.29,0,1.87,0,0,0,0,0,0,0,0,0,0,0,0,0
"United Kingdom",348.8,0.95,0,4.52,0,0,3.79,3.57,1.06,1.88,12.73,0,0,5.14,11.48,5.45,0,40.18,55.64,175.38,18.43,28.77,5.27,18.53,1.34,24.71,9.79,0.39,9.35,54.48,19.34,37.93,1.32,0.62,12.1,18.26,0,42,0.13
"Netherlands",53.6,0,0,0,0,0,0,0,0,0,0,0,0,0,0,0,40.18,0,35.93,0.08,0.24,0,0,73.34,0.11,11.48,0,0.44,0,86.65,3.12,2.27,0,0,0.88,0,0,0.13,0
"Belgium",13.3,0,0,0,0,0,0,0,0,1.07,0.78,0,0,6.73,10.69,3.8,55.64,35.93,0,5.18,3.54,3.45,0,0.16,0.97,1.12,9.03,1.06,23.17,11.26,6.76,1.54,9.46,0,1.16,0,0,2.42,0
"France",19.22,0,0,1.62,0,0,0,0,0,0,22.32,0,0,0.04,33.07,2.64,175.38,0.08,5.18,0,18.65,13.77,0,4.3,0.98,0.49,0.03,0.39,0,23.13,6.09,1.6,0.87,0,11,0,0,9.2,0
"Switzerland",14.05,0,0,0,0,0,0,0,0,0,0,0,0,0,0,0,18.43,0.24,3.54,18.65,0,0,0,24.39,9.42,18.62,0.1057,0,0,7.88,0,0,0,0,0,0,0,1.55,0
"Spain",9.98,0,0,0.41,0,0,0,0,0,0,0,0,0,0,0,1.33,28.77,0,3.45,13.77,0,0,0.09,8.4824,0,2.46,0,0,0,7.56,4.06,0,0.93,0,9.9,0,0,0,0
"Portugal",0.9,0,0,0,0,0,0,0,0,0,0,0,0,0,0,0,5.27,0,0,0,0,0.09,0,0.43,0,0,0,0,0,0,0,0,0,0,0,0,0,0,0
"Germany",3.65,0,0,0.21,0,0,0,0,0,0,0,0,0,3.68,0.38,0.29,18.53,73.34,0.16,4.3,24.39,8.4824,0.43,0,85.62,6.8,0.2,1.33,0,53.85,10.24,19.81,0.07,0,0.27,0,0,11.52,0
"Austria-Hungary",5.21,0,0,0,0,0,0,0,0,0,5,0,0,0,0,0,1.34,0.11,0.97,0.98,9.42,0,0,85.62,0,14.33,0.67,0.46,3.11,2.83,0,0,0,0,15.25,0,0,0.24,0
"Italy",0.85,0,0,0,0,0,0,0,0,0,9.87,0,0,0.23,2.84,1.87,24.71,11.48,1.12,0.49,18.62,2.46,0,6.8,14.33,0,7.39,0.2,4.34,15.76,0,0,0,0,4.42,0,0,2.02,0
"Yugoslavia",9.27,0,0,0,0,0,0,0,0,0,0,0,0,0,0,0,9.79,0,9.03,0.03,0.1057,0,0,0.2,0.67,7.39,0,9.01,0.04,9.07,0,0,0,0,0.08,0,0,0,0
"Greece",0.15,0,0,0,0,0,0,0,0,0,0,0,0,0,0,0,0.39,0.44,1.06,0.39,0,0,0,1.33,0.46,0.2,9.01,0,0,3.19,0,0,0,0,1.17,0,0,0,0
"Romania",0.02,0,0,0,0,0,0,0,0,0,0,0,0,0,0,0,9.35,0,23.17,0,0,0,0,0,3.11,4.34,0.04,0,0,3.15,0,0,0,0,2,0,0,0,0
"Russia",29.8,0,0,0,0,0,0,0,0,0,0,0,0,0,0,0,54.48,86.65,11.26,23.13,7.88,7.56,0,53.85,2.83,15.76,9.07,3.19,3.15,0,2.73,7.57,0,0,4.79,16.35,0,0.4,0
"Sweden",0.83,0,0,0,0,0,0,0,0,0,0,0,0,0,0,0,19.34,3.12,6.76,6.09,0,4.06,0,10.24,0,0,0,0,0,2.73,0,2.44,0,0,9.22,0,0,0,0
"Denmark",6.22,0,0,0,0,0,0,0,0,0,0,0,0,0,0,0,37.93,2.27,1.54,1.6,0,0,0,19.81,0,0,0,0,0,7.57,2.44,0,0,0,0.0061,0,0,0,0
"Morocco",0,0,0,0,0,0,0,0,0,0,0,0,0,0,0,0,1.32,0,9.46,0.87,0,0.93,0,0.07,0,0,0,0,0,0,0,0,0,0,0,0,0,0,0
"Iran",0,0,0,0,0,0,0,0,0,0,0,0,0,0,0,0,0.62,0,0,0,0,0,0,0,0,0,0,0,0,0,0,0,0,0,2.45,0,0,0,0
"Turkey",2.56,0,0,0,0,0,0,0,0,0,0,0,0,0,0,0,12.1,0.88,1.16,11,0,9.9,0,0.27,15.25,4.42,0.08,1.17,2,4.79,9.22,0.0061,0,2.45,0,0,0,9.11,0
"China",15.1,0,0,0,0,0,0,0,0,0,0,0,0,0,0,0,18.26,0,0,0,0,0,0,0,0,0,0,0,0,16.35,0,0,0,0,0,0,0,6.1,0
"Korea",0,0,0,0,0,0,0,0,0,0,0,0,0,0,0,0,0,0,0,0,0,0,0,0,0,0,0,0,0,0,0,0,0,0,0,0,0,1.42,0
"Japan",12.26,0,0,0,0,0,0,0,0,0,0,0,0,0,0,0,42,0.13,2.42,9.2,1.55,0,0,11.52,0.24,2.02,0,0,0,0.4,0,0,0,0,9.11,6.1,1.42,0,0
"Thailand",0,0,0,0,0,0,0,0,0,0,0,0,0,0,0,0,0.13,0,0,0,0,0,0,0,0,0,0,0,0,0,0,0,0,0,0,0,0,0,0
