"","United States of America","Canada","Bahamas","Cuba","Haiti","Dominican Republic","Jamaica","Trinidad and Tobago","Barbados","Dominica","Grenada","St. Lucia","St. Vincent and the Grenadines","Antigua & Barbuda","St. Kitts and Nevis","Mexico","Belize","Guatemala","Honduras","El Salvador","Nicaragua","Costa Rica","Panama","Colombia","Venezuela","Guyana","Suriname","Ecuador","Peru","Brazil","Bolivia","Paraguay","Chile","Argentina","Uruguay","United Kingdom","Ireland","Netherlands","Belgium","Luxembourg","France","Monaco","Liechtenstein","Switzerland","Spain","Andorra","Portugal","Germany","Poland","Austria","Hungary","Czech Republic","Slovakia","Italy","San Marino","Malta","Albania","Macedonia","Croatia","Yugoslavia","Bosnia and Herzegovina","Slovenia","Greece","Cyprus","Bulgaria","Moldova","Romania","Russia","Estonia","Latvia","Lithuania","Ukraine","Belarus","Armenia","Georgia","Azerbaijan","Finland","Sweden","Norway","Denmark","Iceland","Cape Verde","Sao Tome and Principe","Guinea-Bissau","Equatorial Guinea","Gambia","Mali","Senegal","Benin","Mauritania","Niger","Ivory Coast","Guinea","Burkina Faso","Liberia","Sierra Leone","Ghana","Togo","Cameroon","Nigeria","Gabon","Central African Republic","Chad","Congo","Democratic Republic of the Congo","Uganda","Kenya","Tanzania","Burundi","Rwanda","Somalia","Djibouti","Ethiopia","Eritrea","Angola","Mozambique","Zambia","Zimbabwe","Malawi","South Africa","Namibia","Lesotho","Botswana","Swaziland","Madagascar","Comoros","Mauritius","Seychelles","Morocco","Algeria","Tunisia","Libya","Sudan","Iran","Turkey","Iraq","Egypt","Syria","Lebanon","Jordan","Israel","Saudi Arabia","Yemen","Kuwait","Bahrain","Qatar","United Arab Emirates","Oman","Afghanistan","Turkmenistan","Tajikistan","Kyrgyzstan","Uzbekistan","Kazakhstan","China","Mongolia","Taiwan","North Korea","South Korea","Japan","India","Bhutan","Pakistan","Bangladesh","Myanmar","Sri Lanka","Maldives","Nepal","Thailand","Cambodia","Laos","Vietnam","Malaysia","Singapore","Brunei","Philippines","Indonesia","Australia","Papua New Guinea","New Zealand","Vanuatu","Solomon Islands","Fiji","Marshall Islands","Palau","Federated States of Micronesia","Samoa"
"United States of America",0,22364.9,534.25,4.84,169.35,2107.325,383.24,634.7729,212.2644,27.0708,33.79,91.3102,41.0471,53.5,40.96,12353.703,83.755,217.1872,548.5,617.2361,32.7,433.8728,590.311,430.8359,5284.9226,2.07,152.2326,986.5588,830.9466,1822.5972,36.2073,192.8871,565.3999,3093.8218,45.829,1308.617,1717.7959,4472.647,41.063,2.8676,2063.848,0,0,2106,2916.5913,0,27.0336,5237.906,138.334,616.4879,50.8,225.1268,66.0096,7663.39,0,27.3919,6.0551,38.472,49.238,0,38.3,82.405,232.8221,293.4735,118.41,15.9,253.7,1365.8721,9.4445,30.2015,29.3081,191.1147,9.245,95.1966,3.686,9.6708,159.9759,819.7954,489.9838,470.4019,133.9148,0,14.09,1.1,1.79,4.1574,16.51,30.924,4.3722,10.89,4.9757,76.5619,64.43,20.6874,47.23,28.28,68.34,8.94,3.3095,4145.6798,1154.2716,2.1562,6.03,395.1271,154.24,5.62,39.7621,37.39,0.5582,36.68,33,7.48,90.9743,8.4,1985.65,45.7,52.8544,6.8349,41.91,41.5999,12.6,63,8.9,35.8,39.6625,6.09,189.7256,4.9523,407.4871,292.532,373.8877,0,23.25,346.2,733.892,0.88,1023.4041,242.9377,461.21,301.3942,1077.1001,3324.854,10.6369,623.9204,242.4188,133.6648,1343.9,233.1204,0.25,149.34,29.7842,26.91,95.55,43.9,27385.705,17.4,10864.4,0.22,1225.5,59402.543,3231.3589,0.2,215.9486,946.5088,60.39,887.9,12.477,120.75,4349.0307,7.04,8.1,10.275,4518.7562,26.387,265.82,1863.0142,3432.3511,8695.554,46.18,745.6352,2.7,0.31,19.235,0,0,0,9.0534
"Canada",22364.9,0,23.3673,93.4555,3.829,17.5683,108.0629,53.5499,23.3501,0.8388,2.6183,11.427,2.7439,4.3195,1.818,1678.0769,8.1649,29.2342,17.7478,19.2314,5.9293,78.6824,17.7017,232.3294,103.9537,158.9437,1.9522,47.7911,12.3779,149.0894,0.0887,22.7587,75.254,116.014,2.9216,1126.8579,227.4923,65.3483,213.6687,14.9213,484.2203,0,0,402.9282,100.1585,0,72.6206,827.8337,13.5462,43.3499,3.6157,22.4851,4.4389,674.5498,0,20.5884,0.0404,1.327,14.236,0,0,7.207,7.6343,22.9793,24.9496,1.1124,9.4486,86.7094,4.0575,1.3431,1.9034,0.3494,1.6653,0.2387,0.0752,0.0162,104.5699,588.5848,691.8136,106.834,21.6576,0,2.7437,0.0032,0,0.0353,0.1178,7.4533,3.0373,3.7084,4.4425,21.9491,14.5881,1.4033,0.6453,5.8754,9.4346,24.7948,3.493,497.0141,5.7372,0.1794,0.0129,0.3796,12.5111,3.1426,5.1717,3.3176,0.6796,3.0098,7.5576,0.3236,18.7882,0,2.0107,13.7737,3.692,15.8758,1.6521,81.2753,29.4949,3.0458,1.7584,4.4114,7.3365,0.4668,6.8995,0.0458,22.6946,179.1411,33.6491,43.4949,5.427,224.8628,40.6688,0.0113,30.597,16.8013,21.0438,15.0061,8.0988,42.268,6.0233,46.5734,7.5842,4.0261,85.8133,9.3665,0.1333,0.4528,1.0774,2.6561,0.4589,9.7874,1270.3053,2.1,1400.0349,0.1758,9.5155,158.8116,123.2896,0.0159,90.9959,39.2169,13.0071,40.5454,0.1687,2.0344,333.6659,4.3272,0.7552,1.102,739.9446,514.5008,4.5539,224.2055,77.0183,50.3326,0.0596,83.2685,0.075,0.1575,21.1773,0,0,0,0.1111
"Bahamas",534.25,23.3673,0,0.0745,0.289,0.0044,0.9206,4.6788,0.7886,0.0395,0.0093,0.0159,0,0.0315,0.0138,67.4179,0,0,0,0,0,0.5635,0.2395,19.5748,0.0265,0.0454,3.3285,0,0.4895,15.3593,0.0366,0.009,0.2,15.5428,0.2442,2.0736,2.2686,2.8783,4.4212,0.3088,6.5615,0,0,9.6501,1.6741,0,0.3105,12.6301,64.4495,0.4991,0,0,0.0102,309.7216,0,0.0134,9,0,0.2517,0,0,0.007,30.303,0.0185,0,0,7.92,81.89,0.4434,1.9723,0,0,0,0,9,0,15.4217,15.0493,30.2431,152.2865,0.2573,0,0,9,0,0.0008,9,0,0.0142,0,9,0.9693,0,0,0,0.0018,0.0622,9.0093,0,0,0,0,0,6.0507,0,0,0,0,0,0,0,0,9,0,1.083,0,0,0.0965,0,0.9089,0,0,0,0,0.0135,0,0,0,0.029,0.2414,0.0376,0,0,0,2.8108,0,0,0,10.2943,0,0.18,3.0765,0,0,0,9,0,9,0,0,9,0,0,0,4.0018,0,0.2493,0.0355,4.44,589.9787,0.7836,0,0.1628,0.0465,0,0,9,0,0.4788,0,0,0,0.0607,68.5333,0,0.809,0.062,1.9327,9,0.0521,9,0,0,0,0,0,0
"Cuba",4.84,93.4555,0.0745,0,0,0,0.0058,7.3982,0.0164,0.1211,0.0109,0,0.0426,0,9,178.2286,0.0198,0,0,1.2197,0.41,6.2347,1.8748,25.2612,94.8037,6.2013,0,0,0.4884,32.5479,0.1677,0.0055,7.72,5.4213,5.387,30.2018,3.871,43.0809,25.7423,1.7977,104.7201,0,0,0.846,241.883,0,46.3161,14.7412,1.5984,0.7175,1.77,0.8526,1.8461,18.4891,0,0.2214,0,0,3.0543,0,0,4.4031,0.0988,0.3107,32.7855,0,7.21,28.03,0.2028,15.4451,0.7084,0,0.4974,0,9,0,17.8726,8.0845,0.9224,5.0247,0,0,0,1.2197,0,0.0125,0,0.0002,9.024,0.0088,0,0.071,9,9,0,9,0.4802,0.0016,0,0.3686,0.0017,0,0,0,9,0,0,0,0,9,0,0,0.0013,0,9,0,0,0.4224,0,14.0399,0,0,0,0,0.4774,9,0,0,0.4492,30.586,1.1929,30.5436,0,0,14.7648,0,82.53,12.3989,0,0.1533,0,0,0,0.0487,0.3676,9.1,1,0.0367,0,0,0,11.61,0,9.3,41.1637,0,1.022,0,0,38.2846,1.6821,0,0,9,9,0,0,0,0.0264,9,0,33.399,6.1358,0,9,0.5043,15.2372,3.1564,9,8.649,0,0,0,0,0,0,0
"Haiti",169.35,3.829,0.289,0,0,9.1568,1.2849,0.4715,0.2205,0,0.0616,0.0009,0.1617,0,0,0.7425,0,5.5746,0,0.6371,0,1.9547,2.1889,0.3681,3.2714,0,0,0,0.0792,0.4543,0.0264,0,0.0132,0.0726,4.9379,12.2148,0.1779,7.8967,3.2155,0.2245,8.102,0,0,0.4106,0.7149,0,0.0015,8.2627,0.1266,0.0289,0,0.4815,0.0081,1.3251,0,0,9,0,0.033,0,0,0,0.1692,0.0619,0,0,0,0,0.0006,9,0,0,0,0,0,0,0.2872,0.2799,0.8721,0.4882,0,0,0,0,0,0,9,0.0265,0,9.0066,9,0,9,0,0,9,0,0,0,0,0,9,0,0,0,0,9,0,0,9,0,9,9,0,0,0,0.0035,0,0,0,0,0,0,0,0,9,0,0,0.0296,0.001,0,0,0,0,0.0572,0,0,0,0,0,1.44,0,9,0,0,0,0,9.013,0,0,0,0,0,0,0.74,0,2.8655,0,2.64,2.707,0.0543,0,0.0061,0,0,0,0,9,0.1183,0,0,0,23.4204,0,0,0,0,0.0273,0,0.374,9,0,0,0,0,0,9
"Dominican Republic",2107.325,17.5683,0.0044,0,9.1568,0,3.0074,19.5773,1.6357,0.0735,0.6846,0.9747,0.1264,0,0,123.068,0.0205,10.9174,0.4,7.176,1.6,6.069,53.3432,12.2257,328.9137,0.1188,0.0798,0,2.007,18.5999,0.0353,1.231,11.974,56.706,3.768,6.3888,6.546,28.1891,0.5795,0.0405,23.2799,0,0,5.1238,15.1234,0,2.4687,41.5222,4.098,1.6961,0,0.0745,0.2819,20.3867,0,0.0463,9,0,0.099,0,0,0.23,5.294,0.0146,0,0,0.2,0,0.0149,0.0088,0,0,0.869,0,0,0,11.2959,4.0436,4.9779,3.4175,0.0143,0,9,0,0,0,0,0,9.0169,0,0,0.0019,0,9.0008,0,0,0,9,0,0,0,0,0,9,9,0,0,9,9,0,0,9,9,0,9,0,0,0.0002,9,0,0,0,0,0,0.0002,0,0,9,63.7092,0,0.3361,0,9,0,2.542,0,0.076,9,0,0.0014,2.6,0.2256,9,9,0.031,9,0,0,0,0,0,0,0,0,31.494,9,3.1559,0,1.198,25.2697,1.8168,0,0.7656,0,0,0,0,0,8.8912,0,9,0,1.0693,0.6622,0,0.318,0,0.5272,0,11.9569,9,0,0,0,0,0,9
"Jamaica",383.24,108.0629,0.9206,0.0058,1.2849,3.0074,0,111.145,0.8037,3.5832,1.2728,3.4925,1.221,4.0135,2.6798,54.0309,1.871,0.8094,0.7553,0,0,10.4505,0.4259,4.7837,67.6189,1.8715,2.3505,0,4.0458,2.8644,0.0114,0.1879,0.2119,8.5757,0.1734,110.3161,4.2086,33.8274,4.6736,0.3264,52.5997,0,0,5.0555,0.2353,0,1.6103,16.9939,2.1641,10.4265,0,0.1696,0.3058,11.3045,0,0.0623,0,0,0.5955,0,0,0.0339,0.125,0.0706,0,9,0.11,34.29,0.0353,0.0044,0.017,0,0,0,9,0,7.4757,19.9197,100.4925,1.2205,0.0486,0,0,9,0.0006,0,0,0.0002,0,0,9,0.0094,0,9.0027,0,0.0028,59.9094,0.01,0,0.0974,0,9,0.0203,0,0,0.0006,0.064,0,0,9,0,0,0,0,0,0,0,0.0022,0.1421,3.584,0,0,0,0.037,0.0004,0,0,0.0719,0.0186,3.2282,0.1595,0,0,0,8.4755,0,0.022,0,0,0.0449,0.66,0,0,0,0.0186,0,0,0.004,0,0,0,0,0,0,32.7807,0,14.1951,0,30.36,59.4699,3.2908,0,0.0803,1.5249,0,0,0,9,4.3806,0,0,0,7.828,3.8845,0,0.0073,0,2.8359,0,5.2975,0.0204,0,0,0,0,0,0
"Trinidad and Tobago",634.7729,53.5499,4.6788,7.3982,0.4715,19.5773,111.145,0,60.9975,10.1271,23.1481,33.0508,20.7501,21.8536,14.0581,40.5097,2.4401,3.1336,0.1251,1.7561,0.8716,9.0563,15.0171,44.2001,12.2139,59.5458,38.5735,7.1356,1.8474,38.5441,0.0069,0.0844,22.1571,0.3096,0.051,22.5568,9.1239,7.5036,5.5242,0.3858,63.4541,0,0,10.7151,29.6804,0,0.8458,11.1172,2.1102,3.3959,0.066,1.2328,0.0389,10.5232,0,0.0236,0.0339,0,0.051,0,0,0.014,0.0679,0.0542,0.0089,0,0.0689,0.2473,0,0,0.1105,0,0,0,0,0,1.7127,1.399,0.4609,3.4141,0.0035,0,0,0,0,0.0005,9,1.0932,0,0.0008,0.0176,8.2865,0,0.0516,0.0007,0,0,0,0,0.0331,0.0003,0,0,0,0,0.0027,0.0333,0.1801,9,0,0,0,0.0003,0,0,0,0.011,0.0967,0.0027,1.159,0,0,0,0.1485,0.0608,0,0.0032,0,5.8177,0,0.1201,0,0.1313,0.1274,1.0833,0,2.956,0.0727,0.0007,0.0054,0.9357,0.215,0,0.0116,0,0,0.0307,0,0.0113,0,0,0,0,0,17.3114,0,11.9181,3.0444,7.4291,34.9147,1.9333,0,0.2929,0.0903,0,0.2596,0.0005,0,4.4011,0.0029,9,0.0189,2.6192,1.453,0,0.1828,0.883,3.9109,0,9.294,0.0045,0,0.0022,0,0,0,0
"Barbados",212.2644,23.3501,0.7886,0.0164,0.2205,1.6357,0.8037,60.9975,0,1.9944,1.397,6.9272,0.4595,3.792,3.5754,1.2065,1.5937,2.9827,1.3756,0.0269,0.0002,0.8136,1.7965,1.7339,16.0066,3.7934,0.2277,0.0368,0.2967,7.3906,0.0093,0.2496,0.4691,0.7441,0.072,31.7844,2.115,6.4781,3.8978,0.2722,3.5116,0,0,5.1116,1.0823,0,0.3285,9.3647,0.0866,0.4953,0.0449,0.236,0.0154,3.471,0,0.0014,0,0,0,0,0,0.0173,0.0256,0.1037,0.0196,9.0004,0.1528,0.0731,0.0266,0,0.0109,0,9,9,0,0,1.3374,0.9733,1.8335,1.4899,0.1317,0,0,0,0,0.0003,0,0.0018,0,9,0,0,0.0026,9,0,0.0051,0.0005,0.011,0,0.0178,0,0,0,0,0,0,0.0008,0.011,0,9,0,0,0,0,0,0,0,0.0008,0.01,0.5607,0,9,0,9,0.0019,0,0,0,0.0029,0,0.0246,0,0,0.0424,0.2885,0,0.0056,0,0,9.0011,0.3397,0.0006,0,0,0.0007,0,0.0001,0,0.0001,0,0,9,9,0,6.3766,0,3.5608,0.0104,5.4553,29.1693,0.5559,9,0.0582,0.0054,0,0.0376,9,0,1.1922,0.0003,0,9.0177,0.9264,0.8087,0,0.0039,0.9463,1.0457,0,8.6108,0,0,0.0019,0,0,0,9
"Dominica",27.0708,0.8388,0.0395,0.1211,0,0.0735,3.5832,10.1271,1.9944,0,0.2961,2.0986,1.9056,0.8242,0.2787,0.2446,0.0869,0.2638,0.0819,0.0215,0,0.3922,0.2892,0.2923,0.0111,1.384,0.0261,0.0004,1.7292,0.7827,0.053,9,0.2,0.034,0.019,16.6318,0.0166,1.3827,0.1215,0.0085,1.727,0,0,0.6428,0.0782,0,2.3956,1.2321,0.8775,0.0368,0.0415,0.0265,0.1748,0.667,0,0.0243,0,0,0,0,0,0.005,0.0006,0.0063,0.0028,0,0.0134,0,0.0002,0.0066,0.0114,9,0,0,0,0,0.0198,0.1356,0.4009,0.3867,0,0,0,0,0,0,9.0044,0,0,0,0,0.0001,0,0,9,9.0006,0,0,0,0,0.0002,0,0,0,0,0,0,0.0058,0,0,0,0,0,0,0,0,0.0302,1.2139,0,0,0.0001,0,0,0.1018,0.0001,0,0,9,0,0,0.0022,0,0,0.0026,0.0098,0,0.0238,0,0.0005,0,0.2666,0,0,0,9,0,0,0,0,0,0,0,0,0,0.7152,0,0.4457,0.0296,41.8308,2.9739,0.07,0,0.0008,0.0262,0,0.995,9,0,5.1409,0,0,0,9.2952,0.1023,0,0.0219,0.0444,0.0005,9,0.068,9,0,0.455,0,0,0,9
"Grenada",33.79,2.6183,0.0093,0.0109,0.0616,0.6846,1.2728,23.1481,1.397,0.2961,0,0.7854,0.7774,0.2765,0.0874,0.1099,0.002,9.0608,1.5576,0.0026,0,0.0181,0.0451,0.1054,2.1355,1.5012,0.0162,9.0038,0.001,0.9332,0,0,0.0201,0.2121,0.012,10.0364,0.4376,0.0751,0.2804,0.0196,1.0878,0,0,0.9676,0.1098,0,0.0772,0.9158,0.1092,0.007,0.281,0,0.0009,0.4315,0,0,0,0,0.04,0,0,0.47,0.0083,0.0389,0.0001,9,0.0462,0,0,0,9,0.0012,0,0,9,0,0.0367,0.162,0.3654,0.8275,0.0103,0,9,0,0,0.0006,9,0,0,0,0,0,0.0008,0,9,9,0.0425,9.0467,0,9.0037,9,0,9,0,0,9,9,0,9,9.0001,0,0,0,0,9,9,0,0.0701,9,0.0065,9,9.0063,0,0,0.0018,0,0,9.0002,9.0028,0,0.1196,0,9,9.0016,0.0413,9,0,0,0,0.0143,0.0117,0,0,9,9,0,9,0.0003,9,0,0,9,0,0,0.9442,0,0.6637,9.0182,1.1571,5.7407,0.0825,9,9.0061,0.0334,0,0.0006,9,0,0.0785,9.0002,9,9.0003,0.0477,9.087,9,0.0004,0.0766,0.0496,0,1.3596,0,9,0,0,0,0,9
"St. Lucia",91.3102,11.427,0.0159,0,0.0009,0.9747,3.4925,33.0508,6.9272,2.0986,0.7854,0,0.6064,0.3952,0.3095,0.9525,0.199,0.2575,2.6296,0.0027,0,0.1535,0.533,2.2514,0.9541,2.4285,0,0.0108,0.0035,2.8032,0,9,0.1041,0.3451,0.0122,22.559,1.0163,2.4702,0.5421,0.0379,8.605,0,0,0.7519,0.3757,0,1.8151,1.8762,0.1341,0.1758,0.0558,0,0,0.6045,0,0.0023,0.0005,0,0,0,0,0,0.0231,0.0183,0.0028,0,0.0336,9,0,9,0,0.0148,0,0,0,0,1.3932,0.3222,0.2609,0.8087,0.0002,0,0,0,0,0.0017,0.0003,0,9,0.0005,0.0017,0,0,0,0,0,0,0,0,0.0019,0,0,0,0,0,0,0,0,0,0.0002,0,0,0,0,0,0,0,0.0003,0.0001,0.0019,0,0,0,0,0.0022,0,0.0003,0,0.016,0,0,0,6.6027,0.0157,0.1584,0,0.04,0.0001,0,0.0118,0.0369,0.4418,0,0,0,0,0.0001,0,0,0,0,0,0,0,4.1397,0,3.0085,0.411,1.4588,13.4092,0.5846,0,0.0208,0.0048,0,0.0308,9,0,1.2894,0,0,0.0107,1.0383,0.2994,0,0.0204,0.5324,0.4593,0,1.3781,0,0,0,0,0,0,0
"St. Vincent and the Grenadines",41.0471,2.7439,0,0.0426,0.1617,0.1264,1.221,20.7501,0.4595,1.9056,0.7774,0.6064,0,3.3022,2.6535,0.0824,0.1126,0.1867,0.614,0.0023,0,0.0171,0.3488,0.3155,0.0496,0.8587,0.0093,0.0001,0,1.3065,0,0,0.0051,0.1219,0.792,5.433,0.4735,2.0348,0.4019,0.0281,15.8659,0,0,0.3132,1.6679,0,0.6719,1.4993,0.1263,0.0223,0.1949,9,0.0505,9.055,0,0,9,0,0.085,0,0,0,11.364,0,0,0,0.0286,0,0.0029,0,0,0,0,0,0,0,0.0084,0.0961,0.176,0.6677,0.0259,0,0,9,0,0.0093,0,9,0,0,0,1.1881,0,0,9,0,0,9.1187,0.001,0.0053,0,9,0,0,0,0,0,0.0007,0,9,0,0,9,0,9,9,9,0.0881,0,9,0,0,9,0.0163,0.0001,0,0,9,0,0,0,0,0,9,0.0757,0,0,9,0,0,0.0195,9,9,0,0,0,0,0,0,0,0,0,0,0,1.1227,0,1.5098,0.0406,0.5455,14.0558,1.9097,9,0.0296,0,0,0.0091,0,0,0.0524,0,0,0,0.0396,9.3098,0,0.0629,0.2656,3.0754,0,0.1231,0,9,9,0,0,0,0
"Antigua & Barbuda",53.5,4.3195,0.0315,0,0,0,4.0135,21.8536,3.792,0.8242,0.2765,0.3952,3.3022,0,0,0,0.012,9,0,0,0,0.0949,0,11.0753,0.2468,1.3433,0,0,0.0484,1.462,0,9,0,0.133,9.02,33.9561,16.1851,1.1082,0.0841,0.0059,1.9816,0,0,4.0159,127.9642,0,0.0577,10.7419,0,0.1468,0,0.0337,0.0174,5.8302,0,0.0011,0,0,0.083,0,0,0.148,3.9343,0,0,0,0.1,9,0.0044,0,0,0,0,0,0,0,0.1202,0.324,0.9828,0.1657,0,0,0,0,0,0,0,0,9,0,0,0.1119,0,0,0,9,0.0042,9.0514,0,0.0797,0,0,0,0,0,0,0,0,0,0,0,0,0,0,0,0,0,0.0007,0,0,0,0,0,0,0.0516,0,0,0,0,0,0.2076,0,0,0,0.353,0,0.002,0,0,0,0,0,0,0,9,0,0,0,0,0,0,0,0,0,0.816,0,0,0,1.2,0,0.0255,0,0,0.2538,0,0,0,0,0,0,0,0,0.179,0,0,0.011,0,0.001,0,0.1736,0,0,0,0,0,0,0
"St. Kitts and Nevis",40.96,1.818,0.0138,9,0,0,2.6798,14.0581,3.5754,0.2787,0.0874,0.3095,2.6535,0,0,0,0.005,0,0,0,9,0.0529,0,0.012,10.4206,0.4432,0,0,0,0.0869,0,9,0,0.1045,0,3.9361,0.1007,0.6802,0.0561,0.0039,1.8536,0,0,0.1047,0.4958,0,0.0206,0.1888,0,0.0052,0,0,0.0013,0.6078,0,0.0078,0,0,0.0011,0,0,0,9.0726,0,0,0,0,14.4524,0,0,0.0339,0,0,0,0,0,0.0479,0.048,0.5987,1.0696,0,0,0,0,0,0,0,0,9,0,0,0,0,0,0,0,0,0,0,0,0,0,0,0,0,0,0,0,0,0,0,0,0,0,0,0,0,0.0847,0,1.1335,0,0,0,0,0,0,9,0,0,0,0,0,0,0,0,0,0,0,0,0,0,0,0,0,9,0,0,0,0,0,0,0,0,0,0.1056,0,0.3403,9,0,5.5472,0.0144,0,0,9,0,0,0,0,0,9,0,0,0.0721,0,0,0,0,0.0815,0,0.104,0,0,0,0,0,0,0
"Mexico",12353.703,1678.0769,67.4179,178.2286,0.7425,123.068,54.0309,40.5097,1.2065,0.2446,0.1099,0.9525,0.0824,0,0,0,18.6739,95.3019,39.9578,83.7961,18.9871,106.4847,20.824,208.7041,145.3378,1.8194,0.7949,53.6083,75.9539,970.9842,4.3086,8.3677,13.2047,102.0317,23.3259,404.4332,129.3906,107.1805,87.378,6.1019,1100.4599,0,0,484.8124,509.8969,0,48.2261,2873.1138,40.4189,73.1156,3.7771,9.9399,26.1688,1006.6382,0,0.1561,0.3488,0.065,1.379,0,0,1.4,19.6117,0.4709,17.0478,0,9.5289,54.5,0.0008,0.0064,0.039,0,0,0,9,0,53.1959,263.4875,17.0428,114.0113,0.3739,0,0,0,0,0,0,0.0553,0.7853,0,0.0937,0.7599,0,0.0296,1.782,0,0,0,6.6606,0.6215,0.4715,0.0029,0,0.1306,2.1681,0,0.3976,0,0,0,0,0,0.039,0,0,0.5008,1.3531,0.7095,0,0,9,0,0,0,0.0061,0,0,0,56.4264,15.6633,0.2669,5.7574,0,1.9723,24.6637,0.0825,5.5465,0,0.385,0.6892,90.2605,10.9131,1.3917,18.9771,0.449,0,13,0.9146,0,0,0,0,0,2.2,377.5691,0,928.6189,0,579.0931,2852.5757,96.2957,0,36.0132,3.2761,0,24.0415,0.0346,0,160.8121,0,0,0.268,335.7174,172.9359,0,56.3426,229.6195,86.7719,0,144.8441,0,0,0.202,0,0,0,0
"Belize",83.755,8.1649,0,0.0198,0,0.0205,1.871,2.4401,1.5937,0.0869,0.002,0.199,0.1126,0.012,0.005,18.6739,0,8.7083,0.9345,1.855,0.0345,0.9738,1.0964,0.8842,0.4424,0.0023,0.0045,0.125,0.1548,1.919,0,0,0.053,0.126,0.003,46.3591,1.2395,2.4004,0.0374,0.0026,1.0548,0,0,2.1739,10.9271,0,2.5895,0.9366,0.053,0.1924,0.0495,0,0.0817,5.261,0,0.0027,0,0,0.081,0,0,0.001,0.0594,0.0315,0,0,0.0085,0.0165,0,0,0,0,0.428,0,0,0,0.0033,0.4286,0.0585,1.362,0,0,0,0,0,0,0,0,0,0,0,0.0614,9,0.0001,0,0,0,0,0,0.0005,0,9,0,0,0,0,0,0,0,0,0,9,0.0015,0,0,0,0,0.0001,0,0.0395,0,0,0,0,0.0075,0,0,9,0.0015,0,0.169,0,9,0,0.8745,0,0,0.0105,0,0,0.0765,0.005,0,0,0.0009,0,0,0,0,0,0,0,0,0,5.7255,0,2.494,0,1.2,7.418,0.3295,0,0.1335,0,9,0.007,0,0,0.25,0,0,0,0.8766,0.168,9,0.002,0.1215,0.35,0,0.124,0,0,0,0,0,0,9
"Guatemala",217.1872,29.2342,0,0,5.5746,10.9174,0.8094,3.1336,2.9827,0.2638,9.0608,0.2575,0.1867,9,0,95.3019,8.7083,0,56.1257,77.0443,64.1517,25.4531,29.8125,17.7134,117.5575,0,0,19.5671,20.0593,43.7972,0.0611,0.3011,3.1416,9.8805,0.2434,12.1704,10.1558,6.5834,6.0944,0.4256,16.1994,0,0,2.6689,12.4128,0,4.01,14.7727,2.2837,9.56,0.005,0.2939,1.1665,10.125,0,0.0166,0,0,0.08,0,0,0.256,0.1886,0.0891,0,0,2.0742,0,0.0388,9.033,0.0002,0,9,0,0,0,12.0563,12.2073,4.4833,0.7098,0.0257,0,0,0,0,0,0,0,0,9,9,0,0,0,0,0,0,9,0,10.1876,0,0,0,9,0,9,0,0,9,0,0,0,0.0638,0,9,9,0,0.0348,0,3.0176,0,9,0,0,0,0,0,0,0.3512,4.596,0.7118,0,0,0,0.5588,9,0.479,2.5721,0,2.0387,5.5113,13.3771,0,4.5228,1.119,9,11,0.9058,9,0,0,0,0,0,3.8047,9,27.4779,0,20.1546,28.7527,3.3009,9,0.1269,1.7146,9,16.5138,0,0,0.6933,0,0,0,2.8558,1.7832,0,0.2345,0.508,0.2301,9,6.716,0,9,0,0,0,0,0
"Honduras",548.5,17.7478,0,0,0,0.4,0.7553,0.1251,1.3756,0.0819,1.5576,2.6296,0.614,0,0,39.9578,0.9345,56.1257,0,13.214,6.2,25.1005,19.9964,12.2299,12.9132,0,0,1.5751,0.4228,25.7735,0.022,0.04,2.773,5.631,0.015,19.4977,4.5226,3.2467,10.8895,0.7605,23.8414,0,0,2.8388,31.6243,0,7.0133,15.7542,2.04,10.4401,1.187,1.2235,8.642,12.3334,0,0.0007,0,0,4.501,0,0,0.07,12.173,0.0145,0,9,1.076,3.417,0.0099,0.0773,0,0,0,0,0,0,6.5133,0.9028,1.1703,0.4207,0.2044,0,0,0,0,0.0002,9,0,0,0,0,0.4223,0,9,0,9,0,0,0,0.323,0.0002,9,0,0.158,0.376,9,0,9,9,0,0,0,9,0,0,9,0.0144,0.0001,0,0,0,0,0,0,0,0,0,0,0.4109,0.028,0.001,2.085,0,0,0.081,0,0,0,0,0.6074,1.643,0,0,0,0.0083,9,0,0.0807,0,0,0,0,0,0,5.434,0,0,7.2881,27.868,51.163,0.8051,0,0.0208,0.17,0,0,0,0,0.0252,0,0,10.384,3.7461,21.328,9,0.199,14.922,0.7529,9,1.6879,0,9,0,0,0,0,9
"El Salvador",617.2361,19.2314,0,1.2197,0.6371,7.176,0,1.7561,0.0269,0.0215,0.0026,0.0027,0.0023,0,0,83.7961,1.855,77.0443,13.214,0,2.873,2.1549,0.6472,13.9623,127.3,0,0.0142,4.7456,0.0545,39.1895,0.4731,0.1447,4.73,3.738,0.442,14.6763,2.0236,2.936,12.4879,0.8721,9.4604,0,0,12.2935,15.9011,0,0.3183,145.4821,0.708,12.3529,0.086,0.1451,0.2001,17.5681,0,0.0003,0,0,0,0,0,0.018,0.057,0.0098,0,0,1.8,9,0.0857,0,0.0648,0,9,0,0,0,27.6986,5.1683,3.0016,0.1803,0.0372,0,0,0,0,0,0,0,0,0,9,0,0,9,0,0,0,0,0,0,9.0001,0,0,0,0,0,0,0,9,9,0,0,0,0,0,0,0,0,0,1.014,0,0,0,0,0.0008,0,0,9,0.251,0.043,0,0,0,0,0.021,0,0.235,0,0,0,3.3,0.4334,0,0,9,0,0,0,0,0,0,0,0,0,30.175,0,0,0,42,133.724,0.739,0,5.3989,9,0,0,0,0,0.2646,0,0,9,6.5493,1.5,0,0.018,0,0.2875,0,2.2666,9,0,0,0,0,0,9
"Nicaragua",32.7,5.9293,0,0.41,0,1.6,0,0.8716,0.0002,0,0,0,0,0,9,18.9871,0.0345,64.1517,6.2,2.873,0,45.4645,38.4765,7.7718,106.7315,0,0,0.392,0.3976,4.7078,0.0289,0.026,0.9,1.5,0.006,5.6746,0.1201,2.3489,12.1047,0.8453,1.6286,0,0,2.0674,6.9365,0,0.4549,13.1804,0.438,4.331,0,1.4792,0.0019,4.1293,0,0.0639,0,0,0.059,0,0,0.006,0.0857,0,0,0,0.8,0,0.0093,0.256,0.0433,0,0.101,0,0,9,0.1314,2.4168,0.8925,6.8643,0,0,0,0,0,0,9,0,0.0004,0,0,0,9,9.0006,9,0,0,0,0,0,9,0,9,0,0,9,9,0,9,0,0,0,0,0,9,0,0.0002,0.0014,9,0,0,0,0,0,0,9,0,9,0.0905,0,0,0,0,0,0.004,9,0.036,0,0,0.0109,0.7,0,9,9,0.0003,0,0,0,0,0,9,0,0,0,19.529,0,0,0,12,59.671,0.0966,9,0.0174,9,0,0,9,0,0.3188,0,9,0,6.9192,0,0,0.058,1.041,0.4462,9,0.0379,0,0,0,0,0,0,9
"Costa Rica",433.8728,78.6824,0.5635,6.2347,1.9547,6.069,10.4505,9.0563,0.8136,0.3922,0.0181,0.1535,0.0171,0.0949,0.0529,106.4847,0.9738,25.4531,25.1005,2.1549,45.4645,0,3.6551,80.1017,161.6989,0.0031,0.2994,7.2387,56.3163,121.2112,0.3074,0.0457,4.7553,10.349,0.0832,87.7102,1.2842,98.7486,24.1252,1.6848,27.4498,0,0,5.2414,35.1678,0,16.3372,267.4044,1.6128,42.2376,5.9754,8.5263,7.134,54.9685,0,0.7698,0.1051,0.027,1.3246,0,9.0221,0.1593,4.1308,0.04,0.5657,0,0.0905,2.5276,0.9487,0.4309,1.7466,0.5851,0,0,0.0003,0,44.3207,17.8156,11.6248,0.7349,1.2853,0,0,9,9,9.1,0,0.0073,9,0.0026,0,0.0543,0,0.0005,0,0,0.0021,9,0.9071,0.0016,9.0002,0.0138,9,0,0,9,0.0157,0,0.0077,0,0.0619,9,0,9.0225,0,0.5231,0,0.0142,9.0115,0.2122,0,9,0,0,0.0012,9,0.0156,0,11.0915,0.001,0.3836,0,0.0118,0.0861,1.9581,0,0.013,0.1983,0,0.1111,4.8416,0.014,0,0.4249,0.0386,0,1,0.2337,9.0025,0,9,9,9,0,20.066,9,53.8206,0.2931,47.8047,141.5766,1.3833,9,1.1835,0.0031,0,0.0892,9,0.0022,1.628,9,0.0003,0,1.8779,4.2444,9,0.2494,1.5071,2.7078,0.0015,0.0829,0.1007,9,0.0038,0,0,0,9
"Panama",590.311,17.7017,0.2395,1.8748,2.1889,53.3432,0.4259,15.0171,1.7965,0.2892,0.0451,0.533,0.3488,0,0,20.824,1.0964,29.8125,19.9964,0.6472,38.4765,3.6551,0,20.2761,40.3851,0.0339,4.1064,29.2814,102.1468,20.5431,10.8742,17.9841,10.3985,101.3543,26.887,2.6213,0.2536,35.4662,13.675,0.955,4.2969,0,0,102.8571,27.3247,0,4.6352,86.1307,2.0611,8.0267,0.1295,3.1856,2.4976,14.5076,0,0.0559,9,0,35.417,0,0,0.059,18.2222,0.0176,6.3694,0,3.5536,9.183,0.7372,0.188,0.1295,0,0.057,0,9,0,41.348,46.7192,44.5399,6.5797,1.0869,0,0,9,9,0,0,0.0001,0,0,0.0036,2.342,0,9,9,0,0.2124,0,0,0,11.259,0,0,0,0,0,0,9,9,0,9,0,0,0,0,0,0,0.1135,0,8.2818,0,0,0,0,0.0079,0,0,9,0.0197,3.791,0.0751,0,0,0,16.6394,0,0.13,0,0,0.0564,10.7113,0.0052,0.007,0.0057,0.0163,9,0,31.361,0,0,0.3276,0,0,0,1.7636,0,24.8267,0,544.5046,63.8557,1.638,0,0.2519,0,9,0.3417,9.0004,0,15.5456,0,9.009,0.757,11.8592,132.7825,0.0051,0.0974,0.5447,0.0671,0,1.8328,9,0,0,0,0,0,9
"Colombia",430.8359,232.3294,19.5748,25.2612,0.3681,12.2257,4.7837,44.2001,1.7339,0.2923,0.1054,2.2514,0.3155,11.0753,0.012,208.7041,0.8842,17.7134,12.2299,13.9623,7.7718,80.1017,20.2761,0,748.3976,1.3399,2.4441,38.4108,160.0358,360.9468,27.0245,1.131,9.9985,144.321,12.6184,97.4359,12.6985,79.5845,19.8722,1.3878,35.9937,0,0,115.1832,52.5945,0,42.1917,221.9134,23.611,20.9857,8.8363,2.6726,4.5254,196.2307,0,0.1681,0.0954,0.3943,1.9653,0,0.1649,2.5283,7.4607,0.165,11.9683,0.1556,16.8915,36.1594,1.2136,2.411,1.0909,11.2751,4.6753,0.0158,0.0783,0.585,76.6699,41.2342,49.2569,48.6435,0.9668,0,0.1411,0,0.0239,0.0001,0,0.8911,0.3732,0,0.0108,0.0798,0.0314,0.0129,0.0457,0.1239,0.1948,0.0902,0.1189,2.3714,4.9905,0.7409,0,0.0648,0.3159,0,0.1851,0.0002,0.014,0,0,0,0.0159,9,0,0,0.1919,0.1134,0,64.3891,0,0.0001,0.0086,0.2539,0.0023,0.0266,0.0499,0.0003,10.0455,0.0033,0.2642,7.0168,0.1484,1.3699,6.4,0.0286,0.3926,0.6919,0.895,0.3797,4.336,14.7848,0.0308,2.9772,0.028,0,2.7865,0.0003,0.0012,9.0257,9.0014,9,0.0103,0.0038,90.466,0.5699,105.8808,11.0048,190.2511,750.8237,25.0586,0.0676,3.0745,0.2919,0.1155,11.3495,0,0.0001,6.6649,0.0032,0.0085,41.7255,13.138,2.9409,0.0718,1.3686,29.8068,46.0087,0.1852,1.683,0,0,0.0923,0,0,0,0
"Venezuela",5284.9226,103.9537,0.0265,94.8037,3.2714,328.9137,67.6189,12.2139,16.0066,0.0111,2.1355,0.9541,0.0496,0.2468,10.4206,145.3378,0.4424,117.5575,12.9132,127.3,106.7315,161.6989,40.3851,748.3976,0,0.4895,12.4121,152.0417,86.6672,352.333,8.9788,13.9292,76.194,144.5297,5.7345,2.279,5.8143,121.0893,17.0494,1.1906,123.3749,0,0,78.9715,34.0652,0,8.2949,52.2672,5.336,12.319,0.2878,0.4013,0.0004,150.664,0,0.7236,0.0057,0,0.2923,0,0.0077,0.0433,7.1168,4.7254,2.5734,0,10.1405,6.6272,0.0111,1.6048,0.4244,0.2164,3.498,0,0,9,12.2789,62.9909,12.086,21.9897,0.0184,0,0,0,0,0.0158,0,0.8977,0.0004,0,0,6.379,0,3.7365,6.0993,0,0,0,0,0.0024,0.7317,0,0,0,0,0,0,0,9,0,0,0,0,0,0,0,0,0.3262,0,26.7163,0,0,0,0,0.012,0,0,0,2.9078,0.003,0.768,2.0904,0,0.283,4.4966,0.5142,23.2908,0.2345,0.1151,1.0268,15.8891,3.4727,0,0.0066,0.0012,0,0.0669,0.0916,0,0,0,0,0,0,21.66,0,72.3582,0,5.4637,103.0143,4.7746,0,0.6211,0.0175,0,0.0003,0,9.0001,10.412,0,0,3.1615,6.8761,8.7368,0,3.3056,4.0437,2.0872,0.148,41.9323,0,0,0,0,0,0,9
"Guyana",2.07,158.9437,0.0454,6.2013,0,0.1188,1.8715,59.5458,3.7934,1.384,1.5012,2.4285,0.8587,1.3433,0.4432,1.8194,0.0023,0,0,0,0,0.0031,0.0339,1.3399,0.4895,0,2.8712,0,0.0957,7.0917,0,0,0.4582,0.0341,0,65.3666,0.1113,4.5518,8.8238,0.6162,1.3201,0,0,1.4707,2.5668,0,2.1519,7.7692,0,0.1263,0,0.3353,0.1755,0.6447,0,0,0,0,0.1488,0,0,0.1553,0.0031,0.049,2.8397,9,0.22,0,0.1071,9.0462,0,0,0,0,0,0,2.3566,0.1244,0.0626,0.4361,0,0,0,0,0,0,9,0,0,9,0,0,0,9,0,0,0.1083,9.014,0,0.9244,0,0,0,0,0,0,0,0,9,0,0,0,0,0,0,0,0,0,0,0.4926,0.1819,0,0,0,0.0047,0,0,0,0.2494,0,0.0729,0,0.0022,0,0.1648,0,0.0297,0,0,0,0.11,0,0,0,0.0036,0,0,0.0003,9,0,0,0,0,0,6.4504,0,2.5168,2.1845,4.32,7.3547,0.8813,0,0.595,0,0,0,0,0,0.5278,0,0,0,1.1032,0,0,0.0352,0.1082,1.6022,0.002,1.3326,0,0,0,0,0,0,0
"Suriname",152.2326,1.9522,3.3285,0,0,0.0798,2.3505,38.5735,0.2277,0.0261,0.0162,0,0.0093,0,0,0.7949,0.0045,0,0,0.0142,0,0.2994,4.1064,2.4441,12.4121,2.8712,0,0,0.059,13.7997,0.0008,0,0,0.4064,0.0035,6.4486,0.0522,8.5025,0.4393,0.0307,3.5319,0,0,0.8359,20.0357,0,0.0623,36.3601,0.833,0.1668,0.0099,0.2944,0.1734,3.2998,0,0.0006,0,0,0.044,0,0,0.051,0.01,0.0043,0,0,0.1491,2.8088,0.0172,9,0.0372,0,9,0,9,0,0.0256,0.07,107.8203,0.2844,0.06,0,0,0,0,0,0,0,0.089,0,0,0,0,9.0001,0,9,0,0,0,0,0,0,0,0,9,0,0,0,0,0,0,0,0,0,0,9,0,0.0008,0,0.0917,0,0,9,0,0.0002,0,0,0,0.0068,0,0.0079,9,0,0,0.0677,9,0,9,0,0,0.0001,0.011,0,0,0,9,0,0,0,0,0,0,0,0,0.8484,9,1.7437,0,2.0228,13.2831,1.783,9,0.1021,0,0,0,9.0042,0,1.5914,9,0,0,0.053,0.5599,9,0.0868,1.4767,0.003,0,0.0019,0,0,0,0,0,0,0
"Ecuador",986.5588,47.7911,0,0,0,0,0,7.1356,0.0368,0.0004,9.0038,0.0108,0.0001,0,0,53.6083,0.125,19.5671,1.5751,4.7456,0.392,7.2387,29.2814,38.4108,152.0417,0,0,0,126.514,217.3915,5.0779,0.7476,120.4803,42.432,2.278,0.1941,4.5951,13.7949,10.5344,0.7357,84.4105,0,0,24.8097,79.1626,0,35.9942,63.1108,62.0546,25.0512,6.1821,1.0095,6.6108,6.3672,0,0.3714,0,1.915,4.445,0,0,7.865,12.3019,0.0292,1.603,0,1.7,93.6497,1.5192,1.8546,2.2971,0,10.885,0,9,0,11.3973,4.4275,9.5352,0.1257,0.1044,0,0,0,0,0,0,0,0.0513,0,0,0.0313,0,0,0,0,0,0,0,0,0,9,0,0,9,9,0,9,9,9,9,0,0,0,0,9,0,1.216,9,11.1354,0,0,0,0,0.0024,0,0,0,0.0197,0.0058,7.9393,1.1432,0,14,8.533,0,0.571,0,0,0.0053,8.6,4.9809,0,0.5324,0.012,9,2,0,0,0,0,0,0,1.8,16.9164,9,33.3711,0,224.8409,386.51,1.5883,9,0.8335,9.0894,0,1,0,9,1.5168,0,0,9,0.7571,10.0259,0,0.527,3.4587,22.177,0,12.5756,9,9,0,0,0,0,0
"Peru",830.9466,12.3779,0.4895,0.4884,0.0792,2.007,4.0458,1.8474,0.2967,1.7292,0.001,0.0035,0,0.0484,0,75.9539,0.1548,20.0593,0.4228,0.0545,0.3976,56.3163,102.1468,160.0358,86.6672,0.0957,0.059,126.514,0,178.8501,2.0137,7.0939,344.4715,276.3277,32.0545,95.5701,6.1133,91.7037,9.4688,0.6612,51.3278,0,0,62.5307,19.5784,0,2.808,4.5761,18.0888,1.055,10.9146,19.0156,5.0719,50.77,0,0.2079,0.0384,0,5.711,0,0,2.7679,0.864,0.6368,9.548,0.009,0.6517,2.9941,0.0479,0.0165,1.8798,2.0594,1.056,0.0891,0.0058,0,0.0412,75.2829,29.8915,0.4342,0.0658,0,0.0022,0,0,0.0022,0.6028,0.5572,0,0,0.259,1.1183,0.0033,0.1508,0.3091,0.1188,0.1947,0,1.1878,0.1936,0.0159,0,0.1628,0.405,0.3322,0.7205,0.4853,0,0,0,0,0,0,0,0.5324,0.168,0.0004,0.0472,0,5.4122,0,0,7.0414,0,0.1141,0.0363,5.2059,0,0.1472,2.576,0.1197,0,0.011,21.3401,1.0122,0.1265,2.2369,0.4889,0.8954,0.0205,1.473,1.6924,0.17,0.028,0.0173,0.0239,3.0766,0.1555,0.0165,0,0,0,0,0,313.3097,0,98.7441,6.7738,51.7745,25.0351,6.2558,0.0319,12.2179,0.2056,0,2.3117,0.2418,0.0748,7.7881,0.0176,0,25.2579,60.6252,20.7645,0.0308,36.7388,34.6572,1.5645,0.0737,51.9955,0,0,0.1226,0,0,0,0
"Brazil",1822.5972,149.0894,15.3593,32.5479,0.4543,18.5999,2.8644,38.5441,7.3906,0.7827,0.9332,2.8032,1.3065,1.462,0.0869,970.9842,1.919,43.7972,25.7735,39.1895,4.7078,121.2112,20.5431,360.9468,352.333,7.0917,13.7997,217.3915,178.8501,0,152.9481,222.8545,348.9971,258.0884,83.59,577.6209,6.6473,1444.2403,266.2657,18.5943,937.5075,0,0,327.8379,571.2023,0,320.5857,583.8555,46.6403,88.9001,121.0568,21.6769,12.7365,419.1429,0,6.2647,0.167,7.575,17.156,0,0,39.4516,66.6992,12.9723,0.8701,0.0395,59.1035,287.0673,2.1382,1.1759,0.6807,37.6583,15.1952,0.0297,0.0005,3.3781,58.6215,104.5458,48.0451,143.9701,2.8039,0,0.0242,0.2585,0.0022,2.7156,12.9844,14.7165,31.3139,1.8458,0.6718,33.7232,38.214,0.5131,188.1088,1.6973,33.6721,1.0582,0.4822,228.6108,3.5042,0.3265,0.0165,19.518,0.7689,1.0846,15.8817,7.8573,0.24,0.6666,21.4599,3.454,0.1467,0,154.1023,10.7,0.7349,16.6098,1.3057,44.8919,1.119,0,0.524,0.1047,0.6473,0.0825,3.2194,0.308,111.8218,155.5485,42.1682,54.0518,0.308,130.9191,176.5863,0,149.2449,68.5555,78.9987,30.7534,52.4611,1159.5686,17.3436,284.3725,60.9364,14.3015,37.8265,5.083,0.1925,0.4015,0,0,49.6452,3.4185,548.9693,0.1416,93.6551,42.1553,326.3346,612.2327,444.1403,0,29.2656,61.8808,0.1551,40.1665,0.0041,2.9634,376.4695,0.1012,0.365,0.125,80.8007,99.1344,0.09,265.3903,172.789,92.6454,1.2276,29.0874,0.1276,0.0363,1.245,0,0,0,0
"Bolivia",36.2073,0.0887,0.0366,0.1677,0.0264,0.0353,0.0114,0.0069,0.0093,0.053,0,0,0,0,0,4.3086,0,0.0611,0.022,0.4731,0.0289,0.3074,10.8742,27.0245,8.9788,0,0.0008,5.0779,2.0137,152.9481,0,0.3727,68.661,27.4824,3.3355,12.6677,2.166,12.0479,1.346,0.094,53.099,0,0,8.313,7.4713,0,0.422,15.4855,0.1137,1.3841,0.0734,1.068,0.0585,5.7142,0,0.0271,0.0481,9,0,0,9.1073,7.803,0.0554,0.0025,0.0313,0,0.0305,3.2771,0.0006,0.7029,0.05,9,9,9,9,9.0197,0.9237,30.5778,0.3543,7.666,0,0,9,9,0,9,9,0,0.0314,9.0065,9,0.0046,0.0034,9,0,0,0.004,9,0,0.0324,0,0,9.0005,0,9,9,0.006,0,0.0017,0,0,9,0.001,0,0,0,0,0.0293,9,0.9106,9,0,0,9,9.0049,9,9,9,0.0217,0.0511,0,0,0.0003,0.0144,0.196,0.0208,0.0541,0.2106,0.0255,0.0087,1.3986,0.7671,0,0,0.0032,0,0,0.1398,9,0,9,0,0,0,10.0385,9,15.4732,0.0221,12.0535,176.5147,1.4101,9.0006,0.0256,0.0596,0,0.1391,0,0,0.5964,9,9,0.0606,1.1714,0.2387,9.0044,0.0381,0.6568,0.3913,0,2.5449,9,9,0,0,0,0,9
"Paraguay",192.8871,22.7587,0.009,0.0055,0,1.231,0.1879,0.0844,0.2496,9,0,9,0,9,9,8.3677,0,0.3011,0.04,0.1447,0.026,0.0457,17.9841,1.131,13.9292,0,0,0.7476,7.0939,222.8545,0.3727,0,29.5301,267.3093,22.8816,58.9573,0.1751,42.9026,48.2972,3.3728,15.3506,0,0,12.359,20.866,0,14.1428,55.4372,3.1138,3.2947,9.1562,1.12,0.27,11.2584,0,0.0137,0,0,0.333,0,0,0.3054,0.6038,0.1518,0.0407,0,13.2703,0.835,0.0002,0,0.0015,0,9.011,0,0,0,1.7961,4.8599,0.2736,0.5417,0.0643,0,9,0,0,9,9,0.1144,0.2725,0,9,0.0133,0,0.0177,0,0,0.0135,0,0,0.3628,0.0287,0,0,0.0324,0.028,9,0,0,0,9,9,9,0,0,0,0,0,0.0006,0,19.6114,0,0,0,0,0.1957,9,0,9,0.4402,16.7339,1.6974,0,0,0.0429,0.1279,0.0044,0.003,0,0.1938,0.0864,4.6175,0.345,9,0,0,0,0,0,0,0,0,0,0,0,65.767,9,131.5277,0,107.7049,182.6656,6.6875,0,0.3721,0.0242,0,0.0407,0,0,1.3843,0,0,0.041,4.6868,19.5687,0,0.0323,2.2823,0.8441,0,0.0589,0,0,0,0,0,0,9
"Chile",565.3999,75.254,0.2,7.72,0.0132,11.974,0.2119,22.1571,0.4691,0.2,0.0201,0.1041,0.0051,0,0,13.2047,0.053,3.1416,2.773,4.73,0.9,4.7553,10.3985,9.9985,76.194,0.4582,0,120.4803,344.4715,348.9971,68.661,29.5301,0,123.824,0.365,55.1753,28.7452,212.0838,123.5519,8.6281,189.1549,0,0,79.8712,32.0837,0,4.2079,203.2794,2.358,4.203,2.8,2.4736,0.6927,41.0624,0,0.4711,0.849,0.01,0.895,0,0,1.825,35.6437,0.5939,1.2,0,1.6,12.4,0.0445,0.0756,0.0036,0,0.473,0,0,0.9,34.6558,30.1805,11.9792,26.6501,5.0483,0,0,0,0,0.6,0,0.1329,0.0029,0.2,0.1531,0.095,0,0,12.7,0,0.011,0,0,134.2,20.8806,0,0,0,0.1,14.0945,0.1,0,0,0,0,0,0.1,0,69.9,0.5,0,0.1651,0,32.7,0.2,0,0,0,0.0007,9,0.6,0,3.8197,5.2,5.2306,1.0851,0.0845,4.6,3.369,0.0055,8.849,0.4,0.1321,3.0518,31.8,36.0812,0.0759,3.2866,3.153,3.7363,42.6,9.1117,0.4,0,0,0,0,2.4,97.607,2.5,377.3,3.6,372.2,1092.037,22.112,0,19.3634,1.8,0.1,2.1,0,1.0973,117.564,0.0909,0,5.8,74.8126,97.869,0,37.106,155.185,54.8961,1.1,28.5717,0.6834,0.0198,0.724,0,0,0,7.4
"Argentina",3093.8218,116.014,15.5428,5.4213,0.0726,56.706,8.5757,0.3096,0.7441,0.034,0.2121,0.3451,0.1219,0.133,0.1045,102.0317,0.126,9.8805,5.631,3.738,1.5,10.349,101.3543,144.321,144.5297,0.0341,0.4064,42.432,276.3277,258.0884,27.4824,267.3093,123.824,0,136.513,92.5636,24.5889,473.8651,808.0506,56.4292,709.8917,0,0,103.8844,179.191,0,17.8736,440.3895,9.79,12.5149,5.268,19.9582,6.6106,735.0097,0,13.542,0.0057,1.629,8.4,0,0,4.692,53.0614,25.5608,3.7791,0.01,6.388,21.085,0.3396,1.1824,0.218,9.288,3.42,0.028,0.031,1.3536,45.5506,127.6271,23.5325,155.3292,0.1104,0,0.0847,0,0.0121,0,0,0.2851,0.0649,0.0297,0.067,0.1095,0.3993,0.1187,1.9426,0,0.6981,0.0935,0.2079,30.8672,2.1664,0.0217,0.0895,0.6294,15.8499,0.0385,2.577,3.1868,0,0,0,9,0,0,3.2989,7.212,0.0048,10.6577,0,80.093,4.007,0.28,0.011,0,0.0461,0,17.6217,0,72.0155,22.324,40.2306,18.2742,0.0123,287.24,25.149,0,89.822,63.6101,15.0152,16.045,10.172,5.8744,0.9418,2.5714,1.9309,1.8681,12.65,7.4203,0,4.4944,0,0,0,0.2,51.483,0.002,4.747,0,437.705,183.572,5.4458,0,4.4765,9.4482,0,2.058,0.0219,0.236,19.9906,0,0,0.196,60.9334,203.309,1.028,5.302,70.015,17.4058,0.0099,12.3344,0.5434,0,0.014,0,0,0,0
"Uruguay",45.829,2.9216,0.2442,5.387,4.9379,3.768,0.1734,0.051,0.072,0.019,0.012,0.0122,0.792,9.02,0,23.3259,0.003,0.2434,0.015,0.442,0.006,0.0832,26.887,12.6184,5.7345,0,0.0035,2.278,32.0545,83.59,3.3355,22.8816,0.365,136.513,0,39.4029,1.2419,18.5707,3.3837,0.2363,49.0053,0,0,13.7864,89.9486,0,2.9043,87.1521,2.904,5.2325,0.369,1.1725,0.3692,54.4116,0,0.047,0,9,0.23,0,0,0.234,2.1085,0.6475,2.258,9,6.04,6.797,0.0083,0.776,0.2227,0.282,0.5,9.003,9.026,9.009,2.2221,8.5792,2.4922,1.2482,0.1753,0,0,9,9,0,9,0.9993,0,0,0,0.061,0,0,0,0,0.097,1.045,0.004,0.005,0.3296,9,9,0.1585,0.4279,0,0.0285,0,0,9,9,0,9,0,0,0,0,0.1023,0,5.002,0,0,0,0,0.0037,0,0,0,2.4048,0.001,0.1275,1.917,0.001,14.387,2.652,0,7.892,0.008,0.2052,0.2384,45.949,6.3099,0.001,0.7812,0.1766,0,0.989,0,0,0,0.068,0,0.008,9,51.017,9,20.402,0.793,42.338,53.975,13.2151,9,0.2268,2.053,9,1.267,0,0,2.3863,0.166,0,0.109,5.9213,7.28,0,0.582,1.661,5.5524,0,3.9759,0,0,0,0,0,0,0
"United Kingdom",1308.617,1126.8579,2.0736,30.2018,12.2148,6.3888,110.3161,22.5568,31.7844,16.6318,10.0364,22.559,5.433,33.9561,3.9361,404.4332,46.3591,12.1704,19.4977,14.6763,5.6746,87.7102,2.6213,97.4359,2.279,65.3666,6.4486,0.1941,95.5701,577.6209,12.6677,58.9573,55.1753,92.5636,39.4029,0,925.1494,2407.541,1729.4296,120.7724,3281.067,0,0,2871.3169,1932.5137,0,15.6672,8199.787,301.6585,45.336,201.2412,74.0771,30.0953,109.567,0,260.5533,0.1958,6.717,115.6804,0,4.8986,16.6042,795.3749,157.6216,37.3958,0.8835,1.1758,333.9705,54.4004,309.7272,205.8715,25.1646,4.3365,0.4355,0.0824,4.5951,1523.79,1438.9727,2850.1504,765.315,222.7782,0,3.876,6.7087,0.6601,15.4388,17.5448,7.9657,6.4381,22.2645,0.738,35.6274,35.3704,2.152,13.9897,3.9943,109.2944,7.5147,62.7417,579.3581,39.191,1.1229,1.5304,6.4404,3.675,45.3124,5.0717,104.5464,1.2004,1.7419,10.1937,22.5139,29.4372,1.4206,19.8832,40.8387,52.6974,7.609,6.5169,682.9369,33.832,1.4527,4.0729,59.5135,15.8067,2.1026,321.1102,22.2984,105.2342,152.0055,75.5136,103.4759,66.0366,340.1247,201.8824,15.8205,34.4246,47.4832,223.0588,135.8074,1177.6608,843.8907,108.6789,97.1645,194.2566,183.143,1162.8814,225.8805,6.9943,6.1062,67.763,3.0226,23.0581,40.5617,764.2141,1.2149,1282.3524,38.8697,18.7765,7708.0392,503.1657,1.2044,75.683,117.6868,0.6773,38.1529,5.8569,5.3684,249.2041,1.3192,0.8035,83.0491,59.3238,85.2522,265.9938,31.2788,488.0729,1645.8075,71.9029,86.0495,1.8366,2.4546,97.382,0,0,0,0.3015
"Ireland",1717.7959,227.4923,2.2686,3.871,0.1779,6.546,4.2086,9.1239,2.115,0.0166,0.4376,1.0163,0.4735,16.1851,0.1007,129.3906,1.2395,10.1558,4.5226,2.0236,0.1201,1.2842,0.2536,12.6985,5.8143,0.1113,0.0522,4.5951,6.1133,6.6473,2.166,0.1751,28.7452,24.5889,1.2419,925.1494,0,812.215,879.3612,61.4091,1830.4401,0,0,390.1284,588.2502,0,94.8721,2201.7189,7.0805,173.3554,28.4928,1.6839,11.5644,985.2631,0,14.6737,2.6313,0.911,5.24,0,1.7293,10.4501,132.4372,14.0452,4.4863,1.0707,5.0677,227.2593,5.1126,8.2978,1.3496,5.2911,0.1832,1.185,0.0402,1.4129,22.3396,56.3393,52.3225,65.4169,9.9095,0,0.0338,0.0013,0.0447,0.0072,26.382,1.0324,0.9569,0.0763,0.4531,11.4796,74.5158,1.5013,2.6576,0.6729,22.7312,0.2748,1.1721,44.4668,4.9139,0.1642,0.402,1.6393,14.9555,3.1168,9.0512,4.5974,0.1453,0.5223,5.9936,1.0812,4.4577,1.9217,2.6479,0.9843,0.9756,4.4537,0.8876,78.0663,0.9636,0.0573,2.2552,2.049,1.419,0,3.1249,0.7007,29.7087,31.6184,5.2811,16.1269,7.2888,49.695,58.5904,0.6404,194.3729,1.7071,20.6061,10.7897,61.2861,77.8074,0.6243,37.0981,12.8915,6.676,58.2098,3.4685,0.5446,0.9177,1.7744,0.0092,9.2348,5.7878,271.9438,0.026,207.6214,32.4638,62.5324,198.9649,22.6352,0.0261,2.5677,4.0735,1.9305,3.491,0.7838,1.4542,9.6911,0.3421,0.3836,13.1823,10.6501,348.853,0.6419,4.2594,34.8192,244.9736,0.8103,18.7288,0.0013,0.355,0.1503,0,0,0,0.0218
"Netherlands",4472.647,65.3483,2.8783,43.0809,7.8967,28.1891,33.8274,7.5036,6.4781,1.3827,0.0751,2.4702,2.0348,1.1082,0.6802,107.1805,2.4004,6.5834,3.2467,2.936,2.3489,98.7486,35.4662,79.5845,121.0893,4.5518,8.5025,13.7949,91.7037,1444.2403,12.0479,42.9026,212.0838,473.8651,18.5707,2407.541,812.215,0,7357.589,513.8079,1891.8311,0,0,1328.5564,1112.1054,0,490.2174,231.539,243.0601,514.2146,184.2872,188.6504,18.2636,4859.4126,0,39.5629,1.0441,2.4897,42.1911,0,11.5266,62.8124,1291.6865,62.3253,82.2465,2.1714,35.3463,650.9974,16.1876,196.0403,93.3638,18.0929,24.9819,6.8602,0.7736,1.1537,668.1071,991.3845,1204.8339,769.8037,53.522,0,1.1649,8.8022,7.3261,12.2766,7.7912,18.2543,18.6609,15.3419,4.1673,301.493,25.7363,9.4054,19.1691,9.3235,12.1929,12.568,112.9594,365.7855,26.5881,1.0156,1.9015,21.0608,37.3382,5.4567,31.1629,8.2329,6.4438,0.5924,5.4721,14.7631,36.1883,2.1511,54.3246,20.5341,2.1036,14.4259,18.542,185.1763,2.5209,0.0984,10.9759,3.1308,4.558,2.003,13.1045,4.5233,14.4614,516.8197,4.4883,129.0197,28.5797,730.4137,123.5579,3.8728,216.5067,106.0825,100.855,105.8243,255.3782,1214.2067,84.3604,766.3471,36.5268,34.261,312.8614,94.5541,4.089,11.1897,15.9316,1.4275,29.4327,19.4862,1074.239,3.6231,578.3993,14.4552,130.1454,3295.4413,214.9788,0,24.5469,43.128,1.7034,54.0959,0.6354,0.026,392.1929,2.7834,9.6753,65.2992,498.6571,195.817,60.7883,35.6332,450.1122,160.1309,29.2248,68.06,0.1747,9.5163,5.1398,0,0,0,0.0764
"Belgium",41.063,213.6687,4.4212,25.7423,3.2155,0.5795,4.6736,5.5242,3.8978,0.1215,0.2804,0.5421,0.4019,0.0841,0.0561,87.378,0.0374,6.0944,10.8895,12.4879,12.1047,24.1252,13.675,19.8722,17.0494,8.8238,0.4393,10.5344,9.4688,266.2657,1.346,48.2972,123.5519,808.0506,3.3837,1729.4296,879.3612,7357.589,0,0,21.97,0,0,511.1171,862.2739,0,236.3078,3350.422,103.6516,783.9534,50.2975,316.3295,7.7208,2289.2911,0,6.7581,0.0841,2.4957,11.6747,13.3479,5.3934,103.3899,545.1221,32.9304,19.8816,3.6361,3.9165,688.5839,3.0659,12.6281,62.9818,34.5474,31.3226,30.1542,1.0749,7.4685,1160.1803,1013.6151,200.0966,360.6919,2.5331,13.0207,0.3645,3.1126,1.9723,58.5605,4.2997,17.442,5.0475,4.8699,2.8509,111.6435,107.914,8.6369,370.7305,101.1279,25.733,13.46,9.0014,35.4261,8.7397,75.1238,3.0566,290.0638,464.2591,3.2061,22.5456,24.6674,3.3183,11.1419,12.4599,5.5055,17.3391,5.3092,89.4812,15.0491,75.1332,10.8148,1.3927,176.7939,20.7322,4.3932,2.1779,5.6364,0.8786,2.4677,1.4769,1.374,19.5077,157.7161,33.2108,6.5524,29.6775,537.7096,205.3871,6.5337,64.1128,138.844,149.2288,88.2474,1856.3533,300.112,82.1156,3.2902,2.1592,22.9568,198.4888,12.7123,29.126,3.8043,18.7693,1.0936,5.0662,4.8045,124.6643,2.9537,222.0744,2.1312,223.6235,1591.5,259.5078,0.0093,25.1441,78.2271,1.9068,34.6035,0.3272,2.5705,190.5998,0.3926,0.4767,36.3888,16.7222,332.5189,5.0101,105.4557,103.2216,100.2398,5.8514,36.0056,0.0374,0.5141,2.7387,0,0,0,0.1776
