"","United States of America","Haiti","Mexico","Guatemala","El Salvador","Colombia","Venezuela","Ecuador","Peru","Brazil","Bolivia","Chile","Argentina","United Kingdom","Netherlands","Belgium","France","Switzerland","Spain","Portugal","Germany","Austria-Hungary","Italy","Greece","Russia","Sweden","Denmark","Morocco","Tunisia","Iran","Turkey","Egypt","China","Japan"
"United States of America",0,0,1,0,0,0.69,0,0,0,34,0,1.66,0,232.22,6.84,10.44,32.89,0,8.66,2.08,10,0,2.42,0,14.95,0.35,0.53,0,0,0,0,0,9.92,6
"Haiti",0,0,0,0,0,0,0,0,0,0,0,0,0,1.33,0,0,13.92,0,0,0,0,0,0,0,0,0,0,0,0,0,0,0,0,0
"Mexico",1,0,0,0,0,0,0,0,0,0,0,0,0,0.71,0,0,2.3,0,0,0,9.38,0,0,0,0,0,0,0,0,0,0,0,0,0
"Guatemala",0,0,0,0,0,0,0,0,0,0,0,0,0,0,0,0,0.35,0,0,0,0,0,0,0,0,0,0,0,0,0,0,0,0,0
"El Salvador",0,0,0,0,0,0,0,0,0,0,0,0,0,0,0,0,0,0,0,0,0,0,0,0,0,0,0,0,0,0,0,0,0,0
"Colombia",0.69,0,0,0,0,0,0,0,0,0,0,0,0,0.1,0,0,13.32,0,0,0,2.46,0,0,0,0,0,0,0,0,0,0,0,0,0
"Venezuela",0,0,0,0,0,0,0,0,0,0,0,0,0,3.54,0,0,11.2,0,0,0,0,0,0,0,0,0,0,0,0,0,0,0,0,0
"Ecuador",0,0,0,0,0,0,0,0,0,0,0,0,0,0.49,0,0,9.28,0,0,0,0,0,0,0,0,0,0,0,0,0,0,0,0,0
"Peru",0,0,0,0,0,0,0,0,0,0,0,0,0,16.01,11.41,2.51,0,0,0,0,0,0,0,0,0,0,0,0,0,0,0,0,0,0
"Brazil",34,0,0,0,0,0,0,0,0,0,0,0,0,2.68,0,2.32,26.75,0,0,1.82,0,0,0,0,0,0,0.9657,0,0,0,0,0,0,0
"Bolivia",0,0,0,0,0,0,0,0,0,0,0,0,0,0,11.41,0,0,0,0,0,0,0,0,0,0,0,0,0,0,0,0,0,0,0
"Chile",1.66,0,0,0,0,0,0,0,0,0,0,0,2.43,9.67,0,2.51,16.14,0,0,0,3.21,0,0,0,0,0,0,0,0,0,0,0,0,0
"Argentina",0,0,0,0,0,0,0,0,0,0,0,2.43,0,5,9.4,8.38,25.75,0,2.02,0,0,0,0,0,0,0,0,0,0,0,0,0,0,0
"United Kingdom",232.22,1.33,0.71,0,0,0.1,3.54,0.49,16.01,2.68,0,9.67,5,0,8.36,43.99,152.61,0,25.45,9.15,109.77,0.69,10.38,2.99,61.56,21.31,9.34,1.42,0,0,3.24,0,42.23,10.14
"Netherlands",6.84,0,0,0,0,0,0,0,11.41,0,11.41,0,9.4,8.36,0,9.49,3.76,0,0,0.4,30.95,0.0499,1.21,0,5.85,0.51,0.92,0,0,0,0,0,9.2,0
"Belgium",10.44,0,0,0,0,0,0,0,2.51,2.32,0,2.51,8.38,43.99,9.49,0,12.8,0.92,0.38,0.27,35.97,0,1.56,0,12.04,0.39,0.62,0,0,0,0,0,0,0
"France",32.89,13.92,2.3,0.35,0,13.32,11.2,9.28,0,26.75,0,16.14,25.75,152.61,3.76,12.8,0,12.45,19.45,4.38,3.07,7.34,12.1,2.79,34.86,6.22,1.53,0,0,0,6.48,0,16.48,8.17
"Switzerland",0,0,0,0,0,0,0,0,0,0,0,0,0,0,0,0.92,12.45,0,0,0,0,0,13.51,0,0,0,0,0,0,0,0,0,0,0
"Spain",8.66,0,0,0,0,0,0,0,0,0,0,0,2.02,25.45,0,0.38,19.45,0,0,1.01,0.42,0,0,0,0,0.11,0,0,0,0,0,0,0,0
"Portugal",2.08,0,0,0,0,0,0,0,0,1.82,0,0,0,9.15,0.4,0.27,4.38,0,1.01,0,0.01,0,0.06,0,1.09,0.69,0,0.03,0,0,0,0,0,0
"Germany",10,0,9.38,0,0,2.46,0,0,0,0,0,3.21,0,109.77,30.95,35.97,3.07,0,0.42,0.01,0,0,2.25,0,81.98,11.33,9.2,0,0,0,0,0,0,0.68
"Austria-Hungary",0,0,0,0,0,0,0,0,0,0,0,0,0,0.69,0.0499,0,7.34,0,0,0,0,0,7.27,0,6.75,0,0,0,0,0,0,0,0,0
"Italy",2.42,0,0,0,0,0,0,0,0,0,0,0,0,10.38,1.21,1.56,12.1,13.51,0,0.06,2.25,7.27,0,0,3.3,0.22,0,0,0,0,0,0,0,0
"Greece",0,0,0,0,0,0,0,0,0,0,0,0,0,2.99,0,0,2.79,0,0,0,0,0,0,0,0.6,0,0,0,0,0,0,0,0,0
"Russia",14.95,0,0,0,0,0,0,0,0,0,0,0,0,61.56,5.85,12.04,34.86,0,0,1.09,81.98,6.75,3.3,0.6,0,3.37,1.57,0,0,0,3.53,0,4.46,0
"Sweden",0.35,0,0,0,0,0,0,0,0,0,0,0,0,21.31,0.51,0.39,6.22,0,0.11,0.69,11.33,0,0.22,0,3.37,0,0.81,0,0,0,0,0,0,0
"Denmark",0.53,0,0,0,0,0,0,0,0,0.9657,0,0,0,9.34,0.92,0.62,1.53,0,0,0,9.2,0,0,0,1.57,0.81,0,0,0,0,0,0,0,0
"Morocco",0,0,0,0,0,0,0,0,0,0,0,0,0,1.42,0,0,0,0,0,0.03,0,0,0,0,0,0,0,0,0,0,0,0,0,0
"Tunisia",0,0,0,0,0,0,0,0,0,0,0,0,0,0,0,0,0,0,0,0,0,0,0,0,0,0,0,0,0,0,0,0,0,0
"Iran",0,0,0,0,0,0,0,0,0,0,0,0,0,0,0,0,0,0,0,0,0,0,0,0,0,0,0,0,0,0,0,0,0,0
"Turkey",0,0,0,0,0,0,0,0,0,0,0,0,0,3.24,0,0,6.48,0,0,0,0,0,0,0,3.53,0,0,0,0,0,0,0,0,0
"Egypt",0,0,0,0,0,0,0,0,0,0,0,0,0,0,0,0,0,0,0,0,0,0,0,0,0,0,0,0,0,0,0,0,0,0
"China",9.92,0,0,0,0,0,0,0,0,0,0,0,0,42.23,9.2,0,16.48,0,0,0,0,0,0,0,4.46,0,0,0,0,0,0,0,0,0.8
"Japan",6,0,0,0,0,0,0,0,0,0,0,0,0,10.14,0,0,8.17,0,0,0,0.68,0,0,0,0,0,0,0,0,0,0,0,0.8,0
