"","United States of America","Canada","Bahamas","Cuba","Haiti","Dominican Republic","Jamaica","Trinidad and Tobago","Barbados","Dominica","Grenada","St. Lucia","St. Vincent and the Grenadines","Antigua & Barbuda","St. Kitts and Nevis","Mexico","Belize","Guatemala","Honduras","El Salvador","Nicaragua","Costa Rica","Panama","Colombia","Venezuela","Guyana","Suriname","Ecuador","Peru","Brazil","Bolivia","Paraguay","Chile","Argentina","Uruguay","United Kingdom","Ireland","Netherlands","Belgium","Luxembourg","France","Monaco","Liechtenstein","Switzerland","Spain","Andorra","Portugal","Germany","Poland","Austria","Hungary","Czech Republic","Slovakia","Italy","San Marino","Malta","Albania","Montenegro","Macedonia","Croatia","Yugoslavia","Bosnia and Herzegovina","Kosovo","Slovenia","Greece","Cyprus","Bulgaria","Moldova","Romania","Russia","Estonia","Latvia","Lithuania","Ukraine","Belarus","Armenia","Georgia","Azerbaijan","Finland","Sweden","Norway","Denmark","Iceland","Cape Verde","Sao Tome and Principe","Guinea-Bissau","Equatorial Guinea","Gambia","Mali","Senegal","Benin","Mauritania","Niger","Ivory Coast","Guinea","Burkina Faso","Liberia","Sierra Leone","Ghana","Togo","Cameroon","Nigeria","Gabon","Central African Republic","Chad","Congo","Democratic Republic of the Congo","Uganda","Kenya","Tanzania","Burundi","Rwanda","Somalia","Djibouti","Ethiopia","Eritrea","Angola","Mozambique","Zambia","Zimbabwe","Malawi","South Africa","Namibia","Lesotho","Botswana","Swaziland","Madagascar","Comoros","Mauritius","Seychelles","Morocco","Algeria","Tunisia","Libya","Sudan","Iran","Turkey","Iraq","Egypt","Syria","Lebanon","Jordan","Israel","Saudi Arabia","Yemen","Kuwait","Bahrain","Qatar","United Arab Emirates","Oman","Afghanistan","Turkmenistan","Tajikistan","Kyrgyzstan","Uzbekistan","Kazakhstan","China","Mongolia","Taiwan","North Korea","South Korea","Japan","India","Bhutan","Pakistan","Bangladesh","Myanmar","Sri Lanka","Maldives","Nepal","Thailand","Cambodia","Laos","Vietnam","Malaysia","Singapore","Brunei","Philippines","Indonesia","East Timor","Australia","Papua New Guinea","New Zealand","Vanuatu","Solomon Islands","Kiribati","Tuvalu","Fiji","Tonga","Nauru","Marshall Islands","Palau","Federated States of Micronesia","Samoa"
"United States of America",0,104232.97,2409.8301,789.8,574.65,2802.7238,2525.6819,6994.9797,505.6,113.34,85.15,237.7,90.28,177.7,163.99,51618.04,225.01,1617.1289,693.9658,1045.6623,869.3014,1995.75,2243.2348,2249.281,40083.645,147.36,19.7546,6000.0349,237.0298,3647.277,26.9526,319.3252,2927.9568,802.1128,723.54,10993.5,21954.1272,21749.317,8177.517,234.4192,14517.009,0,0,7689.042,2621.047,0,1014.3567,49265.519,252.0073,5370.802,1657.5948,955.1695,875.0428,20141.794,0,183.69,54.547,81.6583,19.2716,350.613,0,9.51,0,144.3169,1269.579,168.173,19.6264,80.0119,33.8205,14127.741,238.0445,87.2963,251.3892,322.6731,634.108,175.4301,114.3562,4221.0707,4293.5356,7515.5854,2790.1362,3243.9265,243.4911,0,3.85,2.21,3292.2601,30.97,28.89,110.3598,898.13,68.96,10.01,948.9257,27.82,133.1081,24.87,7.54,428.27,0.4649,504.29,34704.8889,2059.91,16.75,3402.0399,4996.1501,127.16,63.1601,91.4999,128.84,0.5654,24.53,70.96,147.99,158.0916,14.7,17169.219,142.576,17.8284,11.8,19.28,2384.3816,22,392,157.7,130,139.6795,0.45,78.4861,22.01,1045.4136,17851.3055,73.1286,3556.5799,206.09,383.9816,7027.2622,20736.6111,3152.2288,75.57,1751.8611,407.5395,14593.0012,43279.598,433.04,4408.8601,342.15,1999.163,15976.289,415.4528,442.97,83.03,43.6101,117.203,37.75,280.1166,262428.45,28.7173,12468,57.42,11267.418,64376.87,8043.023,3.7,1635.8901,3554.207,11.77,1791.2196,18.33,38.84,13108.231,2325.5279,24.27,11206.8999,14602.656,21691.382,5.05,1361.3789,8814.718,0,14385.125,35.01,93.7876,68.69,4.02,6.2,0.1,135.99,9.47,10.4,0,0,0,9.52
"Canada",104232.97,0,147.5444,145.2195,33.018,47.5042,203.4228,71.8091,43.6562,6.0938,5.9593,13.863,8.3731,15.0537,5.9214,8021.619,3.8081,100.863,77.2734,3.8007,66.6233,231.3275,52.1278,129.7427,719.1633,210.3115,625.4253,58.3568,2115.8047,765.9016,28.7631,2.0831,857.8663,329.3806,180.2298,96.165,1606.2731,1583.9246,683.8757,45.8163,2788.2507,0,0,1826.5847,256.2271,0,123.084,9055.8824,590.8611,1096.8202,267.4908,68.8514,125.3809,2701.3523,0,12.8229,9.6724,4.2493,8.9791,40.5773,0,0.5435,0,76.3649,53.6073,12.6825,57.6314,8.7289,123.4093,523.1795,16.0319,7.7329,331.3704,55.0263,1.9154,25.1485,114.5713,1220.5259,56.6233,1795.4072,3956.8977,1307.3552,31.2854,0,0.0544,0.76,67.7839,0.7912,10.3172,48.352,14.5204,5.8523,7.48,108.9831,49.9047,13.0631,12.0496,11.1536,157.734,5.2414,18.9998,840.2552,31.7246,0.1838,5.8575,35.6531,24.9125,23.1062,47.8366,54.325,2.2379,3.4102,4.4663,2.354,23.1605,1.2154,2657.9081,5.707,21.1171,1.1762,3.3645,157.2217,259.6543,6.8632,3.4637,3.9943,3.4218,0.4643,0.3799,0.2679,196.9646,7114.7222,50.1612,132.1969,251.5334,341.9477,718.9629,2175.1338,374.8419,8.7381,40.6094,61.0581,758.1075,1397.602,86.9671,170.5962,51.5742,108.1849,1143.5875,66.7941,23.822,15.255,1.6308,29.7297,15.005,233.5502,30025.322,184.2962,2631.7459,23.2173,1802.6269,3091.621,59.0816,0.0059,327.4949,392.4357,0.5465,255.4783,5.256,2.6476,1616.6904,275.3386,13.9217,684.295,2048.2477,155.4984,0.0784,551.9293,757.9061,0,702.1603,12.3744,11.0326,0.5905,0.0438,0.0167,9,4.3265,0.3946,0.0486,0,0,0,0.4886
"Bahamas",2409.8301,147.5444,0,0.8172,0.3607,25.1054,1.7086,105.3419,4.7024,0.0048,0.3884,0.1784,0.0574,0.2153,0.0366,16.587,0.9027,23.6024,21.1396,6.1124,1.9947,2.5329,0.8846,48.2133,2658.2744,0.0304,0.0784,53.3121,6.0496,14.239,0.1025,0,2.1766,21.4389,3.0044,73.3789,3.1039,107.228,3.9074,0.0016,109.0434,0,0,5.6658,4.5311,0,1.413,174.284,177.825,24.8647,0.2248,0.3936,0.2221,109.4003,0,0.115,0.1557,0.0027,0.0416,0.2211,0,0,0,0.1298,81.3115,0.0436,13.8642,0.1113,1.4443,0.1838,0.1606,1.7929,29.5706,2.6887,0.0001,0.0463,0.3624,71.1434,4.0533,45.3478,36.3449,13.6426,0.4165,0,0,9,0,0,9,0.0145,0,0,9,0.6772,0,0,0.0552,0,0,0.032,0.769,1.7062,0.013,0,0,0,0,0,0.0465,0.0026,0,0,0,0,9,0,0,0,0.001,0,0,23.2783,0,0,0,0,0.0118,0,0.0447,0,0.3719,0.0565,0.0098,0,0,0,9.9149,0,0,0,0.181,0,0.44,102.8509,0.1349,0,0.1566,9,0.669,0,0,5.9284,0,0.001,0,0.5411,426.1277,9,1.3815,0.5135,2275.189,1772.4849,15.5267,0,2.1973,0,0,0.0275,9.0705,0,3.2459,0,0,0,40.129,334.2902,0,2.3577,0.9272,0,7.2014,9,1.7868,9,0,0,0,0,0,0,0,0,0,1.025
"Cuba",789.8,145.2195,0.8172,0,17.7671,2.3333,2.1901,45.5043,0.3557,0,0.0831,0.2401,0.0128,0,9.0007,281.0105,80.0555,26.6357,17.2771,8.5539,0.73,14.6759,22.2501,46.0778,4470.8187,54.2028,0.6396,12.6999,5.3134,529.6328,5.2464,0.6076,71.7003,90.2979,64.253,6.1605,0.8972,10.0159,42.3726,1.9148,134.2202,0,0,3.4641,1037.9062,0,24.845,309.5886,9.1167,7.8914,3.2375,23.3811,7.6101,400.407,0,0.1369,0.0836,0.2467,0.1104,3.1056,0,0,0,1.771,3.9736,6.3383,8.7878,0.1958,0.9198,118.038,0.257,0.0114,0.8919,49.4058,24.0044,0.1491,5.2334,0.3261,2.727,40.6464,0.8324,11.2888,0.3815,0,0,10.6611,0,0.0973,0,0.5832,0,0.0765,0,0.1241,9.0102,9,0,9,4.1972,0,0,0.4773,0.0055,0,0,0,9,0.1335,0,0.0024,0,0.0078,0,0,0.0158,0,9,0.0206,0.0028,0,0,9.5423,0,0,0,0,0.11,9,0.2561,0,23.7996,245.1533,0.6504,74.7662,0,1.9879,21.6299,0,0.312,0.5975,2.7916,0.0124,0,0.7778,0.009,0.5827,3.2889,1.1361,2.6762,0.2212,0,0,0,0.048,0,43.7269,564.0275,0.3622,4.8259,0,374.8482,57.9422,36.0812,0,1.2815,9,9,0.0332,0,0,8.459,9.0038,0,537.35,11.034,100.4083,9,1.489,13.592,0,0.2333,9,102.1486,0,0,0,0,0,0,0,0,0,0,0
"Haiti",574.65,33.018,0.3607,17.7671,0,629.076,3.663,20.3458,1.8235,0.0023,0,0.0608,0.0322,0,0.0654,16.8312,0.0305,22.5927,7.4272,3.304,9.3043,11.9905,0.085,49.5741,52.1378,5.2294,1.3052,0.4085,62.4169,52.9233,0.0439,0.0261,3.8194,17.638,5.084,6.8139,1.2303,21.0265,4.8279,0.0391,18.1529,0,0,3.0745,9.562,0,0.149,16.2447,8.4839,3.038,0.4621,2.1426,0.006,19.1649,0,0,0.0737,0.0004,0,0.002,0,0,0,0.0106,0.0084,0.0615,0.1486,0,0.1109,0.0859,0.0014,0.006,0.0335,0,0.0939,9,0,9.0006,0.4613,12.301,1.87,4.4573,0.0111,0,0,0,0,0,9,0.0091,0.0045,9,9,0.0059,0,0,0,9,0,0,0,0.0614,0,9,0,0,0,0.002,1.1716,0,0,9,0,9,9,0,0,0,0,0,0,2.2187,0,0,0,0,0.0004,9,0.022,0,1.4645,0.0083,0,7.9921,0,0,10.8188,0,3.2389,0,0.036,0.131,4.07,0.0688,0,0.0864,0.0039,0,1.004,0.0215,0,0,9,9,0,0.0005,132.3401,0,1.5576,0,12.287,50.6066,47.1007,0,4.9006,0,0,0.1816,0,9,3.3647,0.0701,0,0,88.2473,0,0,0.0604,9.5435,0,1.3204,0,0.6853,9,0.0537,0,0,0,0,0,0,0,0,9.1463
"Dominican Republic",2802.7238,47.5042,25.1054,2.3333,629.076,0,66.5724,373.1325,5.3181,5.5983,0.5974,8.2078,1.3966,13.6946,11.0208,796.7826,3.5184,95.7624,16.0837,59.4286,17.1113,157.5432,161.2224,871.3783,1348.0633,8.9893,1.2809,38.7412,31.5101,432.072,2.5011,5.2236,47.1023,167.0085,18.9688,44.395,8.6022,87.2865,164.2784,0.7603,99.97,0,0,46.5221,220.6723,0,5.6638,166.6809,1.0937,1.7905,1.2208,0.6408,6.6304,124.1042,0,1.8104,0.1197,0,0.327,0.986,0,0,0,1.8445,0.8686,0.2409,0.0305,9.1077,15.4035,71.1088,0.0767,0.4925,0.2873,107.5995,0.2824,0.093,7.1062,0.0055,109.3335,94.972,35.3101,111.8308,0.0802,0,0.3674,9.0576,0,0.1354,9,0.0043,0.0572,9.0017,0,0.5248,0.0977,9,0.0475,0.0005,5.4497,0,1.953,1.3256,9.2014,7.8957,9.0737,0,0.3318,0.0063,0.0409,0.0143,9.2038,9,9.0045,9.0267,0.1247,0,9.1407,0.027,0.0108,0.0056,0.4227,5.2251,9.1756,9.0037,0.0102,0.5958,0.0759,9.0929,0.218,0,0.0222,0.2493,0.2486,0.0302,0.0112,0.0128,30.0467,1.242,1.2395,0.1563,1.4337,0.9683,21.2801,0.5679,0.6408,0.0432,0.0154,0.2804,0.2239,0.0053,5.9969,0,0,9.021,0,0.0153,362.5852,0.0009,1023.7479,70.8125,19.6371,366.3757,63.1367,0.0009,17.3641,2.4678,0.0002,0.8696,9.0045,9,67.3217,0.3063,0.0069,8.6092,0.6041,26.0091,0.0701,3.8771,24.4279,0,9.8828,0.0043,20.8949,9,0,9.0004,0,7.007,0,0.5214,0,0,0,0
"Jamaica",2525.6819,203.4228,1.7086,2.1901,3.663,66.5724,0,1452.4151,56.2646,8.4347,1.621,2.3854,1.8437,4.8287,2.8451,198.7373,1.6782,40.072,16.1486,1.1354,0.0139,58.9448,42.1687,38.0999,915.5395,42.0356,18.2472,3.168,4.3611,216.1617,0.302,0.0007,10.724,13.9109,9.6166,127.5921,6.9753,229.0662,27.564,0.0035,100.376,0,0,140.5474,63.2177,0,0.5921,78.4589,1.4153,18.5224,8.173,0.0062,0.025,18.7566,0,0.6152,0.0373,0.0282,0.0028,0.0167,0,0,0,0.2992,0.1385,0.023,0.0118,0.0034,54.2389,206.9977,0.0239,0,0.064,5.6539,0.0217,0.0041,0.0026,0,3.1497,44.1029,62.2874,13.0823,45.9161,0,0,0,0,0,0,0.0728,0,0,9,0.0031,0.045,9,0.0104,0,6.472,0,0.0073,7.2959,0,0,0,0,0,0.0246,0.1405,0.0001,0,9,0,0.0508,0,0,0,0,0.009,0.0733,0.0002,3.0453,0.0062,0.0052,0,0,0,0,0.0012,0,0.0132,0.0002,0.004,0,0.43,0.171,46.5226,0,0.4884,0,0.012,0.0507,18.8114,0,0.0295,0,0,0.0441,0.5022,0,0.0001,0,1.7523,9.001,0,0.0035,346.6716,0,19.0274,1.9048,26.6474,165.0207,17.5458,0,1.1706,0.3989,0,1.1066,0,0,34.4015,0.0638,0,1.7519,15.8893,3.0002,0,1.0465,9.8683,0,18.0874,0.0137,31.0381,0.0003,0,0,0,0,0,0,0,0,0,0
"Trinidad and Tobago",6994.9797,71.8091,105.3419,45.5043,20.3458,373.1325,1452.4151,0,492.8654,66.6706,213.5547,210.6903,102.3803,81.0812,93.0554,963.564,34.0458,9.4936,40.2184,17.9451,6.4799,0.6174,35.9919,276.3853,224.2573,336.1707,28.6225,4.8651,28.5287,512.2843,0.0149,0.8181,12.653,232.1264,17.1056,103.8392,42.7595,1365.325,40.7419,5.3603,210.2191,0,0,21.4097,1594.2126,0,5.7167,308.0968,1.4251,27.1497,2.9963,5.8031,1.9598,178.918,0,0.0728,0.0145,0,0.0111,2.323,0,0,0,0.3517,0.8234,0.2035,18.4525,9,0.5703,502.2958,0.0321,0.0003,0.0315,2.1154,0,0.0152,0,0.0194,31.366,57.7734,2.3249,21.3928,0.0246,0,0.0013,0,0,0.4833,0,19.3946,0.0081,0.041,0,0.0811,0,0,0.0024,0.0227,0.6745,1.8939,110.7601,0.6934,369.6722,0.0489,0,0,0,0.6576,0.6865,0.6405,9,0,0.0001,9,0,0,134.6496,0.0341,0,0,0.1804,51.7065,0.0071,0,0,2.4106,0.4554,0.094,0.0016,0,15.9747,0.3831,0.0991,0.0281,0,0.7224,21.078,0,0.9441,0,1.7931,0,2.64,0.5558,0.0051,0.0033,0,0.0045,0.7887,0.0696,0.1976,0,0,9,0.0464,0.5029,363.2725,0,66.2158,7.3476,367.4822,82.0427,295.6617,9,2.0556,0.4948,0.0205,1.7995,0,0,101.2719,0.3632,0.0006,0,27.962,70.7819,0,0.4601,46.837,0,6.3268,0.069,45.4848,0,9,0,0,0.1402,0,0,0,0,0,0.0698
"Barbados",505.6,43.6562,4.7024,0.3557,1.8235,5.3181,56.2646,492.8654,0,4.3518,11.554,27.9618,14.9138,15.5933,16.6396,0,0.7448,2.5015,4.8263,0.0865,3.2509,11.4342,2.2743,127.628,11.6655,14.5809,19.1937,0.4215,1.0225,20.5609,0.0007,0.0194,1.6596,2.6085,5.0014,38.5203,2.6295,16.4955,5.5787,0.2933,18.664,0,0,17.0813,6.1756,0,0.9342,79.9367,0.1684,3.6084,0.5596,1.0072,0.1209,11.1333,0,0.0016,0.0029,0.0051,0.0126,0.024,0,0.012,0,0,4.0328,0.2551,0.1328,0,0.2848,143.3668,0.023,0.3875,0.0179,1.1025,0.4111,3.1357,0,0.042,0.4761,22.1983,1.1245,6.9841,0.2889,0,0,0,0.0003,0.0122,0.0646,0.014,0.0002,0.0007,0,0.0699,0,9,0.0417,0.1811,0.0265,0,1.1864,0.0471,0.0034,0.013,0.0005,0.0009,0,0,0,0.005,0,0,0,0,0,9.0223,0,0,0,0.0973,0.0474,2.042,0.1038,0.0001,0.0001,0.1746,0.0007,0.0022,1.5154,0.0015,0.0137,0,0.1088,0,0,0.0513,28.3547,0,0.1959,0.0027,0.5046,0,1.87,0.0735,0,0.0004,0.0484,0,0.423,0,0.0005,0,9.0033,0,0.0121,0.014,31.366,0.0004,0.7368,2.2834,8.6823,51.64,4.0714,0,0.4264,0,0,0.0708,9,0.0001,13.6683,0,0.0037,0,1.8502,0,0,0.1568,4.179,0,6.7698,0,25.0046,0,0,0,0,0.2205,0,0.0015,0,0,0,0
"Dominica",113.34,6.0938,0.0048,0,0.0023,5.5983,8.4347,66.6706,4.3518,0,5.6257,1.6009,4.4943,11.6073,4.1851,0,0.0762,1.0215,0.0423,0.0921,0.0443,1.3079,0,1.1567,1.6637,6.1409,0.3401,0.2427,0.5155,3.2074,0,0.0057,0.1537,0.2406,0.0309,0.2701,0.1516,2.6738,0.4906,0.0003,1.5691,0,0,0.4965,2.3267,0,0.2286,2.0983,2.9681,0.5653,2.0646,0.8944,0.0004,2.4166,0,0,0,0.0796,0.0257,0.5539,0,0,0,0,0.1524,0.0061,0.1492,9.104,0.0018,2.0917,0.0102,0.2305,0.058,0.2979,1.2811,0.0739,0,0.0543,0.1726,0.2012,0.3419,1.3221,0,0,0,0,0,0,9,0.1155,0,0,0,0.1039,0,0,9,9,0.0227,9,0,0,0,0,0,0,0,0,0.1199,0.0292,0,0,0,0,0,0,0,0,0.0168,0,0,0.6097,0,0,0,0,0.0001,0,0.0028,0,0,0.0051,0,0,0,0,0.5198,0,0.0586,0,0.0716,0,0,2.5222,0.1512,9,9.0036,0,0,0.0801,9,9.9935,9.018,9.004,0,0.1531,44.723,0.0161,8.882,0.127,8.5313,221.1749,1.9969,0,0.3599,0,0,0.2967,9,0,4.1227,9,0,0,0.967,0,0,0.0593,1.4812,0,2.999,0,0.0162,9,0,0,0,0,0,0,0,0,0,9
"Grenada",85.15,5.9593,0.3884,0.0831,0,0.5974,1.621,213.5547,11.554,5.6257,0,3.4723,4.3175,5.9388,5.0018,0,0.0091,0.9107,3.0349,0.0086,0,0.2437,0.1078,4.6984,0.3087,8.9549,0.0126,0,0.0863,7.4058,0.0003,0.0052,0.5729,0.7368,0.0135,5.9051,0.3394,3.7396,0.396,0,1.5109,0,0,0.3946,0.6078,0,0.0147,2.8123,0.065,0.3442,0.0023,0.0059,0,2.912,0,0.0004,0.012,0.0315,0.0021,0.0518,0,0,0,0,0.0133,0,0.0104,9,0,0,0,0,0.2691,0,0.0176,9.0024,0,0,1.1017,0.5791,1.1855,1.7992,0,0,9,0,0,0,9,0,0,0,0,0.002,0.0535,0,9,9,0,0,0,35.3239,9,0,9,0,0,0.0129,0,0.1428,9,9,0,0,0,0,9,9,0,0.0206,9,0,9,9,0,0,0,0,0.0222,9,0,0.0122,0.0022,0,9,9,0.0722,9,0.038,0,0,0,0,0.1355,0,9,9,0,9,0.0318,9,0,0,9.097,0,0,4.4461,0,0.7581,9,1.6417,9.7111,0.4762,9,0.536,0,0,0.0005,9,0,2.0669,9,9,0,0.2904,0,9,0.0032,0.433,0,0.1295,0,2.9942,0,9,0,0,0,0,0,0,0,0,9
"St. Lucia",237.7,13.863,0.1784,0.2401,0.0608,8.2078,2.3854,210.6903,27.9618,1.6009,3.4723,0,5.5701,5.5048,1.754,0,0.4599,1.205,3.2548,0.0118,0,1.2314,3.3706,6.5704,152.6533,13.9631,1.1259,20.5548,1.8635,3934.1111,0,0,0.8081,0.7783,0.22,2.7598,0.2944,4.5215,2.0296,0,36.2462,0,0,3.98,0.7816,0,0.0561,5.0722,0.7958,0.4149,0.0745,0.0195,0.1286,5.5456,0,0,0,0,0,0.002,0,0,0,0,0.0331,0,0.0012,0,0,0,0,0.072,0,0,0,0,0,0,0.2832,1.0287,0.2576,1.1829,0,0,0.0159,0,0,0.0298,0.005,0,9,0,0,0.0003,0,0,0,0,0,0,0,0,0.0819,0,0,0,0,0.0013,0.0029,0,0,0.001,0,0,0,0,0,0,0,0,0,0,0,0,0.0016,0.3416,0.008,0,0.0002,0,0,0,0.0012,0,0.0626,0.0446,0.2265,0,0,0,0,0.8496,0.0915,0.0097,0,0,0,0,0.745,0,0,0,0,0,0,0,9.0403,0,1.231,1.9319,21.2243,16.6331,20.1925,0,0.5347,0.1166,0,0.0163,11.7265,0,4.1568,0,0,0,0.2313,0,0,0,0.8498,0,3.2178,0,4.7556,0,0,0,0,0,0,0,0,0.0006,0,0
"St. Vincent and the Grenadines",90.28,8.3731,0.0574,0.0128,0.0322,1.3966,1.8437,102.3803,14.9138,4.4943,4.3175,5.5701,0,4.2103,1.8603,0,0.1644,0.5696,0.9074,0.0062,0,0.6131,0,1.5147,0.0179,3.1159,0.144,0,0.8551,2.6946,0,0,0.2498,1.3295,0.0001,7.3782,0.4923,3.7301,1.0683,0.0354,40.9116,0,0,2.942,7.2505,0,0.1375,6.5193,2.8254,0.2709,0.0377,0.191,0.1746,30.1537,0,0,0.0287,0,0,0.3732,0,0,0,0.1138,68.0135,0,3.2891,0,1.2825,18.0129,0.3524,1.6663,0.7014,0.2779,0,0,9,0,0.0827,1.2874,38.5382,2.6517,0.7053,0,0,9,0,0,0,0.1499,0,0.0001,0,1.3778,0,0,0,0.0048,0.0034,0.1354,0.0007,0.0164,0,9,0,0,0,0.0045,0,0,0,0,0,0,9,0,9,9,0,0,0.0013,0.9912,0.0006,0,9.0002,0.0121,0.0067,0,0,9,0,0.0093,0.0273,0,0,0.0018,14.3803,0,0,0.0096,0,0.0045,0,0.0541,0,0,0,0,0,0,0,0,0,0,0,9,38.1476,0,1.2224,0.1544,0.5445,22.1018,12.9622,9,0.5901,13.0329,0,0.0119,0,0,0.8641,0,0,0,0.1981,204.2624,0,0.0018,0.691,0,2.3768,0,1.0926,0,9,0,0,9,0,9,0,0,0,0
"Antigua & Barbuda",177.7,15.0537,0.2153,0,0,13.6946,4.8287,81.0812,15.5933,11.6073,5.9388,5.5048,4.2103,0,3.1917,0,0.7949,0.4255,2.1261,0,0,0.5852,0,0.9097,3.1939,11.8892,4.2817,0.163,0.8317,7.0325,0.005,9,0.7242,0.3515,9.8354,7.5751,0.2827,24.2283,1.8918,0,9.2578,0,0,4.2886,1.7171,0,57.9973,79.7125,26.3338,0.5451,0.1411,0.3265,0.0002,18.5303,0,0.0344,0.495,0,0,0.105,0,0,0,0.2418,20.6603,0.1885,26.5106,0.001,18.0586,0,0.0362,1.0841,5.4839,0,0,9,0.0955,0,3.6375,1.9076,21.0865,3.1304,0.0205,0,0,0,0,0,0,0,0,0,0,2.5834,0.0052,9,0,9,0.0371,0.1092,0,3.806,0,0,0,0,0,0.0023,0,0.1283,0,0,0,0,0,0,0,0,0.0003,0,0,4.1699,0,0,0,0,0.3165,0,0.0009,0,0.3267,0.0023,0.0856,0,0,0,1.7246,0,0.0001,0,0.1292,0,0,0,0,0,9.0136,0,0,0,0,1.5719,0,0,0,0,528.916,0,0,0,82.152,25.0051,2.5303,0,0.025,0,0,0.0368,9,0,0,0,0,0,0.3536,409.0973,0,0.0046,0.3664,0,0.0898,0,1.0055,0,0,0,0,0,0,0,0,0,0,0
"St. Kitts and Nevis",163.99,5.9214,0.0366,9.0007,0.0654,11.0208,2.8451,93.0554,16.6396,4.1851,5.0018,1.754,1.8603,3.1917,0,0,0.0235,0.5419,0.0571,0.0058,9,1.2283,12.7736,0.3115,0,0.512,0,0,0.9507,1.3292,0,9,0.1542,0.7446,0.118,19.4626,0.3352,1.3462,0.7055,0,2.798,0,0,0.8734,4.74,0,0.1359,8.2317,1.2653,0.9257,0.0043,1.0566,0.0019,2.7256,0,0,0,0,0,0.4283,0,0,0,0,2.4514,0,0.2116,0.0068,0.1365,0.6676,0,0.4423,0.0051,1.4942,0.0022,0.0367,0,6.9229,7.0868,1.0779,15.4389,0.352,0,0,0,0,0,0,0,9,9,0,0,0.0081,0,0,0,0,9,9,9,0.1614,9,9,9.0045,9.0002,0,0,0.2515,0.0915,9,9.0425,0,0,0,0,0,0,0,0,0,0.3358,0.0022,0,0,9.0095,0.0033,0,0.0044,0,0,0.0138,9,0,0,9.0083,11.906,0,0,0,0.8018,9.0025,0.1722,9,0,0,9,9.0765,9.0052,0,9.0704,0,0,9,0,0.1537,2.9495,0,0.2724,9.8222,1.6484,13.4218,0.9932,0,14.8629,0,0,0,0,0,9.3153,9,9.0012,0,1.1158,0.0738,0,0.0022,0.7642,0,0.2077,0,0.1761,9.0001,0,0,0,9,0,0,0,9,0,0
"Mexico",51618.04,8021.619,16.587,281.0105,16.8312,796.7826,198.7373,963.564,0,0,0,0,0,0,0,0,123.9451,860.2924,202.2075,796.8519,228.3555,96.8262,179.7076,1947.2792,1261.1246,0,4.1093,448.2587,808.9366,2263.5838,49.9261,60.7763,1053.2445,15.2712,172.1266,199.9226,879.7933,2252.8762,457.9512,14.217,3077.3048,0,0,1337.6593,227.1469,0,308.5174,8173.8676,150.59,766.7429,101.5217,126.8453,110.828,4890.3639,0,5.8386,3.8271,1.705,5.3217,48.961,0,0,0,39.5022,210.1905,9.3055,1.8697,2.0008,63.206,285.6067,33.2141,5.1915,65.0536,158.4743,13.4144,2.9404,52.9623,1.3158,297.7575,1021.8384,160.44,260.319,7.6449,0,0,0,0,0,0,0.0524,0,0,0,24.586,0,0,3.7406,0,0,0.0062,0,464.5945,0,0,0,9.1251,0,0.2224,0.9712,0,0,0,0,0,0.4366,0,0,0.111,0.2638,0,0,215.5787,9,0,0,0,0.641,0,1.5992,0,184.1669,360.277,38.4058,33.1901,7.329,17.4728,103.6841,0,327.303,0,23.0288,17.5295,460.8764,472.3246,0,116.3148,0,78.4324,0,3.9331,0,0,9,0.962,0,81.33,34696.5069,0.9781,7017.2239,0,13853.6329,14091.896,102.5729,0,135.3786,61.0528,0,102.7756,0.0745,0.12,2112.5798,21.1154,0,374.8,4912.456,1163.1895,0,1295.8238,902.8951,0,380.1537,0,327.7364,0,0,0,0,0,0,0,0,0,0,0
"Belize",225.01,3.8081,0.9027,80.0555,0.0305,3.5184,1.6782,34.0458,0.7448,0.0762,0.0091,0.4599,0.1644,0.7949,0.0235,123.9451,0,61.0154,10.6748,16.6156,0.1437,23.4842,0.0324,1.911,1.076,0.4933,0.1104,0.0585,0.5345,4.6988,0.0011,0.1007,0.6972,0.1974,0.3592,71.5397,9.5387,0.4207,1.8908,0,2.6878,0,0,8.5409,6.9504,0,0.0266,11.5493,3.4869,5.318,0.2446,0.997,0,10.6218,0,0,0.0488,0.0443,0,0.2722,0,0,0,0.441,0.0211,0,0.6342,9,0.6211,31.2228,0.1631,1.253,4.9268,4.5191,1.583,2.157,0.2969,0.0155,0.2489,2.3677,4.5381,3.0355,0.0055,0,0,0,0,0,0,0,0,0,0,20.9706,0,0,0,0,0,0.0832,0,18.4159,0,9,0,0,0,0,0.0154,0.1497,0,0,0,9,0,0,0,0,0.0028,0,0,0.0691,0,0,0,0,0.0217,0,0.0388,9,0,0.3147,0.0004,0,9,0,1.8342,0,0,0,0.1656,0,0,0,0.0005,0,0,0,0,0.0006,0,0,20.5884,9,0,1.1358,45.63,0,6.8573,0,5.5987,0.6202,4.3359,0,0.263,0,9,0.0567,0,0,3.5297,0.0391,0,0,0.1896,0,0.1813,0,7.1898,0,0.2921,0,0.3034,0,0,0,0,0,0,0,0,0,0,9
"Guatemala",1617.1289,100.863,23.6024,26.6357,22.5927,95.7624,40.072,9.4936,2.5015,1.0215,0.9107,1.205,0.5696,0.4255,0.5419,860.2924,61.0154,0,410.4576,134.6859,168.9687,123.1892,265.2254,250.8234,99.6966,2.8671,1.0166,111.5419,125.8879,241.7954,1.2817,0.9138,155.7557,137.0417,55.3585,13.9407,6.5537,79.6724,78.9514,0.2832,17.4059,0,0,11.6596,112.7406,0,7.0229,108.8258,0.7855,9.8105,0.5094,1.6875,0.0099,30.2345,0,0.6575,0.0086,0.0066,0.0035,1.532,0,0.0232,0,0.2315,1.8486,0.002,2.7098,0.0097,14.446,72.1085,0.0337,37.3024,0.2233,13.9922,0.0854,0.0347,0.0182,0.0001,0.4306,38.824,41.0864,2.4928,0.3003,0,0,0,0,0,0,0.0765,0.0919,0,0,0.921,0,0,0.0168,0,0.3227,0.0356,0.5406,37.7153,0.1226,0,0,0,0.0984,0.0093,1.6532,0.0031,0,0,0,0.0552,0.0579,0.0012,10.7529,0.8916,0.0257,0,0.0002,0.9699,0.0023,0,0,0.7399,0,0,0.1228,0.1041,0.988,0.0139,0.0008,0,0.1974,0.4334,13.3387,0,0.0745,26.3293,1.3138,1.092,29.462,79.1073,0.7306,10.5354,0.4818,1.0605,19.9927,0.5059,0.0609,9,0,0,0,0.1291,986.4943,0.7482,90.3431,10.4678,314.2657,217.3893,125.1133,9,5.5651,2.1154,0,0.6842,9,2.68,96.8617,0.0408,0,3.7587,6.6052,15.5812,0,2.3634,13.7287,0,31.1531,0.005,16.1979,0,0,0,0,0,0,0,0,0,0,0
"Honduras",693.9658,77.2734,21.1396,17.2771,7.4272,16.0837,16.1486,40.2184,4.8263,0.0423,3.0349,3.2548,0.9074,2.1261,0.0571,202.2075,10.6748,410.4576,0,106.8251,11.7764,259.0923,359.9313,85.9275,135.6712,0,0.4354,231.6841,18.0101,125.2683,0.27,0.1184,86.031,31.4166,29.4446,63.0045,0.6461,1.5527,172.103,0.0669,8.215,0,0,11.3878,41.0462,0,9.0998,77.4211,0.898,3.3977,0.8492,0.639,0.7019,12.5795,0,0.0001,0.0329,0.0416,0.0248,1.219,0,0,0,0.0031,0.2664,0.0889,1.191,0.046,0.6734,24.2316,0.3391,0.0278,0.0089,28.578,0.0819,0.0654,0.0615,0.2008,1.6642,91.0583,1.1407,2.0494,0.0741,0,9,0,0,0.0084,0.0189,0.2591,0.047,0,0.0193,0.0359,0.1381,0.0888,0.0329,0.0298,0.0757,2.4155,0.0669,2.7775,0.097,0.0387,0,0.3593,0.1102,0,0.0885,0.2479,0.0212,9.0078,0.0029,9.0572,0.0046,9,0.1935,0.0144,0,0.0023,0,0.6377,9,0,0,0.15,0.0036,9.1099,0.0311,0.0237,34.9425,0.1228,0.0136,0,0.0054,0.3124,3.2079,0.0115,0.0013,0.0474,0.3811,0.3265,27.2434,2.9978,0,0.1314,0.0017,0.0331,0.7349,0.1169,0.0067,0,9,0.1223,0.0017,0.0093,313.3069,0,24.3733,8.8506,30.7364,115.3335,55.1612,0.0203,1.8406,0.6684,0,1.1357,9,0,87.84,9.101,0,0.2954,13.6658,1.2007,0.0323,1.5297,6.0699,0,1.7209,0.0592,1.0258,0,0.0206,9.1371,0,0,9.0114,9.0759,0,0,0,9
"El Salvador",1045.6623,3.8007,6.1124,8.5539,3.304,59.4286,1.1354,17.9451,0.0865,0.0921,0.0086,0.0118,0.0062,0,0.0058,796.8519,16.6156,134.6859,106.8251,0,24.6644,109.8032,106.8277,170.7367,180.5206,0.5294,0.0646,348.3953,27.4589,326.4245,0.4044,1.5364,151.122,77.1566,34.2695,9.8762,2.595,0.1359,17.2328,0.0315,38.9054,0,0,40.1153,4.0624,0,5.915,11.8995,1.7833,7.9377,0.1243,37.1187,0.1505,65.3672,0,0.0006,0.0002,0.0032,0.0025,0.171,0,0,0,0.0091,0.339,0.0503,0.2554,0.0283,0.0116,48.8282,0.0058,0.1592,0.2557,22.3999,8.8727,0.1028,0.0235,9.0466,41.6375,36.1345,16.4992,14.6984,0.0101,0,9,0,9,0,0,0.0001,0,0,0.0147,0.0005,0.0015,9,9.0001,9,0.0008,0,0,34.9322,0.0273,0,9,9,0,0,0.1377,0.003,9,9.0001,9,0,9,0,19.8059,0,0,0.2031,0,1.6043,0,0,0,0,0.0065,0,0.002,0.0102,0.5754,0.8602,0.0279,0.7167,0.0005,0.0324,6.3243,0,0.4848,0,0.0709,0.0864,12.4355,4.6959,0,0,0,0.2303,0.1795,0.193,0.0055,9,0,9,0,0.002,524.696,0.0025,0,2.1324,111.9479,166.9978,22.2476,9,25.1924,0.7233,9,0.5665,0,9,40.0445,0.1777,0,1.2209,17.9582,6.7766,0,0.7789,9.626,0,31.8496,0,18.4734,9,0,0,0,0,0,0,0,0,0,9
"Nicaragua",869.3014,66.6233,1.9947,0.73,9.3043,17.1113,0.0139,6.4799,3.2509,0.0443,0,0,0,0,9,228.3555,0.1437,168.9687,11.7764,24.6644,0,237.8983,5.9198,8.2108,541.8369,0.0052,0.0007,105.8196,10.1979,94.1329,0.1943,1.2059,50.7037,26.5797,11.3013,13.4743,6.0144,43.684,21.4982,0.1125,0.2037,0,0,5.6218,12.1422,0,0.6846,15.6822,0.9882,4.2193,0.5112,0.5018,1.3054,1.41,0,0.0018,0.021,0.0002,0.0001,0.084,0,0,0,0.0343,0.316,0.063,0.3008,0,0.1247,35.5234,0.0196,0.0043,0.0204,0.9624,0.1555,0.057,9,0,16.5036,10.4282,0.5985,2.7759,0.4004,0,0,0,0,0,9,0.0004,0,0.0046,0.0166,0.0112,9,9,9.0018,0,0,0.0244,0.0025,0,9.0008,0.0012,9,0.0069,0,0.0079,0.0092,0.0009,9,0,0,0,0.6257,0,9,0,0.0019,0,9.0018,0.2874,0,0,0,0,0.009,9,0.0178,9,0.2775,0,0.0745,0,0.0047,0.0264,2.1419,9,0.3692,0.0001,0.4463,0.0753,5.5597,0.0016,0.315,9,0,0,2.3825,0,0,0,9,0,0,0,334.7362,9.0083,0.2062,5.9949,86.7088,99.2406,90.1621,9.0002,0.3135,0.6289,0,0.7319,9.0055,0,48.1473,0.9402,9.0018,2.2892,16.7202,3.0564,0,1.1266,8.121,0,5.0642,9,4.1062,0,0,0,0,0,9,0,0,0,0,9
"Costa Rica",1995.75,231.3275,2.5329,14.6759,11.9905,157.5432,58.9448,0.6174,11.4342,1.3079,0.2437,1.2314,0.6131,0.5852,1.2283,96.8262,23.4842,123.1892,259.0923,109.8032,237.8983,0,206.2407,348.6808,618.0101,4.6003,2.9591,16.0541,0.2872,192.6395,1.6432,0.0124,185.6897,48.2058,18.0022,758.1188,0.174,2073.8738,595.9904,2.3281,49.419,0,0,78.1152,46.1915,0,69.8921,19.7064,1.8135,21.0542,3.7254,5.8516,4.1546,19.8457,0,0.014,0.0672,0.1669,0.6363,2.891,0,0.1481,0,0.1086,0.9565,0.0613,0.2328,0.4644,3.0139,42.9011,1.2916,15.5022,2.943,2.7026,11.7473,0.429,0.002,0.1471,7.5872,22.3861,30.6425,19.7255,4.134,0,0.0031,9.0036,0.0176,9.0038,0.0004,0.0269,0.004,0.0542,0,0.4577,0.0001,0.0466,0.035,0.0001,0.1867,0.0333,8.5267,6.3942,0.0005,0.0183,0,0.0021,0.0219,0.0014,0.1127,0.0575,0.0641,0,0.0001,0,0.0571,0.0001,0.0167,0.0393,0.289,0.002,0.5502,27.3357,0,0.0128,0.0421,0.0015,0.1614,0.116,0.1711,0.0001,2.3277,1.2514,0.4511,0.0049,0.0113,0.1385,28.1854,0.0006,0.7628,0.02,2.4254,0.3594,41.4207,1.8899,0.0434,0.0461,0.0313,2.1463,0.6958,0.1234,0.2705,9,9,0.029,0.0006,1.2774,1689.0863,0.0178,78.368,27.1732,148.9764,474.8908,27.3576,9.0014,13.0002,1.6527,0.0187,0.4636,0.006,0.0286,57.2503,1.0396,0.0379,4.0953,263.3033,252.7258,9.0086,43.6726,2.1978,0,94.3756,0.1116,0.9634,0.0026,0.0005,0.001,9.0173,0.0076,0,0,0,0.0165,0,0.0125
"Panama",2243.2348,52.1278,0.8846,22.2501,0.085,161.2224,42.1687,35.9919,2.2743,0,0.1078,3.3706,0,0,12.7736,179.7076,0.0324,265.2254,359.9313,106.8277,5.9198,206.2407,0,112.353,1614.8625,0.0291,9.3122,400.6012,212.18,109.9789,0.9505,5.0017,10.0761,35.9294,7.7089,7.3438,9.9356,82.4579,95.0334,0.1837,30.7259,0,0,111.473,39.9605,0,5.4451,218.609,62.1598,18.2264,0.2261,0.3728,0.0135,144.4969,0,0.0006,0.0974,0.3344,0.1074,46.16,0,9,0,0.0641,135.2258,0.0911,0.142,4.2178,1.8172,8.2682,0.0578,7.3496,10.3661,4.3025,6.838,0.6205,1.786,8.3645,15.8263,6.3536,14.0751,40.1009,1.7821,0,9,9,9,0,0,0.0251,0.0192,0,0,7.7949,0,9,9,0,0.6521,0.0029,0,0.518,0,9,0,0,0,0.0574,3.6616,0,9,0,9,0,0,0,0,0,0.0204,0,0,1.8716,0,0,0,0,0.781,0,1.7222,0,4.2436,0.006,1.827,0,2.309,0,24.5545,0,0.3296,0.0309,0.0011,0.0151,21.1867,0.0939,0.0331,0.0679,0,0.3897,0.082,0.0008,0,0,0.2378,0,0,0.6757,419.3415,0,3.5945,0,613.8083,360.3742,145.0625,9,1.7268,1.318,9,0.3671,0,9,67.2301,4.1773,9,64.1522,2.7121,17.5999,0,21.1311,31.6613,0,1.222,0.1641,27.2024,9,0,0,0,0,0,0,0,0,0,0
"Colombia",2249.281,129.7427,48.2133,46.0778,49.5741,871.3783,38.0999,276.3853,127.628,1.1567,4.6984,6.5704,1.5147,0.9097,0.3115,1947.2792,1.911,250.8234,85.9275,170.7367,8.2108,348.6808,112.353,0,5614.8026,5.7479,6.8941,972.8028,609.2527,1415.3665,117.3029,0.8903,1469.0257,766.3322,23.2459,877.6269,57.9318,1401.2291,837.2687,3.4543,586.5357,0,0,98.3253,121.2635,0,267.8639,781.1728,77.3208,127.3836,14.4057,14.0018,5.2242,195.7092,0,0.2532,1.4883,0.0674,0.6337,55.0299,0,0.1008,0,5.8024,11.6358,1.4055,4.5489,0.6221,4.985,55.822,3.1765,9.7509,28.3351,58.2078,24.2779,1.1943,0.122,0.0191,141.1914,100.9203,18.9854,129.5018,0.1431,0,0.3395,0,1.4384,0.0392,0.0038,5.5526,1.2508,0.2047,0.0779,86.4176,0.6242,0.0488,1.0292,0.1757,2.4312,0.0043,1.7152,1.4653,0.3707,0.2402,0.0071,77.0415,0.0816,0.0555,0.3241,0.9303,0.0071,0.433,0,0.1183,0.0502,0.0011,0.9118,1.3148,0.3409,3.3123,0.7703,8.9483,0.0048,0.0004,0.0001,0.0366,0.1895,0.001,1.5823,7.2543,13.6368,0.2873,0.187,8.3249,0.0752,0.9244,210.4058,0.5394,5.2004,4.4369,4.3721,1.6174,276.1448,4.382,0.6074,1.2619,1.3181,1.4375,5.2219,0.0443,0.1458,0.0093,0.0005,0.0201,0.1762,0.2243,3497.1502,0.0501,54.5559,14.9909,776.3907,688.2394,494.6185,0.4321,34.615,3.2221,0.1809,7.85,0,0.3226,270.3206,0.7742,0.0356,62.42,167.8958,129.0476,0.0108,3.8538,122.6006,0,22.1581,0.0072,0.0714,0,0,0,0,0.1452,0.0003,0.011,0,0.0334,0,0.2679
"Venezuela",40083.645,719.1633,2658.2744,4470.8187,52.1378,1348.0633,915.5395,224.2573,11.6655,1.6637,0.3087,152.6533,0.0179,3.1939,0,1261.1246,1.076,99.6966,135.6712,180.5206,541.8369,618.0101,1614.8625,5614.8026,0,6.7633,0.6641,2037.6801,593.3005,4512.4062,189.563,374.8597,957.5612,1514.4003,292.2906,836.7725,166.8269,1199.7361,268.5638,7.5564,17.8154,0,0,278.6784,1029.7343,0,146.3041,25.7191,83.8757,411.4136,2.1026,6.0621,10.1177,562.3273,0,0.0111,0.2863,0.0242,9.0076,0.4033,0,0,0,30.6332,98.2482,0.0822,9.772,0.0024,2.3801,230.4963,68.9499,0.4395,45.4449,16.0944,172.9764,0.0002,0.3865,0.3236,79.3713,492.3193,7.6594,35.1499,0.1828,0,9,0,0,0,0.0194,0.5697,0,0,0,282.5958,0,0,1.6004,0,29.4613,1.2029,0,114.1471,0.2059,0.0198,0,0,0,0,0.0856,0.6513,9,0,0,0,0,0,33.7773,0.1157,0.0011,0.0983,0,284.8273,0,0,0,0,0.0137,0,0.0037,0,102.099,8.0563,27.5937,8.7613,0.001,38.1647,136.0362,8.4473,79.3192,5.5004,1.0401,0.1722,36.8458,7.9676,0.0167,0.0891,0.1189,0.1705,20.7679,0.0338,0.3516,0,0,0.019,0,0.0479,2586.4217,9.0007,253.3719,143.9037,397.2981,422.3618,2941.8785,0,24.0767,0.3985,0,0.348,0,9,78.7818,0.3535,0,23.2561,73.3928,2360.5001,0.0341,4.24,55.1769,0,23.3757,0.0876,488.668,0,0,0,0,0,0,0,0,0,0,1.0131
"Guyana",147.36,210.3115,0.0304,54.2028,5.2294,8.9893,42.0356,336.1707,14.5809,6.1409,8.9549,13.9631,3.1159,11.8892,0.512,0,0.4933,2.8671,0,0.5294,0.0052,4.6003,0.0291,5.7479,6.7633,0,28.908,1.7738,2.8279,22.5392,0.0076,0,0.3752,4.3971,0.0841,93.599,1.0917,49.5292,13.5613,0.1421,6.6018,0,0,1.2057,8.0676,0,52.5295,14.4924,0.9969,0.9346,0.1445,1.1808,0.025,6.1056,0,0.0201,0.001,0,0,0.0808,0,0,0,0.0032,0.0726,0.0183,0.0203,9,0.0011,0.2308,0,0.0106,0,47.8952,0.1285,0.2523,9,13.172,104.1879,4.7959,0.1426,3.0309,0.5999,0,0,0,0,0,9,0.2416,0,9,0,0,9.3323,9,0,0,0.9463,0,0,2.5711,0,0,0,0,0,0.0002,0.0504,0.1754,9,0,0,0,0,0,0,0,0.0014,0.0001,0,0.9019,0.5324,0,0,0,0,0,0.4855,0,0.1769,0,0.3996,0,0,0.0266,4.0449,0,0,0,0.3165,0,2.1,1.37,0,0,0.0019,0,0,0.0013,9,0,0,0,0,0.0021,54.2139,0,0.2362,19.0942,7.4769,22.6596,2.5455,0,1.4915,0,0,0.129,0,0,1.4812,9,0,0,5.46,4.2583,0,0,1.1732,0,0.0992,0.0173,9.743,0,0,0,0,0,0,0,0,0,0,0
"Suriname",19.7546,625.4253,0.0784,0.6396,1.3052,1.2809,18.2472,28.6225,19.1937,0.3401,0.0126,1.1259,0.144,4.2817,0,4.1093,0.1104,1.0166,0.4354,0.0646,0.0007,2.9591,9.3122,6.8941,0.6641,28.908,0,0.0531,0.8048,16.0193,0.0002,0.0169,0.5225,1.6772,0.0922,0.9044,0.0762,50.1974,214.6091,0.0299,49.6775,0,0,0.5117,0.5281,0,2.7237,19.4296,0.1251,0.0652,0.0887,0.0437,0.0953,0.9479,0,0.022,0.0556,0,0.264,0.0001,0,0,0,0.008,0.0636,0.0601,0.0116,9.0001,0.6703,0.0746,0,0.0188,0,0.0271,0,0,9,0.0051,0.1466,0.698,215.0983,0.2723,57.2072,0,0,0.1648,0,0.0188,0.0271,0.0452,0,9,0.6224,0.0332,0,9,5.3306,0.0307,0,0,0.0189,0,0,0,0,0.8561,0,0.001,9,0.0102,0.0022,0,0,0,9,0,0,0,0,0.0024,0,0.0156,0.0973,0,0,0,0,0,0,0,0.056,0,0.0106,0,0.0021,0.0238,1.1593,9,0.0186,0,0.0244,0,0.1742,0,0,9,0.0133,0,6.4954,0.0978,9,0,0,0,0,0.0062,33.0069,0,1.3418,3.1875,1.2856,17.8455,1.2022,9,0.2123,0.0168,0,0.0809,9,0,4.6307,0,0,0.079,0.9682,0.2051,9,0.0174,1.3409,0,0.4502,0,0.0283,9,0,0,0,0,0,0,0,0,0,0
"Ecuador",6000.0349,58.3568,53.3121,12.6999,0.4085,38.7412,3.168,4.8651,0.4215,0.2427,0,20.5548,0,0.163,0,448.2587,0.0585,111.5419,231.6841,348.3953,105.8196,16.0541,400.6012,972.8028,2037.6801,1.7738,0.0531,0,1353.3046,843.2575,2.4539,0.6804,1015.8688,462.186,41.1735,160.2846,40.1708,262.0935,258.2961,1.2645,88.2472,0,0,6.6843,345.3534,0,17.5492,68.3249,56.6159,9.7869,0.51,2.4123,0.1046,312.5167,0,0.2912,14.7769,4.9807,11.6668,37.6713,0,0,0,25.7224,41.7109,0.7746,15.9593,6.7959,70.2516,691.9125,3.0568,42.2542,27.9416,101.8097,32.7312,11.2837,4.0305,5.1862,73.5504,4.7098,19.3479,20.158,0.5171,0,0,0,0,0,0,0.0228,0,0.0111,0,4.2616,0,0,0.1274,0,0.6153,0.0022,0.0155,18.0342,0.0063,0,0.2971,0.0407,0,0.0018,0.8379,0.0103,9,0.0123,0,0.6138,0.6132,0,126.0353,0.8931,0.0011,0,0,2332.1047,1.1519,0,0,0.1278,0.2753,0,0.6055,0.0548,4.0848,89.742,8.6318,1.0291,39.437,200.1182,28.9877,0.1133,4.9157,0.505,1.0343,0.6299,31.709,18.4012,0.0009,0.2227,0.0684,8.9499,2.0575,0.0102,0.0759,0,0,2.1303,0.0515,30.6147,887.5787,9.0291,149.9751,1.126,610.3105,565.0191,41.0578,0.0028,5.8263,3.2913,9,3.6937,0,0.0017,320.1593,0.1485,0.0031,1.4887,18.9379,27.1289,0,4.5378,31.886,0,2.3632,0.0443,19.1357,0.007,0,11.2374,0,0,9,0,0,0,0,0
"Peru",237.0298,2115.8047,6.0496,5.3134,62.4169,31.5101,4.3611,28.5287,1.0225,0.5155,0.0863,1.8635,0.8551,0.8317,0.9507,808.9366,0.5345,125.8879,18.0101,27.4589,10.1979,0.2872,212.18,609.2527,593.3005,2.8279,0.8048,1353.3046,0,1467.3184,42.1915,181.39,585.5468,1422.5978,71.6044,118.4811,34.7742,570.128,206.7861,2.4758,1.515,0,0,85.0743,689.1769,0,15.0101,208.5588,13.8936,105.4231,13.8793,18.0625,7.3398,192.7842,0,0.1321,0.031,0.0491,0.2352,0.8705,0,0.1111,0,5.7263,8.9862,1.9791,204.1168,0.1111,5.2203,167.191,0.6654,178.5829,2.0117,30.0137,1.3268,0.0454,0.5159,0.0511,18.4384,84.0099,197.836,34.1247,2.435,0,0.0032,0.0815,0.0377,4.8077,1.5614,4.4153,0.0404,2.6727,0.0106,1.163,2.8765,2.6622,1.5616,0.0038,3.1296,0.7116,0.7144,58.6955,0.2517,0.0062,0,1.5641,0.3907,0.0009,0.0624,0.0322,0,0.1596,0.0141,0.1472,0.0049,0.0011,859.99,0.6169,1.1857,0.0174,0,16.4444,15.4645,0.0007,0.0018,0.6164,0.8642,0.0748,0.4517,0.0086,5.6656,11.7691,3.8779,2.2299,0.5943,30.7334,21.2478,0.0017,2.4074,3.6942,3.3374,0.5827,48.5706,47.3797,0.1024,0.7989,5.532,6.3848,23.3808,0.2265,0.0441,0.001,0,0.0812,0.0041,0.8866,514.9677,0.028,281.9844,183.8855,109.1597,847.8317,275.209,0.0114,17.2839,6.5344,0.163,7.5336,0.0021,2.5923,262.1576,0.7554,0.0152,21.2582,161.6408,39.3047,0.0012,22.0436,48.439,0,17.8842,0.1536,20.0961,0.0563,0,0,0.0001,0.6411,0.0006,0.009,0,0,0,0.3724
"Brazil",3647.277,765.9016,14.239,529.6328,52.9233,432.072,216.1617,512.2843,20.5609,3.2074,7.4058,3934.1111,2.6946,7.0325,1.3292,2263.5838,4.6988,241.7954,125.2683,326.4245,94.1329,192.6395,109.9789,1415.3665,4512.4062,22.5392,16.0193,843.2575,1467.3184,0,2218.4114,1854.9674,762.6411,3104.969,688.473,2093.2475,326.4098,9539.5516,2435.428,30.8563,35.3779,0,0,1574.6,1812.1006,0,1356.7661,3068.16,155.767,727.6526,61.2328,233.6105,84.0674,599.5107,0,17.2546,72.6306,28.6132,120.6563,242.6452,0,28.8708,0,152.6944,302.7066,20.7775,144.4048,9.3413,496.6452,1003.3221,2.6912,4.1049,13.7965,219.1612,1215.7556,58.0183,89.8391,95.508,264.2894,941.9753,435.5512,63.6718,8.649,0,1.3161,9.2711,360.1739,53.335,6.1142,184.7833,144.9133,87.3737,0.8463,21.6289,71.8035,22.2966,17.7075,21.1069,366.6134,34.4028,143.6039,5685.1068,60.7441,0.2372,4.8523,73.7402,54.5542,5.1736,63.9635,20.5572,0.1968,0.3134,10.0309,7.9853,47.2814,4.2503,296.3904,27.2011,7.3032,9.7142,2.4824,995.6025,22.916,0.0571,1.9837,1.8594,33.6074,2.7291,16.6743,2.1,555.5629,2006.7996,63.2475,1131.1727,39.2242,538.5915,1052.6123,1187.498,1193.6179,273.7689,259.7093,201.2234,1044.6036,383.251,235.29,673.2043,413.0569,132.043,803.5242,142.1342,8.3013,11.8951,0.3093,8.4856,1.0567,234.4729,8558.336,9.8873,2413.8596,31.2858,1571.29,1649.2192,2796.3038,0,260.1933,62.2855,2.8261,13.0255,9.4062,3.5541,534.0017,4.392,0.1615,153.8185,761.6596,614.9829,1.6338,187.3343,155.3097,0,170.7686,3.822,26.9702,0.1943,0.363,0.2643,0.058,1.66,0.4485,0,0,0.022,0,0.9281
"Bolivia",26.9526,28.7631,0.1025,5.2464,0.0439,2.5011,0.302,0.0149,0.0007,0,0.0003,0,0,0.005,0,49.9261,0.0011,1.2817,0.27,0.4044,0.1943,1.6432,0.9505,117.3029,189.563,0.0076,0.0002,2.4539,42.1915,2218.4114,0,10.5887,286.8628,580.9576,14.9384,16.8395,2.0305,63.3539,55.9181,0.0383,26.2236,0,0,9.4663,16.4542,0,0.0716,37.88,0.2892,4.3507,2.3864,1.7267,0.6341,9.8169,0,0.1441,0.0575,0.0033,0.0026,0.24,0,9.0014,0,0.1978,0.076,0.0033,0.1949,0.0081,1.3208,2.5677,0.0362,0.1784,0.8318,0.5068,0.2317,0.0264,9.0022,0.0102,4.1328,97.1342,1.3232,4.7111,0.0083,0,9,9,0.0069,9,9.0023,0.0051,0,9,0,0.0036,0,9,0.0001,0.0036,0.0058,0.0502,0.014,0.0025,0,0,9.0003,0.0097,9.0005,0,0.0048,0.0001,0,0,0,9.0033,0.0125,9.0031,0.0001,0.0126,0.007,0.1656,9.0088,1.9694,0.0064,0,0,0.0891,0.0004,0,0.0177,9,0.1259,7.9944,0.133,0.0001,0.0116,0.2545,1.2182,0,0.1658,0.0325,0.0109,0.0119,7.3681,0.0206,0.0004,0.0068,0,0.0244,0.2168,0.1028,9,9.0003,9,9,0,0.0432,290.617,9.0011,24.852,0.978,171.2419,253.6082,20.0893,9,0.959,0.6481,0.009,0.6824,0,0.0048,20.4705,9.0881,9.0059,3.3955,6.5312,3.8439,0.0016,1.8343,8.4817,0,1.6645,0.0064,1.0344,9,9,9.0001,9,0.0001,9,9.0003,0,0,0,9
"Paraguay",319.3252,2.0831,0,0.6076,0.0261,5.2236,0.0007,0.8181,0.0194,0.0057,0.0052,0,0,9,9,60.7763,0.1007,0.9138,0.1184,1.5364,1.2059,0.0124,5.0017,0.8903,374.8597,0,0.0169,0.6804,181.39,1854.9674,10.5887,0,270.6548,439.3358,32.0135,21.1657,1.3575,98.9971,2.6875,0.0654,23.0385,0,0,230.4321,172.7614,0,24.0296,30.541,0.3534,7.0674,1.8173,1.2038,3.3785,81.4034,0,0.0016,2.1999,0.114,0.8793,0.1051,0,0,0,0.0637,31.3839,6.5714,3.0954,0,1.7994,350.8722,0.0342,16.4104,0.1214,0.2062,0.0336,0.0712,0,0.0101,7.5136,75.7886,1.7182,0.9522,0.0275,0,9,0,1.3576,0,9,0.8158,0.2219,0.0436,0.2975,0.1751,9.3564,0,0,0,0.2373,0.0308,1.8454,0.0504,2.625,0,0,0.6935,0.0017,0.0006,0.0002,0,0,9,9,9,0.0058,0,36.0116,0.0095,0,0,0,1.1805,0,0.0002,0,0,0.0646,0.0142,5.726,9.7123,28.7509,14.1128,0.0191,0.9515,9,4.9609,49.9823,0.0039,12.3825,0.262,4.0072,0.5575,0.8873,3.8063,0,0.799,10.2173,0.0436,46.6114,0.0002,0,0,9,0,0,0.0203,2568.9908,0,33.7314,36.5376,112.449,365.8697,53.1436,0,3.5895,7.3395,0.021,0.5884,0,0,8.8121,0.0467,0,9.1243,66.8177,38.4559,0,6.3183,11.4488,0,0.634,0,0.2247,0,0,9,0,0,9,9,0,0,0,0
"Chile",2927.9568,857.8663,2.1766,71.7003,3.8194,47.1023,10.724,12.653,1.6596,0.1537,0.5729,0.8081,0.2498,0.7242,0.1542,1053.2445,0.6972,155.7557,86.031,151.122,50.7037,185.6897,10.0761,1469.0257,957.5612,0.3752,0.5225,1015.8688,585.5468,762.6411,286.8628,270.6548,0,4136.0794,43.9074,547.9106,42.5627,3169.4745,208.448,11.1398,958.3694,0,0,165.2543,889.3413,0,43.0482,321.1619,118.2793,12.3998,15.9451,11.9581,54.8042,2380.3768,0,34.1823,0.2647,0.2019,0.3424,10.0425,0,0.1244,0,19.7626,110.6941,2.839,463.3765,1.9715,57.1888,276.678,0.2101,1.6644,8.2872,50.1506,12.83,11.7305,1.2283,0.1514,68.6984,12.0422,6.2765,50.2964,1.1877,0,9,0,1.4102,0,0,0.1837,2.2678,0.5834,0.0037,10.6451,1.4595,0,0.5725,0.0447,19.1917,0.2793,1.5696,34.3693,0.5502,0.1288,0,0,0,0.0221,0.9296,1.3351,0,0,0,0,0.3099,0,1664.4934,0.4281,1.0793,0.045,0.2966,84.0806,0.4391,0.0942,0.0011,0.2133,0.3331,9,2.0466,6.1405,18.1616,2.4628,2.094,4.0607,0.0735,3.8418,528.2943,0.0901,51.2794,16.6789,3.1739,12.6042,63.557,55.8921,2.3813,10.6243,2.8963,49.1548,115.8181,17.8913,0.0394,0.0475,0.0784,0.2017,6.3717,2.757,3227.7042,6.9385,1468.5975,8.6056,859.6453,4705.1255,1045.9711,0,61.9492,1.3059,0.2146,7.7485,0.0926,0.15,203.9482,4.9901,0.2564,15.5648,23.5117,29.9174,0.1311,7.5837,62.2213,0,318.4422,0.0823,22.6521,0.0856,0,0.146,0,3.5659,0.8603,0,0,0,0,1.7918
