"","United States of America","Canada","Bahamas","Cuba","Haiti","Dominican Republic","Jamaica","Trinidad and Tobago","Barbados","Dominica","Grenada","St. Lucia","St. Vincent and the Grenadines","Antigua & Barbuda","St. Kitts and Nevis","Mexico","Belize","Guatemala","Honduras","El Salvador","Nicaragua","Costa Rica","Panama","Colombia","Venezuela","Guyana","Suriname","Ecuador","Peru","Brazil","Bolivia","Paraguay","Chile","Argentina","Uruguay","United Kingdom","Ireland","Netherlands","Belgium","Luxembourg","France","Monaco","Liechtenstein","Switzerland","Spain","Andorra","Portugal","Germany","Poland","Austria","Hungary","Czech Republic","Slovakia","Italy","San Marino","Malta","Albania","Macedonia","Croatia","Yugoslavia","Bosnia and Herzegovina","Slovenia","Greece","Cyprus","Bulgaria","Moldova","Romania","Russia","Estonia","Latvia","Lithuania","Ukraine","Belarus","Armenia","Georgia","Azerbaijan","Finland","Sweden","Norway","Denmark","Iceland","Cape Verde","Sao Tome and Principe","Guinea-Bissau","Equatorial Guinea","Gambia","Mali","Senegal","Benin","Mauritania","Niger","Ivory Coast","Guinea","Burkina Faso","Liberia","Sierra Leone","Ghana","Togo","Cameroon","Nigeria","Gabon","Central African Republic","Chad","Congo","Democratic Republic of the Congo","Uganda","Kenya","Tanzania","Burundi","Rwanda","Somalia","Djibouti","Ethiopia","Eritrea","Angola","Mozambique","Zambia","Zimbabwe","Malawi","South Africa","Namibia","Lesotho","Botswana","Swaziland","Madagascar","Comoros","Mauritius","Seychelles","Morocco","Algeria","Tunisia","Libya","Sudan","Iran","Turkey","Iraq","Egypt","Syria","Lebanon","Jordan","Israel","Saudi Arabia","Yemen","Kuwait","Bahrain","Qatar","United Arab Emirates","Oman","Afghanistan","Turkmenistan","Tajikistan","Kyrgyzstan","Uzbekistan","Kazakhstan","China","Mongolia","Taiwan","North Korea","South Korea","Japan","India","Bhutan","Pakistan","Bangladesh","Myanmar","Sri Lanka","Maldives","Nepal","Thailand","Cambodia","Laos","Vietnam","Malaysia","Singapore","Brunei","Philippines","Indonesia","East Timor","Australia","Papua New Guinea","New Zealand","Vanuatu","Solomon Islands","Kiribati","Tuvalu","Fiji","Tonga","Nauru","Marshall Islands","Palau","Federated States of Micronesia","Samoa"
"United States of America",0,83548.94,632.9101,440.44,68.3487,211.7202,1279.9671,4938.1899,481.6024,35.99,71.38,98.84,80.2565,120.4,45.45,35911.71,53.46,316.9165,2089.2325,859.3986,534.9594,308.5349,713.2882,2982.2544,21330.1712,11.06,86.0464,3164.3297,659.7932,10062.761,11.8574,32.921,1851.5869,189.4166,398.1984,5540.156,19163.3805,12139.724,2866.222,279.3384,8871.987,0,0,5812.9128,515.6592,0,1017.9371,29100.328,167.536,3668.0505,1655.341,343.2589,1097.23,16971.44,0,192.8135,22.6275,34.6862,62.5803,0,18.06,321.52,1524.2884,103.9758,220.0532,23.9172,16.06,9355.0441,334.79,301.1918,330.5808,363.7073,179.5078,41.423,27.0141,84.7869,2414.9329,9603.324,4498.2707,1754.407,83.5811,0,3.96,26.88,1022.17,24.91,43.61,89.5702,8.3478,77.75,32.4182,628.1398,41.6998,19.409,22.85,33.66,177.24,11.6491,225.84,15404.669,2517.5999,24.1,783.58,865.5238,58.73,74.003,192.3627,114.57,1.1991,6.63,9.42,46.63,237.3411,53.6,4143.1699,37.283,2.3519,40.1083,41.14,1770.5288,177.8,487.6,20.4,196.8,445.1532,15.94,224.6389,5.77,181.5514,6766.4063,135.6389,303,30.168,84.9,623.332,8262.1904,87.4517,938.423,476.2209,592.3798,8642.2002,15657.5672,119.5437,1801.6699,101.05,147.7623,3255.6698,25.2965,148.16,237.24,71.7,33.2059,162.89,5.1269,162497.36,206.1027,14480.102,24.57,18895.613,69734.246,10455.4939,1.9,1363.2243,2196.5056,12.65,1839.912,78.0924,136.7,11375.4042,1568.44,2.9,4592.8998,13787.852,5149.205,374.67,1305.6094,8444.8917,0,8926.02,10.54,559.5864,8.13,0.64,0.3,0.4,199.47,1.1,0.7,0,0,0,7.41
"Canada",83548.94,0,18.2803,240.6589,5.7352,49.3607,186.7119,5.6412,47.3533,4.2684,4.3188,7.2794,5.9496,11.77,2.3742,5534.5541,1.8133,59.5557,90.9055,0.942,28.7768,184.0308,18.8007,26.7118,769.7054,156.901,117.8127,16.3906,283.7384,1031.9896,4.9314,9.9278,756.4575,167.8419,99.4505,309.023,1144.3482,549.924,152.3912,17.7521,2186.7583,0,0,872.432,28.521,0,119.2443,4983.7488,82.1149,787.4924,93.3166,17.6081,71.2385,2189.0861,0,16.0655,21.5557,5.9099,0.5509,0,1.8406,7.4945,54.6308,12.697,31.5018,0.5311,32.4346,867.5687,14.1981,2.1114,114.1238,93.8196,1.1648,6.645,4.9976,14.7102,649.6799,1488.5157,2140.0606,616.1325,16.1131,0,0.0988,0.0123,290.6388,0.1482,6.9862,23.4376,1.6205,4.125,0.0472,9.6307,17.4449,5.1076,5.1362,0.591,29.0836,6.8249,3.5735,13.8052,8.6472,0.566,3.0538,2.948,7.6689,14.9024,15.0086,13.5328,1.3831,1.1259,0.0085,1.4995,0.709,0.4256,18.378,5.5283,9.3179,1.8957,0.8139,223.4904,33.0494,11.8207,5.1458,0.0118,22.3781,0.1512,5.61,3.0797,78.1863,2297.1498,21.7237,5.8902,48.8645,124.2814,146.5508,899.9566,103.8446,71.2137,25.1752,15.0527,336.4101,369.4425,20.4765,63.2186,12.7739,7.46,269.0396,28.4361,7.6435,10.5857,0.1325,12.5179,27.0796,57.0148,12562.5399,43.3756,2393.4623,26.215,2742.1438,2896.1838,597.4815,0.0462,2.0035,348.6112,19.3832,53.1431,6.1729,3.1616,1211.2977,117.0182,6.7172,283.9374,1766.0822,177.4524,0.8411,553.2985,236.4764,0,7.3479,1.7208,43.6603,0.3891,0.1182,0.0658,9,1.4087,0.0501,0.0276,0,0,0,0.3615
"Bahamas",632.9101,18.2803,0,0.4084,0.1803,1.1568,1.181,38.6753,2.8303,0.0024,0.1941,0.0892,0.0158,0.1076,0.0183,30.0759,0.4512,55.9364,0.3997,2.9752,0.0295,15.9765,0.3168,47.6729,22.5615,0.0152,0.0059,1.5461,52.2616,533.9468,0.0292,9.7461,1.4966,13.8561,0.6682,69.396,3.4566,22.0146,2.94,0.0014,12.508,0,0,15.177,58.0772,0,0.7504,85.2572,173.8693,2.1499,2.9786,1.9117,0.1254,448.574,0,0.1633,0,0.0147,0.2085,0,0,0.0901,4.554,0.1889,0.1862,0.0056,0.191,148.2048,0.11,0.2851,0.6229,0.0343,16.7835,0.309,0.0017,0,3.2713,1.5734,74.0728,16.4145,0.3398,0,0,9,0,0,9,0.0071,0,0,9,1.3026,0,0,0.0276,0,0,0.0047,0.3844,0.6633,0.0048,0,0,0,0,0.0265,0.1508,0.0013,0,0,0,0,9,0,0,0,0.0527,0.1209,0,1.4856,0,0,0,0,0.0068,0,0.0211,0,0.1301,6.4919,0.0306,0,0,0,61.0413,0,0.0376,0,0.0356,0,2.02,37.9401,0.2138,0,0.0609,9,0.2601,0,0,2.1855,0,0,0,32.1282,109.8392,9.0005,2.5088,0.2567,1084.5867,459.1626,5.4873,0,2.2846,0,0,0,9.0249,0,1.2058,0,0,0,0.2999,151.6133,0,1.5771,0.3674,0,10.6604,9,1.6139,9,0,0,0,0,0,0,0,0,0,0.0138
"Cuba",440.44,240.6589,0.4084,0,8.8803,7.7085,1.5644,22.7439,0.4114,0,0.0415,0.12,0,0,9.0003,171.3219,40.0132,10.7704,2.6219,3.8024,0.4901,4.4294,0.3503,28.6201,1083.5791,27.0916,0.0605,15.6115,2.3168,95.3093,0.3332,0.1255,50.851,99.4768,9.4202,0.727,1.0166,480.2016,28.6541,0.1968,87.6195,0,0,11.4614,434.4868,0,39.4887,108.3901,4.7402,2.904,0.445,9.8193,0.0327,230.0125,0,0.1071,0.0223,0.0192,0.195,0,0,0.819,1.4279,13.1118,5.4875,0.0022,8.618,122.36,0.094,0.3086,0.0207,3.9869,20.6829,0.1345,0.1076,0.7324,2.2757,26.571,0.0065,21.487,0.0274,0,0,5.3286,0,0.0486,0,0.3237,0.0293,0.0383,0,0.0101,9.0051,9,0,9,2.0979,0,0,0.1856,0.0027,0,0,0,9,0.1568,0,0.0012,0,0,0,0,0.0433,0,9,0,0,0,0,2.034,0,0,0,0,0.0947,9,0.1105,0,1.6158,18.3057,5.7952,27.5475,0,10,2.3072,0,0.1111,0.2987,1.7736,0.0957,0,0.1121,0.0752,0.2265,1.6439,0.0083,1.0404,0.0081,0,0,0,0.0023,0,23.6357,162.1828,0,11.5293,0,10.0851,89.4168,5.309,0,0.9215,10.7984,9,0,0,0,11.1862,9,0,115.83,1.8147,0.1142,9,0.1802,1.5106,0,0.95,9,59.5417,0,0,0,0,0,0,0,0,0,0,0
"Haiti",68.3487,5.7352,0.1803,8.8803,0,35.5422,2.2828,7.4912,0.2871,0.0012,0,0.0304,0.0202,0,0.0327,0.5581,0.0153,8.29,1.8721,0.264,3.3386,4.9397,23.2411,42.4074,24.0582,2.6137,0.0126,0.4425,19.7715,26.9364,0.1047,0,4.4046,15.6289,0.0168,11.8396,0.5508,11.0672,0.1389,0.0115,9.2704,0,0,0.8084,4.1311,0,0.3526,5.4726,0.0294,0.084,0.16,0.9184,0.0015,1.6589,0,0.0225,0,0,0.016,0,0,0.0043,0.0416,0.354,0.0064,0,0.0039,1.4196,0,0.0111,0,2.5939,0,9,0,9,0.2416,0.1927,2.1895,1.1976,0.6066,0,0,0,0,0,9,0,0,9,9,0.01,0,0,0,9,0,0,0,0.0239,0,9,0,0,0,0.0001,0.0006,0,0,9,0,9,9,0,0,0,0,0.0002,0,0.055,0,0,0,0,0,9,0.0346,0,0.0379,0.0208,0.0182,3.1071,0,0,5.4983,0,0.0569,0,0.0534,0.0085,2.1449,0.1234,0.0078,0.0336,0.0015,0,0.3702,0,0,0,9,9,0,0,23.122,0,3.6208,0,6.1528,28.4225,5.8401,0,0.2076,0,0,0,0,9,11.7692,0,0,0.0583,45.6655,1.2372,0,1.699,3.681,0,0.6446,0,0.3549,9,0.0268,0,0,0,0,0,0,0,0,9.0731
"Dominican Republic",211.7202,49.3607,1.1568,7.7085,35.5422,0,8.5217,180.4427,2.5754,0.8723,0.2968,1.2105,0.7396,1.6381,0.534,364.9786,0.0788,26.4595,2.2995,22.717,8.4611,52.8981,115.5986,431.929,627.2401,1.1686,0.0095,36.0805,14.682,289.9361,0.8528,0.9016,27.189,91.3591,5.5497,42.356,0.0243,50.9441,44.9926,0.1321,0.1128,0,0,6.5384,117.8997,0,1.1923,42.6962,2.0751,0.9347,0.6026,1.9474,0.2849,66.3211,0,1.2995,0.0946,0.0226,0.4857,0,0,0.5586,0.6989,0.4814,1.5901,9.0103,0.9017,11.0996,0.16,0.0056,0.1213,4.4495,0.098,0.6725,2.4838,0.002,43.9223,11.2327,16.1099,44.0596,4.0752,0,0.0796,9,0,0.0067,9,0,0.0381,9,0,0.0232,14.6639,9,0.1571,0,0.1957,0,1.4251,0.0166,9,0.0821,9.0001,0,23.2608,0.0327,0.07,0.2522,9.0774,9.0005,9,9.0121,0.0094,0,9,0,0,6.8637,0.0715,1.5633,9.6338,9,0.005,0.004,0.0555,9,0.0886,0,0.3969,0.313,0.1018,0,0.1653,0.0123,0.7288,0.5418,1.5163,0.0228,1.0929,0.2035,11.9665,0.5121,2.5069,0.0034,0.0045,0.3645,0.0376,0,0.0404,0,0,9,0,3.4162,160.3009,0.0006,153.6418,0,85.2928,112.5324,84.5334,0.4455,3.1126,0,0.013,3.8301,9,9.0007,19.205,0.0001,0,2.1986,0.4726,0.3309,0.0774,0.3018,6.5187,0,3.0716,0.0015,13.1119,9,0.0064,9,0,1.9814,0,0.0226,0,0,0,0
"Jamaica",1279.9671,186.7119,1.181,1.5644,2.2828,8.5217,0,463.3034,6.4426,5.588,1.0467,3.3786,1.2483,3.7764,2.4361,119.5688,28.3403,14.3684,25.8665,1.8146,0.1204,38.3581,40.4383,53.3418,122.8971,27.9574,6.6435,53.6354,1.4268,151.2898,0.0409,1.8186,10.8574,6.3764,0.9025,78.6323,10.0773,111.2356,18.7301,0.1785,215.4395,0,0,20.3412,3.8555,0,2.2517,73.5867,5.9762,4.8594,0.4532,0.204,21.9959,0.6391,0,0.183,0.001,0.0037,0.0542,0,0,0.4962,0.105,0.0211,0.0165,0,0.0265,0.1118,0.0192,0.0056,0.0058,0.7149,0.0146,0,0,0.0061,1.8604,12.1446,103.8554,4.4669,0.0351,0,0,0,0,0,0,0.0006,0.0037,0,9.0019,0.0382,0.0178,9,0,0,0.1075,0.0599,0,0.0504,0,0,0,0,0,0.0273,0.5614,0.0011,0,9,0,0,0,0,0,0,0.0084,0.0108,0,8.0793,0,0,0,0,0.0114,0,0.0395,0,0.1347,0.0001,0.0021,0,0.12,4.8801,21.968,0,1.2908,0.0073,0.0201,0.0195,7.114,0.1607,0.0046,0,0,0,0.819,0.0445,0,0,0,9,0,0.0799,138.8225,0.0005,10.2847,0.3075,16.9426,136.125,13.7525,0,0.746,0.2659,0,0.8396,0,0,12.7768,0.0032,0,0.198,8.7827,4.432,0,3.23,8.5498,0,19.8879,0,12.51,0,0,0,0,0.025,0,0,0,0,0,0
"Trinidad and Tobago",4938.1899,5.6412,38.6753,22.7439,7.4912,180.4427,463.3034,0,263.5307,24.4095,78.7393,77.5403,44.0579,29.8906,34.3128,197.4829,12.2933,3.6557,58.0976,13.2397,10.7112,0.6378,19.6168,37.9526,121.7152,122.7935,33.708,5.9869,11.3079,538.4694,0.0629,0.0662,0.5432,21.236,8.9119,63.749,16.7235,48.5838,15.6042,5.3531,290.6109,0,0,7.6539,322.8779,0,4.6065,588.2606,5.2176,7.2356,0.5668,3.8452,0.0004,267.4756,0,0.8358,0.0221,0,0.0237,0,0,0.1059,0.0232,0.1488,0.0373,9,2.871,12.8997,0.077,0.11,0,5.439,0.0016,0,0,0.0542,1.2413,7.0528,6.4,7.5696,0.0058,0,0.0005,0,0,0.1782,0,5.6088,0.0009,0.0151,0,0.2021,0,0,0.0009,0.0084,0.2487,0.0132,43.0606,0.2825,150.6181,0.019,0,0,0,0.0121,0.0036,0.2491,9,0,0,9,0,0,54.8612,0.0133,0,0,0.0701,3.6883,0.0071,0,0,0.9372,0.0004,0.0347,0.0003,0,1.0833,0.0002,0.0162,0.0114,0,0.2943,4.6045,0,13.8703,0,0.0146,0,3.08,0.2046,0,0.0014,0,25.0144,0.3213,0,0.0768,0,0,9,0.0181,0.7268,89.14,0,36.3628,3.6725,18.3344,174.2076,18.2394,9,1.3818,0,0.008,1.0024,0,0,18.4864,0.1412,0.0002,0,6.8761,32.7881,0,0.3846,11.4648,0,16.8894,0.0268,16.2451,0,9,0,0,0.0545,0,0,0,0,0,0.0272
"Barbados",481.6024,47.3533,2.8303,0.4114,0.2871,2.5754,6.4426,263.5307,0,2.6748,7.5182,10.5676,4.8866,5.7536,8.4107,17.7433,0.0884,244.8797,2.6032,0.4394,0.028,4.1185,0.004,4.1349,4.0738,7.758,11.4319,0.7333,8.5165,21.0662,0.1649,0,2.1395,2.2813,0.8476,46.9392,5.8221,15.3252,4.8732,1.7325,19.5805,0,0,16.3489,8.9819,0,1.2272,18.2276,0.1068,1.4601,0.3626,1.258,0.0085,11.6918,0,0.0461,0.0013,0,0.0068,0,0.0227,0.02,0.3091,0.4651,0.174,0,0.0215,0.0455,0.0385,0.0111,0.0031,0.1621,0.0007,0,0.0026,0,1.1783,7.1198,4.9684,53.7497,0.1663,0,0,0,0,0.0004,0.0387,0.0206,0,0.0004,0.0064,0,0.0016,9,0.0007,0.0096,0.0434,0,0.3109,0.0036,0.0715,0,0,0,0,0.0007,11.2043,0.0012,0,0,0.0127,0,0.0267,9.0385,0,0.0098,0,0.0288,0.0215,1.4519,0.0003,0,0,0.0382,0.0024,0,0.0318,0.001,0.0001,0.0479,0.0002,0,0.0059,0.1533,1.2951,0,0.097,0.0022,1.5981,0.0134,0.9041,0.251,0.0023,0.0216,0.0052,0.0014,0,0.0125,0.0003,0,9,0,0.0117,0.0005,40.8402,0,7.4738,0.009,35.9711,63.761,2.6652,0,0.3105,0.0662,0,0.1516,9,0.003,4.2649,0,0.0076,0.2072,5.0437,1.5273,0,0.702,2.2667,0,3.5626,0.0002,16.1981,0,0,0.0025,0,0,0,0.0091,0,0,0,0
"Dominica",35.99,4.2684,0.0024,0,0.0012,0.8723,5.588,24.4095,2.6748,0,2.8118,0.8002,1.0907,5.8015,2.0918,0,0.0381,1.2454,0.4229,0.0001,0.0172,0.6719,0,1.2807,0.4698,3.0693,0.2735,0.0409,0.2537,2.5999,0.0516,0,0.3607,0.2665,0.0036,1.5154,0.0549,2.6236,0.848,0,4.0626,0,0,0.2053,0.715,0,0.0212,1.6254,5.8582,0.0159,0.0907,0.1705,0.0031,1.7523,0,0.0425,0,0,0.014,0,0,0.0552,0.017,0.0082,0.0829,9.0255,0.03,1.8779,0.033,0.0167,0.0058,0.3252,0.0071,0.0958,0.3514,0,0.038,0.2627,1.3541,0.2954,0,0,0,0,0,0,9,0,0.0002,0,0,0.0072,0,0,9,9,0.0114,9.0188,0,0,0,0,0,0,0,0.0675,0,0.0146,0,0,0,0,0,0,0,0,0.0288,0,0,0.4743,0,0,0,0,0.01,0,0,0,0,0.0305,0,0,0,0,0.0444,0,1.0821,0,0.1028,0.3989,0,0.493,0.2342,9,9.0014,0,0,0,9,9.3863,9,9,0,0,48.2548,0.0137,1.6303,0.0635,10.4711,5.5605,1.9333,0,0.2358,0,0,0.0267,9,0,0.4318,9,0,0,0.6403,0,0,0.0103,0.9031,0,0.0617,0,0.0003,9,0,0,0,0,0,0,0,0,0,9
"Grenada",71.38,4.3188,0.1941,0.0415,0,0.2968,1.0467,78.7393,7.5182,2.8118,0,1.7355,1.5942,2.9683,2.5,0,0.0045,0.0375,0,0,0.0185,0.2862,0,0.2415,1.9636,4.4758,0.0118,0.0091,0.0362,3.3396,0.0001,0,0.149,0.2178,0.0511,12.557,0.3601,0.4843,1.2236,0,1.1057,0,0,1.484,0.4465,0,0.0084,1.4698,0.0127,0.0879,0.0715,0,0.0023,6.3643,0,0,0,0.0016,0.1429,0,0,0.041,0.0921,0.0327,0.0042,9,0,0.032,0,0,0.0146,0.0044,0.0566,9,0.0329,0,0.5225,1.0825,0.6856,1.3303,0.0023,0,9,0,0,0,9,0,0,0,0,0,0.0268,0,9,9,0,0,0,13.733,9,0,9,0,0,0.0119,0.0011,0.0714,9,9,0,0,0,0,9,9,0.0023,0,9,0.1246,9,9,0,0,0,0,0,9,0,0.0211,0,0,9,9,0.0864,9,0,0,0,0,0,0,0.3922,9,9,0,9,0,9,0,0,9,0,0.0606,1.0413,0,0.336,9,1.5469,9.6522,0.2768,9,0.0172,0,0,0,9,0,0.1294,9,9,0,0.3574,0,9,0.0296,0.0638,0,1.0993,0,1.9167,0,9,0,0,0,0,0,0,0,0,9
"St. Lucia",98.84,7.2794,0.0892,0.12,0.0304,1.2105,3.3786,77.5403,10.5676,0.8002,1.7355,0,2.4938,2.7514,0.8767,0,0.2298,0.0384,1.5729,0,0,0.6121,1.6847,1.7412,1.4482,6.979,0.0051,0.0034,0.9042,7.8122,0,0,0.4142,1.2407,0,4.821,0.1327,3.1923,1.1473,0,7.0661,0,0,3.3175,1.1103,0,0.0419,4.4717,0.0232,0.2463,0.3014,0.0481,0.0044,0.7821,0,0,0,0,0,0,0,0.0001,0,0.0033,0,0,0,0,0,0.0041,0,0,0,0,0,0,28.8081,1.5617,0.4725,0.5892,0,0,0.008,0,0,0.0149,0.0025,0,9,0,0,0,0,0,0,0,0,0.0013,0,0,0.0302,0,0,0,0,0.0007,0.0023,0,0,0.0005,0,0,0,0,0,0,0,0,0,0.2304,0,0,0.0008,0.1708,0,0,0,0,0,0,0.0006,0,0.0313,0.0164,0.2117,0,0,0,0,0.4247,0.0592,0.0039,0,0,0,0,0.2747,0,0,0,0,0,0,0,3.8089,0,0.6697,0.9656,1.281,13.3803,0.4971,0,2.0327,0.0583,0,0,9,0,2.0776,0,0,0,0.0951,0,0,0.1758,0.1806,0,1.6497,0,2.0558,0,0,0,0,0,0,0,0,0.0006,0,0
"St. Vincent and the Grenadines",80.2565,5.9496,0.0158,0,0.0202,0.7396,1.2483,44.0579,4.8866,1.0907,1.5942,2.4938,0,2.9186,1.0013,0.8165,0.0599,0.0757,0.8019,0.012,0,0.6998,1.4769,1.2377,0.961,2.4172,0.0485,0.0346,0.1023,3.3878,0.0037,0.0001,0.2346,0.4352,0.0032,1.5242,0.8668,1.0826,0.4998,0.0168,84.1213,0,0,0.2229,55.7887,0,0.0279,0.3678,49.6514,0.1785,0.0021,0.0337,0.0006,47.0269,0,0.0007,0.0002,0,0.2634,0,0,0,38.7981,0.0079,0.0021,0,0.0311,0.0016,0,0.248,0.0487,0.0645,0,0,9,0,0.0924,0.5167,0.5707,1.112,0.0001,0,0.0004,9,0,0,0,0,0,0,0,0.5564,0,0,0,0.0672,0.0106,0,0,0.0025,0,9,0,0.0022,0.0256,0,0.368,0,0,0,0,0,9,0,9,9,0,0,0.0011,0.1775,0,0,9,0.007,0.0286,0,0,9,0.0235,2.1948,0.0003,0,0.0003,0.0361,0.9189,0,0.0008,0,0.0135,0.0002,0.0694,0,0,0,0,0,0,0,0.014,0,0,0,0,9,3.9191,0,3.0792,0.0091,0.276,8.3293,1.651,9,0.0359,0.0157,0,0.0315,0,0,0.3996,0,0,0.0263,0.1546,0.1416,0,0.0293,0.7118,0,1.142,0.0003,0.515,0,9,0,0,9,0,9,0,0,0,0
"Antigua & Barbuda",120.4,11.77,0.1076,0,0,1.6381,3.7764,29.8906,5.7536,5.8015,2.9683,2.7514,2.9186,0,1.5953,0,0.3973,0.0382,0.5411,0,0,1.0241,0,2.4446,1.551,5.9424,0.5366,0.0229,0.2948,1.8892,0.0042,9,6.0951,0.1726,9.0068,36.9973,1.1204,8.0007,0.4166,0.0245,6.123,0,0,3.255,4.9798,0,0.7634,3.366,55.5204,0.5274,0.078,0.0393,0.0067,8.0417,0,0.1019,0.0003,0.0105,0.009,0,0,0,0.7335,0.1511,0.3827,0.0012,0.09,0.0794,0.09,0.2888,2.1455,0.0351,0,9,0,0,1.7228,0.7537,0.982,1.352,0,0,0,0,0,0,0,0,0,0,0,1.9351,0.0026,9,0,9,0.0186,0.0196,0,1.4796,0,0,0,0,0,0,0,0.0641,0,0,0,0,0,0,0,0,0.0199,0.0194,0,1.8515,0,0,0,0,0.1513,0,0.0003,0,0.0048,1.4026,0.3583,0,0,0,0.4788,0,0.1419,0,0.0059,0,0,0.1554,0,0,9.0053,0,0,0,0,0.5797,0,0,0,0,118.526,0,0,0,2.438,3.955,1.804,0,0.0307,0.4173,0,0,9,0,0,0,0,0,0.7691,99.1371,0,0.0307,2.284,0,1.4418,0,0.6724,0,0,0,0,0,0,0,0,0,0,0
"St. Kitts and Nevis",45.45,2.3742,0.0183,9.0003,0.0327,0.534,2.4361,34.3128,8.4107,2.0918,2.5,0.8767,1.0013,1.5953,0,0,0.0117,0.0082,0.0379,0,9,0.1364,10.8861,0.3802,0,0.2559,0,0,0.6179,0.6966,0,9,0,0.1876,0,20.0606,0.1543,0.413,1.0003,0.0124,1.308,0,0,0.3361,0.0867,0,6.3656,5.5634,0.0525,0.0698,1.6699,0.7513,0.002,2.7417,0,0,0.0013,0.0061,0.0017,0,0,0,0.0296,0,0,0,0,0.1466,0,1.2298,0.007,180.875,0.0001,0.0087,0.0097,0.4033,0.022,3.7241,1.2616,5.368,0.1726,0,0,0,0,0,0,9,9,0,0,0.0014,0,0,0,0,9,9.0125,9,0.0628,9,9,9.0017,9.0001,0,0,0.021,0.0457,9,9,0,0,0,0,0,0,0,0,0,0.0562,0.0022,0,0,9.0047,0,0,0.0096,0,0,0.0004,9,0,0,9.003,0.3557,0,0,0,0.4674,9.0013,0.1113,9,0,0,9,9.0282,9.0019,0,9.0352,0,0,9,0,0.0148,0.338,0,0.3627,9.4109,0.4919,8.7341,0.4902,0,9.0967,0,0,0,0,0,9.1576,9,9.0006,0,0.4112,0.0477,0,0,0.2407,0,0.1735,0,0.0218,9.0001,0,0,0,9,0,0,0,9,0,0
"Mexico",35911.71,5534.5541,30.0759,171.3219,0.5581,364.9786,119.5688,197.4829,17.7433,0,0,0,0.8165,0,0,0,60.837,413.5191,143.8814,318.9648,121.2845,518.9447,95.0703,325.4978,293.6345,0,1.9546,164.6544,70.2469,4001.0147,2.1988,23.2289,953.6411,504.7596,119.8151,832.9362,614.2405,72.1212,79.6866,34.086,2001.2061,0,0,868.7727,976.0766,0,80.1968,5837.1117,16.6742,311.326,137.01,15.3291,6.25,2729.1975,0,0.1081,0.4698,0.5049,10.8877,0,0,0,4.2429,2.9393,21.3969,0.2977,0.9285,417.9801,0.63,0.0574,0.1906,264.6667,4.5767,0.7327,0.0624,1.9067,225.2461,888.8481,113.7783,164.1676,2.7206,0,0,0,0,0,0,0.7414,0.0008,0,0.1893,4.3415,0.0173,0,1.6591,0,0,0.0948,0,8.492,0,0,0,3.4664,0,0.0357,2.8904,0,0,0,0,0,0.5453,0,0,0.5859,0.0085,0.1889,0,7.355,9,0,0,0,0.1651,0,0.008,0,131.4678,61.9619,5.0321,4.1507,12.667,28.9251,67.6255,0,5.4852,25.531,10.4157,4.6635,420.2282,100.484,0.067,13.7387,0,5.5929,0,2.0506,0,0,9,0.1977,0,23.4155,13973.4258,0.199,3620.8857,0,5391.9219,9467.3919,876.89,0,106.621,15.7987,0,57.8639,0.1229,0.2,1225.5445,1.9327,0,114.7,3576.6908,1985.5945,0,932.4878,645.6367,0,112.6789,0,237.9716,0,0,0,0,0,0,0,0,0,0,0
"Belize",53.46,1.8133,0.4512,40.0132,0.0153,0.0788,28.3403,12.2933,0.0884,0.0381,0.0045,0.2298,0.0599,0.3973,0.0117,60.837,0,34.3216,6.1034,8.9567,0.0472,4.7294,0.0503,1.1031,0.5603,0.2466,0.0026,0.4331,0.0157,1.5768,0.0039,0.079,0.3916,1.1064,0.0086,63.5915,0.5735,0.8938,0.6008,0,1.3479,0,0,0.9872,3.7559,0,3.7962,4.5376,1.7509,4.5378,1.0849,0.0879,0.2018,4.2406,0,1.4355,0,0.0208,0.0975,0,0,0.0142,0.0078,0.1615,1.1445,9,0.243,21.8679,2.498,0.0709,1.7634,0.2275,0.059,10.9612,0.2526,0,0.0214,0.215,12.4895,1.9362,0.0139,0,0,0,0,0,0,0,0,0,0,4.1248,0,0,0,0,0,0,0,7.1596,0,9,0,0,0,0,0.0516,0.0748,0,0,0,9,0,0,0,0,0.0002,0.0001,0,2.8467,0,0,0,0,0,0,0.2537,9,0.0011,2.3507,0.001,0,9,0,0.8361,0,0,0,0.0011,0,0,0,0.0113,0,0,0,0,0,0,0,0,9,0,0,26.0893,0,5.2949,0,10.8752,13.057,1.525,0,0.3497,0,9,0,0,0,9.1367,0,0,0,0.2744,0,0.0705,0.0606,0.6323,0,0.0126,0,0.0917,0,0,0,0,0,0,0,0,0,0,9
"Guatemala",316.9165,59.5557,55.9364,10.7704,8.29,26.4595,14.3684,3.6557,244.8797,1.2454,0.0375,0.0384,0.0757,0.0382,0.0082,413.5191,34.3216,0,136.4678,56.8355,120.5163,161.8702,353.6071,119.859,19.7574,0.7586,0.3702,6.191,14.7635,171.8588,1.7272,1.1466,36.8416,45.4253,22.5825,19.3238,1.6644,33.8291,21.1124,0.1448,52.0201,0,0,215.2952,86.9639,0,0.8362,123.672,2.0389,2.6926,0.3759,3.0029,0.4065,47.9825,0,0.0667,0.0935,0.1687,0.6481,0,0,0.0133,0.5986,0.1083,0.1641,0.092,0.8325,0.9998,0.1281,0.385,0.0085,7.2249,3.087,0,0.0007,0.0043,8.3896,65.5652,5.9021,5.6966,0.3296,0,0.0471,0,0,0.0005,0,0.0074,0,0,0.1421,0.124,0.0005,0,0,0,0.9134,0,0,0.0203,0.0051,0.05,0.1134,0,0.3547,0.4298,0.002,0,0,0.1681,0.0317,0.0053,0.1031,0,0.0402,0.0003,0.0005,0.0023,0,3.2864,0,0,0,0.11,0.0063,0,0.0863,0.0005,0.3004,0.0192,0.002,0,0.3363,0.0362,4.4329,0.0005,0.5323,32.785,1.0203,2.6594,15.529,45.2056,0.102,2.3147,0.505,0.8591,6.8618,0.5284,0.1104,9,0,0.0302,0.038,1.8656,377.721,0.0005,124.1986,3.3334,508.4984,211.6406,27.9907,9,5.8687,1.9514,0.0032,0.5511,9,0.5279,9.7345,0.0167,0,0.4846,26.9627,5.878,0.0013,1.5171,4.9702,0,5.3725,0.0272,18.5731,0,0,0,0,0.0189,0,0.0023,0,0,0,0
"Honduras",2089.2325,90.9055,0.3997,2.6219,1.8721,2.2995,25.8665,58.0976,2.6032,0.4229,0,1.5729,0.8019,0.5411,0.0379,143.8814,6.1034,136.4678,0,7.0102,4.3983,118.8392,95.2729,46.9676,96.0492,0,0.0392,21.2107,26.8894,90.6771,0.6065,0.1988,60.0695,46.1808,1.2624,34.3145,0.5489,24.8983,48.4346,0.0148,16.296,0,0,7.6723,14.3695,0,4.2451,43.6338,8.5285,2.0017,0.6633,0.1891,0.1026,1.0965,0,0.0322,2.578,0.01,0.4256,0,1.1686,0.0189,0.9264,0.0329,1.9189,0,4.4401,29.5576,2.0658,0.0093,0.022,16.4478,0.0277,1.7674,0.0279,0.0002,107.0775,24.4459,1.4966,1.7165,0.0544,0,9,0,0.0329,0.0492,0.1341,0.3078,0.1695,0.0133,0,0.2141,0.0335,0,0.0331,0.0116,0.0114,0.4639,0.2942,3.4353,0,0.2937,0,0.233,0,0.2113,0.9153,0.0013,0.4933,9,0.0016,9,0.1358,9,1.8982,0.0102,0.0391,0.0431,0,0.8327,9,0,0.3607,0,0.0243,9,0.0167,0,1.0228,0.1457,0.0322,0.069,0.0016,0.1263,0.6972,0.0784,0.1487,0.1971,0.4161,0.122,7.9374,0.4214,0.0146,0.1533,0.0465,0.0335,2.6685,0,2.5761,0,9,0,0.0481,0.2579,71.5615,0.0117,24.6148,5.2835,10.8835,44.3663,13.1643,0.3984,1.8874,1.081,0,0.2327,9,0.0067,6.6219,9,0,0.1001,12.9984,0.52,0.0198,4.3061,3.7782,0,0.7142,0.0016,4.7403,0,0,9,0,0.2345,9,9,0,0,0,9
"El Salvador",859.3986,0.942,2.9752,3.8024,0.264,22.717,1.8146,13.2397,0.4394,0.0001,0,0,0.012,0,0,318.9648,8.9567,56.8355,7.0102,0,1.8524,81.972,95.3449,57.6056,242.5144,0.0182,0.0321,94.2722,20.4364,167.9259,1.9453,0.0563,70.7333,73.5282,3.0074,7.5546,3.8446,1.8826,8.0226,0.0138,1.6626,0,0,23.0618,69.2121,0,0.7698,32.1311,1.1274,4.2927,0.0357,11.6782,0,31.3236,0,0.0032,0.0241,0.0002,0.2903,0,0,0.0443,0.404,0.0151,4.1143,0,0.1841,15.8449,0.09,0,1.3471,6.7823,0.2679,0,0.1991,9.137,8.0902,35.0096,9.5935,9.1949,0.0016,0,9,0,9,0,0,0,0,0,0,0.0431,0.0002,9,9,9,0.7131,0,0.0002,0,0,0,9,9,0,0.0023,0.3917,0,9,9.0096,9,0,9,0,0.0265,0,0,0,0,0.4365,0,0,0,0,0.0124,0,0.0004,0,0.3262,0.1541,0.0008,0,0,0.001,0.8552,0,0.1547,0,0.0447,0.0222,5.2725,0.2173,0,0.0135,0,0,0.0903,0,0,9,0,9,0,6.1804,124.5032,0,0,0.0022,63.618,120.634,11.2531,9,1.2007,0.38,9,0.5723,0,9,15.4943,0.0004,0,0.3373,7.1551,1.3589,0,4.4056,4.3593,0,7.1329,0,12.5082,9,0,0,0,0,0,0,0,0,0,9
"Nicaragua",534.9594,28.7768,0.0295,0.4901,3.3386,8.4611,0.1204,10.7112,0.028,0.0172,0.0185,0,0,0,9,121.2845,0.0472,120.5163,4.3983,1.8524,0,136.7838,12.5028,7.6162,279.0331,0,0.0072,51.5052,6.68,69.3001,0.0072,0.5103,13.0229,20.2999,1.1415,3.2127,1.8696,0.1634,11.6327,0.0659,3.503,0,0,5.7631,5.4581,0,0.5204,19.226,0.3839,0.725,2.1234,0.0571,0,2.5888,0,0.0015,0.0347,0,0.1722,0,0,0.03,0.4553,0.0172,0.0375,0,0.8244,18.8244,0.02,1.1852,0.0162,14.8752,0.1799,0,9,0,3.4394,3.5594,0.2471,5.1841,0.0299,0,0,0,0,0,9,0,0,0.0008,0.0001,0.0021,9.0001,9,9,0,0,0.0005,0.0074,0.0015,9,0.0053,9,0,0,0.003,0,0,9,0,0,0,0,0,9,0,0.3134,0,9,0.3065,0,0,0,0,0.002,9,0.0646,9,0.057,0.0001,0.049,0,0,0.0007,1.1644,9,0.0087,0.0003,0.3133,0.0278,4.4664,0.1662,0,9,0,0,0.7358,0,0,0,9,0,0,0.5992,114.9252,9.0006,14.3115,8.7952,18.006,88.7149,13.875,9,0.1433,0.169,0,0.565,9,0,7.7454,0.0003,9.0021,0.2134,9.4854,1.6269,0,0.6956,6.1034,0,3.0389,9,6.1863,0,0,0,0,0,9,0,0,0,0,9.0089
"Costa Rica",308.5349,184.0308,15.9765,4.4294,4.9397,52.8981,38.3581,0.6378,4.1185,0.6719,0.2862,0.6121,0.6998,1.0241,0.1364,518.9447,4.7294,161.8702,118.8392,81.972,136.7838,0,73.1858,256.5147,300.2104,3.5425,0.3241,9.3284,2.178,265.2164,0.2755,0.1353,100.5346,60.9509,10.9426,989.0176,14.4338,1392.32,364.3238,0.3348,30.0984,0,0,18.0715,65.6257,0,50.7968,260.0623,6.6997,5.4423,2.7013,159.0821,0.689,34.6435,0,0.2519,0.0056,0.836,2.6806,0,0.0001,0.151,6.4685,0.0454,2.1628,0.0844,9.5894,10.8204,1.1004,0.1211,1.1963,12.6991,2.9555,0.0159,0.0053,0.0125,0.8423,62.5008,39.4094,1.226,1.9783,0,0.0048,9,4.1332,9.0358,0,0.0419,0.0016,0.0048,0,0.0236,0,0,0,0,0.0561,0,6.5051,0.1568,0,0.004,0.0081,0.0057,0,0.0009,0.0418,0.0053,0.0008,0,0,0,0.036,0,0.0047,0.0046,0.3554,0,0.307,37.9452,0,0,0.0103,0,0.0247,0,0.361,0,0.5009,2.4009,0.6405,0,0,0.1458,39.6013,0,0.2777,0.0589,1.0053,0.0292,12.2624,6.6624,0.0077,0.0378,0.0067,0.0437,0.0591,0.0438,0.0913,9,9.0022,0.0289,0,0.4362,583.1314,0.0195,36.3043,3.2256,97.6963,308.672,12.763,9,2.3964,0.4574,1.1983,0.1788,0.0047,0.0131,2.1176,0.0387,0.0001,0.3965,167.7152,142.8184,9,11.2921,5.4195,0,19.6473,0.0074,0.4076,1.4494,0,0.0007,9,0.0228,0,0,0,0,0,0.032
"Panama",713.2882,18.8007,0.3168,0.3503,23.2411,115.5986,40.4383,19.6168,0.004,0,0,1.6847,1.4769,0,10.8861,95.0703,0.0503,353.6071,95.2729,95.3449,12.5028,73.1858,0,102.2886,314.1308,0.4312,2.3795,351.1513,106.1881,90.9116,3.5973,1.3134,3.2047,26.2857,2.784,0.6123,5.2908,9.9578,12.0538,1.6711,1.3045,0,0,18.9778,5.7578,0,11.4709,142.7731,145.373,3.9143,2.1572,23.9969,8.6207,41.7921,0,0.2595,0.281,0.1978,0.9576,0,9,0.0527,36.1367,0.0249,0.6696,0,0.1913,1.7223,2.4512,0.075,0.8466,9.9453,1.1827,2.1782,0.2163,0.0179,1.7625,7.3727,28.9932,29.6755,2.7863,0,9,9,9,0,0,0.0087,3.4945,0,0,4.1127,0,9,9,0,0.9259,0,0,0.0048,0,9,0,0,0,0.0009,0.0591,0.0127,9,0,9,0,0,0,0.0227,0,0,0.0842,0,4.9131,0,0,0,0,0.0286,0,1.7582,0,6.8775,0.0948,1.5103,0,0.234,0,21.4572,0,0.064,0,0.0078,0.0938,5.8998,9.6374,0,0.0812,0,0.3941,0.0829,0.2093,0,0,0,0.0266,0,0.6373,61.632,0,10.2467,0,192.3169,75.8865,69.2155,9,0.5893,0.1347,9,0.2439,0,9,19.9073,0.4347,9,22.0774,3.0948,9.5541,0,1.1607,15.7837,0,0.6504,0,13.0634,9,0,0,0,0,0,0,0,0,0,0
"Colombia",2982.2544,26.7118,47.6729,28.6201,42.4074,431.929,53.3418,37.9526,4.1349,1.2807,0.2415,1.7412,1.2377,2.4446,0.3802,325.4978,1.1031,119.859,46.9676,57.6056,7.6162,256.5147,102.2886,0,639.6482,2.5859,2.4413,700.4328,297.941,793.8641,106.7111,62.8497,48.9287,270.8336,21.6084,324.0331,43.4679,403.1538,450.5428,1.9025,123.9878,0,0,147.4907,33.3829,0,148.7156,20.8669,9.732,42.7772,15.8555,40.6506,2.6334,245.7549,0,0.6117,0.2705,2.1694,12.9907,0,0.3608,24.863,4.8836,0.199,4.7068,3.632,3.1703,13.0772,0.3968,8.4613,0.0308,51.096,3.0896,0.0229,4.4078,0.0939,23.1833,49.6913,34.0997,75.4589,0.3917,0,0.0882,0.0323,0.0061,0.1404,0.3515,0.7693,0.5526,0.0161,0.0354,0.4829,0.1185,3.6324,0.6066,0.002,0.929,0.1121,0.7787,1.7955,0.0773,0.0227,0.253,0.0643,0.044,0.1637,9.5158,0.087,0.0041,0.0054,0,0.295,0.1441,0.0041,0.3031,0.1769,0.0528,0.1858,0.0001,17.1104,0.01,0.0002,0.0115,0.0333,0.3647,0.0005,0.1097,0.2866,33.4326,8.8269,1.1494,9.8531,0.014,2.3583,81.9426,0.584,2.1549,32.4554,2.0939,0.2737,22.9383,2.9623,2.6663,2.2597,1.2368,0.2074,3.9068,0.0323,0.0187,0.0019,0.0112,0.0181,0,1.2664,903.801,0.0075,118.7901,9.0495,340.4578,344.3792,165.2319,0.0664,11.3969,0.2415,0.0769,1.0714,0.0011,0.0003,72.4149,0.0498,0.0223,9.2318,60.8555,12.1323,0.0026,9.4345,75.5388,0,6.9313,0.0616,7.5881,0.0068,0,0.0018,0,0.1485,0,0,0,0,0,0.002
"Venezuela",21330.1712,769.7054,22.5615,1083.5791,24.0582,627.2401,122.8971,121.7152,4.0738,0.4698,1.9636,1.4482,0.961,1.551,0,293.6345,0.5603,19.7574,96.0492,242.5144,279.0331,300.2104,314.1308,639.6482,0,9.8248,0.3275,366.1485,24.0428,999.373,47.2335,1.0315,75.5764,405.4371,84.8327,3.23,28.8163,116.4351,85.946,0.1741,79.7664,0,0,123.6421,26.085,0,11.4264,191.599,1.6798,19.7456,2.958,0.438,1.193,126.4355,0,3.0362,0.2294,0.0005,0.9236,0,0,1.779,24.8565,3.2421,5.5413,0.0177,9.425,10.5069,9.252,2.6453,0.7442,16.713,15.0006,0.2901,0.0002,0.0047,18.1701,107.6323,0.3215,107.1989,0.9087,0,9,0,0,0,0,0.0728,0.0025,0,0.0208,75.6868,0.004,0,10.083,0,0.0209,0.1978,1.1297,4.1845,0,0,0,0.0114,0,0.0127,0.4035,0.096,9,0.109,0,0,0.028,0,0.0033,0,0.1318,0.422,0,8.8673,0.0121,0,0,0,0.0184,0,0.0902,0,13.9975,1.4103,1.1021,0.017,0.4756,3.663,29.6554,0.007,22.9149,1.0804,8.4139,0.473,6.014,0.4304,0.0029,0.1755,0.0308,6.5844,3.573,0.002,0.024,0,0,0,0,0.1118,186.3655,9,0,1.863,136.293,260.269,46.1637,0,7.9933,0.222,0,0.2184,0,9,14.0655,0.0284,0,3.527,28.171,73.7756,0.0418,0.7935,37.5732,0,6.7596,0.03,28.4778,0,0,0,0,0,0,0,0,0,0,0.011
"Guyana",11.06,156.901,0.0152,27.0916,2.6137,1.1686,27.9574,122.7935,7.758,3.0693,4.4758,6.979,2.4172,5.9424,0.2559,0,0.2466,0.7586,0,0.0182,0,3.5425,0.4312,2.5859,9.8248,0,0.4166,0.1566,1.9099,14.9381,0.1042,0.4151,0.1233,1.3317,0,45.302,1.7782,5.0331,43.3364,1.6777,7.7185,0,0,0.2493,4.295,0,65.1741,2.0627,0.5212,0.1502,0.012,0.1353,0.0302,1.0782,0,0.0625,0,0,0.0778,0,0,0.0006,0.0787,0.1185,0.0008,9,0.022,2.2179,0,0,0.0694,0.0395,0,0,9,9,1.4564,2.2092,0.6287,1.0432,0.0002,0,0,0,0,0,9,0,0.2161,9,0,0,9.1661,9,0,0,0.473,0.001,0,0.9996,0,0,0,0,0,0,0.2986,0.0877,9,0,0,0,0,0,0,0,0,0.0001,0,1.2771,0.4322,0,0,0,0.0105,0,0,0,0.0188,1.0248,0.3915,0,0,0.0103,1.4995,0,0.0251,0,0.0275,0,0.33,0.3611,0,0,0.0007,0,0,0.0149,9,0,0,0,0,0,18.284,0,0.6639,9.5436,2.3677,14.5156,1.5229,0,0.6096,0,0,0.081,0,0,2.1831,9,0,0,1.026,1.2845,0,0.0028,0.4732,0,0.0879,0.0086,3.9089,0,0,0,0,0,0,0,0,0,0,0
"Suriname",86.0464,117.8127,0.0059,0.0605,0.0126,0.0095,6.6435,33.708,11.4319,0.2735,0.0118,0.0051,0.0485,0.5366,0,1.9546,0.0026,0.3702,0.0392,0.0321,0.0072,0.3241,2.3795,2.4413,0.3275,0.4166,0,0.006,0.1504,8.3598,0,0.0177,0.125,0.5105,0.53,1.0697,0.207,35.1217,98.0022,0.0549,80.5591,0,0,0.3725,0.1926,0,0.1934,0.2821,8.7645,0.0107,0.051,0.6284,0,8.5614,0,0.0513,0.0024,0,0.0034,0,0,0.0586,0.0136,0.0943,0.0049,9.0054,0.15,0.1184,0,0,0.0592,0.0067,0.003,0,9,0,0.0154,2.1782,284.9377,0.1125,37.7028,0,0,0,0,0.0027,0.0249,0.0034,0,9.0292,0,0.0142,0,9,0.01,0.0025,0.0096,0,5.2053,0,0,0,0,0.0148,0,0.0401,9.1042,0.0026,0,0,0,0,9,0,0,0,0.0068,0.0018,0,0.2898,0.0217,0,0,0,0.002,0,0,0,0.0524,0.001,0.0563,0,0,0.0016,0.2921,9,0.0075,0,0.0005,0.0006,0.0246,0.1605,0,9,0.0094,0.0326,25.492,0,9,0,0,0,0,0,10.0301,0,1.1125,0.6598,0.0573,22.3546,2.6129,9,0.003,0,0,0.0381,9,0,0.8595,0,0,0.0416,0.1994,0.5835,9,0.0951,0.6273,0,0.2985,0,0.0021,9,0,0,0,0,0,0,0,0,0,0
"Ecuador",3164.3297,16.3906,1.5461,15.6115,0.4425,36.0805,53.6354,5.9869,0.7333,0.0409,0.0091,0.0034,0.0346,0.0229,0,164.6544,0.4331,6.191,21.2107,94.2722,51.5052,9.3284,351.1513,700.4328,366.1485,0.1566,0.006,0,38.1188,343.6438,7.9656,4.5101,239.2907,164.3969,38.6119,27.1466,5.976,45.6182,147.8695,0.1431,32.9633,0,0,40.1072,42.7366,0,35.6619,257.4831,71.2333,2.4288,1.896,24.1048,0.2079,204.0602,0,1.0116,6.7894,7.2206,15.4987,0,0.0174,1.5692,27.8043,0.1029,9.2955,1.4431,42.5866,315.4887,3.2423,13.1926,8.9667,21.1199,0.938,2.1848,7.9121,1.2765,15.4872,13.3986,11.1244,1.8891,0.4463,0,0,0,0.0026,0,0,0.0004,0.1643,0,0.0095,0.0219,0.0037,0,0,0.0128,0.3508,0.0113,0,0.0416,0.0039,0.0146,0,0.2125,0,0.0749,0.5272,0,9,0.0259,0,0,0.0025,0,0.0302,0.0944,0,0,0,0.4821,0.0061,0,0.0021,30.0277,0.1324,0,0.0146,0.0005,0.3303,82.5002,13.4521,0,44.713,3.9662,15.3508,0,0.7622,84.8641,0.8004,1.6545,11.3207,17.1243,0.019,0.2719,0.023,0.0717,0.7976,0.024,0.2251,0,0,0.543,0.0029,6.849,319.1506,9.0081,56.817,24.4098,273.1177,114.6845,0.836,0,1.2492,0.0013,9,1.6919,0,0.0091,33.7014,0.0005,0,1.3234,9.1928,0.1727,0,2.6963,14.0598,0,8.9999,0.0017,17.7234,0.2383,0,0,0,0,9,0,0,0,0,0
"Peru",659.7932,283.7384,52.2616,2.3168,19.7715,14.682,1.4268,11.3079,8.5165,0.2537,0.0362,0.9042,0.1023,0.2948,0.6179,70.2469,0.0157,14.7635,26.8894,20.4364,6.68,2.178,106.1881,297.941,24.0428,1.9099,0.1504,38.1188,0,199.6548,3.9015,24.386,66.1064,292.5011,55.2384,120.3392,29.5683,185.3425,91.1613,0.4359,11.9342,0,0,215.486,779.5074,0,3.4361,134.3781,8.8004,29.3279,0.1484,7.6202,0.1571,157.5943,0,0.0798,0.5132,0.0699,3.1936,0,0.0049,0.2214,4.4406,0.6984,69.0679,0.0869,8.5884,3.0693,0.2011,4.145,1.6722,2.4015,0.3992,0.163,0.1673,0.001,22.8548,11.6361,23.935,3.1903,0.0103,0,0.0828,0.0167,0,0.7416,1.3177,4.7426,0.0999,3.9847,0.0037,0.0317,0.5572,0.4664,0.441,0.0019,0.1533,0.0139,1.1009,2.4225,0.0483,0.0007,0.0001,1.2225,0.001,0.0001,1.9971,0.3316,0.0255,0,0,0.0006,0.0283,0.0001,5.3724,0.0017,0.2907,0.0012,0.0005,24.8926,0.0132,0.0005,0,0.3948,0.7216,0,0.5756,0.009,2.7704,8.8082,0.1145,0.2059,0.9197,0.3564,43.092,0.0051,0.3244,0.7172,1.8782,0.4643,13.4855,5.4864,0.013,0.9947,0.1592,1.8385,5.4344,0.0553,0.0828,0.0047,0.0013,2.4871,0.1331,31.2176,1088.29,0.1429,102.2985,2.3183,73.9964,497.2616,26.241,0.0007,0.9054,0.2902,0.0342,2.2351,0,0.2349,14.8185,0.2716,0.0004,15.2813,14.5928,28.8583,0.0032,5.9862,4.1408,0,2.1873,0.0108,14.5841,0,0,0,0,0,0.0091,0.0018,0,0,0,0.1433
"Brazil",10062.761,1031.9896,533.9468,95.3093,26.9364,289.9361,151.2898,538.4694,21.0662,2.5999,3.3396,7.8122,3.3878,1.8892,0.6966,4001.0147,1.5768,171.8588,90.6771,167.9259,69.3001,265.2164,90.9116,793.8641,999.373,14.9381,8.3598,343.6438,199.6548,0,298.2816,552.921,1308.2811,1596.4433,101.3693,1403.0354,46.9422,4280.7033,609.1192,3.4721,292.8745,0,0,778.2453,1000.5176,0,850.4549,116.1045,379.7876,146.5039,6.1152,75.6338,17.7217,1054.5525,0,4.7151,30.84,41.0198,115.2585,0,6.438,124.9906,283.7119,52.5287,171.1925,5.938,386.2561,481.1576,3.8333,9.4447,10.3729,43.6869,150.0636,23.2983,15.6673,11.1109,184.0857,347.2387,17.0489,21.7587,8.2632,0,0.0955,0.313,11.0292,34.0375,5.4505,103.2891,8.8194,43.5444,14.0378,38.6731,14.455,5.713,30.695,8.2076,185.809,6.3346,29.4177,3293.5967,16.3898,0.1853,0.2977,2.2042,13.6355,8.138,17.9272,9.0075,0.1513,0.0486,48.561,10.729,15.0158,0.0192,388.3896,15.1832,3.1119,2.6896,0.8652,794.9563,11.344,0.4333,1.7643,0.0314,12.4318,1.1634,15.4021,0,181.4709,1707.5405,75.0012,65.6488,23.7329,676.0347,482.0136,452.6222,377.2282,604.0516,84.6804,65.3374,335.6524,573.562,125.9882,116.295,113.4824,57.3254,706.9226,48.7244,0.1313,6.6862,0.1674,2.0279,11.177,110.2674,5085.9937,1.7051,247.0717,110.1528,292.7749,494.9177,38.3684,0.137,68.8872,108.1563,3.2894,13.1666,1.0716,3.8556,321.6964,0.4254,0.0373,11.5023,225.4141,132.8932,0.2641,1.0973,34.8688,0,32.6369,2.022,48.1305,0,0.0537,0.0374,0,2.2184,0.1687,0,0,0.1599,0,1.1982
"Bolivia",11.8574,4.9314,0.0292,0.3332,0.1047,0.8528,0.0409,0.0629,0.1649,0.0516,0.0001,0,0.0037,0.0042,0,2.1988,0.0039,1.7272,0.6065,1.9453,0.0072,0.2755,3.5973,106.7111,47.2335,0.1042,0,7.9656,3.9015,298.2816,0,8.9367,57.8404,164.5479,2.7462,8.7233,0.7281,15.343,12.9165,0.0904,9.8577,0,0,5.0218,7.3728,0,0.0021,17.389,0.0812,0.9276,0.2797,0.2155,0.2489,3.8502,0,0.0422,0.0239,0.001,0.0458,0,9.0024,0.0697,0.2925,0.006,0.0138,0,0.0085,1.7768,0.0536,0.0458,0.0082,0.0457,0.0022,0,9.0019,0,1.7838,20.8116,0.1053,2.0834,0.0056,0,9.0054,9,0.0324,9,9,0.0016,0,9.0002,0,0.0095,0,9,0.0004,0.0013,0.426,0,0.0004,0.0076,0.007,0.016,9,0.0026,9,0,0.0004,0,0,0,0,9,0.0188,9,0.0002,0.0133,0,0.0001,9,0.3951,0,0,0,0.0793,0.0029,0,0.0004,9.0008,0.0184,0.0178,0.1491,0,0.094,0.0141,0.113,0,0.29,0.09,0.0961,0.0335,5.9447,0.0195,0.0005,0,0.0004,0.0006,1.9545,0,9.0024,9,9,9,0,0.0008,77.4064,9,7.8948,0.3323,29.1101,16.9275,10.2411,9,0.19,3.8261,0.0002,0.398,0,0.0001,2.5592,9.0001,9.0003,0.0789,4.0291,0.6379,0.0091,0.4541,1.674,0,2.1714,0,2.1564,9,9,9,9,0,9,9,0,0,0,9
"Paraguay",32.921,9.9278,9.7461,0.1255,0,0.9016,1.8186,0.0662,0,0,0,0,0.0001,9,9,23.2289,0.079,1.1466,0.1988,0.0563,0.5103,0.1353,1.3134,62.8497,1.0315,0.4151,0.0177,4.5101,24.386,552.921,8.9367,0,64.6542,282.8103,45.1007,29.6617,0.7684,84.512,0.5099,1.0018,9.0635,0,0,68.7041,6.929,0,15.1613,38.1111,0.8694,2.3563,0.9051,0.2642,0.018,128.3803,0,0.0036,1.8406,0,3.0264,0,0,0.0252,15.5469,0.0105,0.5393,0.2584,0.0103,24.692,0.0425,0.1822,0.0256,0.0765,0.0072,0.0747,0.2816,0,1.2842,29.563,0.1971,0.8174,0.2044,0,9,0,0.2705,0.0283,9,0.0424,0,0.2658,0,0.1425,9,0,0,0,0.0675,0.0152,0,0.0008,0,0,0,0,0,0,0.0326,0.2073,0,9,9,9,0,0,7.0511,0.0507,0,6.8144,0,0.9833,0.005,0.0018,0.0068,0,0.0836,0,0.0082,9,62.866,4.7343,6.1453,0,9,0,21.5397,0.1812,0.1062,0.8818,8.6905,0.0783,9.0859,7.4027,0,0.3669,0.2568,0.0646,2.5789,0.1079,0,0,9.5081,0,0,0.0001,344.5366,0.348,29.725,7.6,24.1076,73.6474,8.8786,0,0.8693,0.6314,0.0026,0.1446,0,0.0024,2.1712,0.005,0,1.8194,11.0992,2.3647,0,0.4454,8.0085,0,0.6524,0,0.1296,0,0,9,0,0,9,9,0,0,0,0
"Chile",1851.5869,756.4575,1.4966,50.851,4.4046,27.189,10.8574,0.5432,2.1395,0.3607,0.149,0.4142,0.2346,6.0951,0,953.6411,0.3916,36.8416,60.0695,70.7333,13.0229,100.5346,3.2047,48.9287,75.5764,0.1233,0.125,239.2907,66.1064,1308.2811,57.8404,64.6542,0,3662.4072,16.4383,660.2735,3.1441,1297.48,132.2753,13.7022,849.1991,0,0,59.6711,383.4868,0,12.0623,701.9951,11.363,7.7957,10.1159,8.4196,3.9112,1154.0887,0,0.8468,0.0009,0.2642,2.0511,0,0.0236,2.8644,140.8872,0.4872,180.5293,0.3508,2.308,58.3734,1.2567,2.3981,2.9143,58.0977,1.7981,0.0357,0.0006,0.0631,56.2934,31.9534,4.744,30.5327,0.0864,0,9,0,0.1284,0.0123,0.0715,0.241,0.0547,0.0656,0.6398,39.172,0.3397,0.1935,0.0094,0,3.1231,0.0982,1.4284,352.1758,66.1766,0,0,0,0,0.0099,0.4138,0.048,0,0,0,0,0.0208,0,427.0195,0.0095,0.2098,0.2079,0.0913,47.7796,0.0544,0.0086,0,0.0006,0.103,9,1.3187,0.0006,12.4322,2.2686,1.672,0.0743,0.3927,114.9756,144.1649,0,1.9529,4.1957,1.8522,0.6877,37.1288,99.213,2.0319,11.132,2.0246,0.9379,60.2101,5.4132,0.0455,0.0488,2.0961,0.0253,0.0131,1.2558,1254.1055,0.0181,766.0405,15.0479,1132.5737,3121.7248,177.6304,0,37.3733,5.2946,0.0381,2.1291,0.0002,0.0026,49.82,0.2831,0,19.6631,19.2842,53.3988,0,37.648,31.3837,0,66.9679,1.2092,1.1867,1.2315,0.0126,0.1181,0.6365,1.3765,0.5613,0,0,0,0,3.3356
"Argentina",189.4166,167.8419,13.8561,99.4768,15.6289,91.3591,6.3764,21.236,2.2813,0.2665,0.2178,1.2407,0.4352,0.1726,0.1876,504.7596,1.1064,45.4253,46.1808,73.5282,20.2999,60.9509,26.2857,270.8336,405.4371,1.3317,0.5105,164.3969,292.5011,1596.4433,164.5479,282.8103,3662.4072,0,326.1607,214.4082,16.1103,842.2167,355.7985,2.9164,154.3331,0,0,117.755,1141.8687,0,162.1617,103.8846,278.1493,39.3888,12.6485,36.4749,3.2442,537.4144,0,7.7442,4.7211,9.8784,37.3385,0,5.1386,11.8543,156.2571,29.1439,17.0729,0.7738,2.0385,237.9503,3.4289,16.439,12.8159,12.9984,6.0758,2.0649,0.2138,0.3137,14.6613,105.9575,12.8929,323.0147,0.6139,0,0.22,0.0583,0.8332,2.0502,1.284,24.9035,0.4713,4.0507,5.198,7.7478,0.6317,0.4832,3.9131,4.2101,16.2931,0.1736,3.844,93.4519,6.3145,0.0492,0.4995,2.0291,18.6502,17.8059,56.2253,28.0907,0,0.1312,0,0.1083,0.1049,0.0772,89.0256,22.2652,0.3053,31.5146,2.2128,508.6458,2.9114,0,0.0304,0.2732,41.1916,0.214,33.0583,0.12,247.7381,596.7067,146.5335,58.969,1.0958,9.1812,242.8176,37.7375,302.7249,597.6747,48.2511,80.8144,88.2446,130.9296,44.4205,21.8549,10.8739,9.7666,194.6939,33.8432,0.4961,0,0,0.0203,1.9349,3.6196,2376.304,1.6579,71.9788,0,152.3037,3.8157,400.3975,0,15.7614,62.6203,4.3083,57.6803,0.1053,15.1,273.2715,1.1933,0.0618,163.431,311.1745,97.6479,0.171,258.2831,253.7785,0,75.7803,0.034,4.0859,0,0,0,0,0.0645,0,0,0,0,0,0
