"","United States of America","Canada","Cuba","Haiti","Dominican Republic","Jamaica","Trinidad and Tobago","Barbados","Mexico","Guatemala","Honduras","El Salvador","Nicaragua","Costa Rica","Panama","Colombia","Venezuela","Guyana","Ecuador","Peru","Brazil","Bolivia","Paraguay","Chile","Argentina","Uruguay","United Kingdom","Ireland","Netherlands","Belgium","Luxembourg","France","Switzerland","Spain","Portugal","German Federal Republic","German Democratic Republic","Poland","Austria","Hungary","Czechoslovakia","Italy","Malta","Albania","Yugoslavia","Greece","Cyprus","Bulgaria","Romania","Russia","Finland","Sweden","Norway","Denmark","Iceland","Gambia","Mali","Senegal","Benin","Mauritania","Niger","Ivory Coast","Guinea","Burkina Faso","Liberia","Sierra Leone","Ghana","Togo","Cameroon","Nigeria","Gabon","Central African Republic","Chad","Congo","Democratic Republic of the Congo","Uganda","Kenya","Tanzania","Burundi","Rwanda","Somalia","Ethiopia","Zambia","Zimbabwe","Malawi","South Africa","Lesotho","Botswana","Madagascar","Morocco","Algeria","Tunisia","Libya","Sudan","Iran","Turkey","Iraq","Egypt","Syria","Lebanon","Jordan","Israel","Saudi Arabia","Yemen Arab Republic","Yemen People's Republic","Kuwait","Afghanistan","China","Mongolia","Taiwan","North Korea","South Korea","Japan","India","Pakistan","Myanmar","Sri Lanka","Maldives","Nepal","Thailand","Cambodia","Laos","Vietnam","Republic of Vietnam","Malaysia","Singapore","Philippines","Indonesia","Australia","New Zealand"
"United States of America",0,542.7002,0,1.575,37.36,19,133.1,8.294,293,31.6,1.1,12.8,42.6,0.9,17.77,33,345.2,6.6,21.37,46.1,31.53,12.2,0.246,67.97,92.8,8.9,402.2999,51.6,489,33.5615,1.5384,482,70.3,348.5,7.8,0,20,36,3.6,4,9,115.5,1.58,0,31,27.1,6.8,1,12.44,16,15.6,83.2,32,75,9.1,0.301,0.5,4.703,0.28,8.358,2.4,35.5,1,0.9,1,1.4,6.4,1.5,14.8,31,6.8,9.4,4,2.7,3,40.2,6.7,2.9,20,1.4,3.5,40.5,34.11,3,0.2,168,9,0,14,38.6,48,61.3,20.9,2.6,120.6,13.8,31.9,52.3,5.4,38.42,18.8,103.7,51.6,0,1.91,110.3,12.745,0,3,156,9,180.2,0.4001,709.7,303.1,23.9,12.9,0,1,73.4,0,7.262,116.043,0,138.47,49,4.7,141.7,552.01,61.72
"Canada",542.7002,0,33,0.031,3.37,7.2,2.5,6.604,6.3,1.3,10.4,2.1,0.5,3,12.13,1.1,201,17,3.92,23,11.77,1.9,0.616,8.36,21.5,4.2,575.5,15.8,0.8,23.713,1.087,28.8,34,22,8.9,0,1.7,8.7,8.2,3.4,18.6,31.5,1,14.3,1,3.7,0.2,1.3,0.5,95.7,4.8,44.9,46.7,10.2,0.3,0.28,0,1.2,0.188,0.091,0,0.4,2.3,0,0.406,1,2.3,0.4,0,32.6,0.2,0,0,0.1,1.1,9.2,5.4,0.2,0,0,0,0.5,5.017,0.1,0.15,35.8,0,0,0.3,1.3,4.7,0.5,11.2,0.2,32.5,0.4,8.8,1,0.2,1.72,0.7,5.9,30.9,9,0.4,0.6,0.7,59,0,12.3,0,3.7,323.3,93.5,29,0.1,9.1,0,0,1.1,0.1,0,1.8,0,13.16,8.7,11,1.6,89.07,29.06
"Cuba",0,33,0,0,0,0,0,0,6.2,0,0,0,0,0,0,0,0,0,0,0,0,0,9,0,0,0.1,11.1,0.2,6.7,3.1554,0.1446,39,4.8,9.8,0,0,0,0,0,0,0,16,0.24,0,1.5,9,9,0,0.06,0,4.9,0.5,1.5,0.6,0,9,0,0,9,0,0,0,0,9,0,9,0,0,0,0,0,9,9,0,9,0,0,0,0,9,9,0,0.11,0,0,0,0,0,9,8.9,2.5,0,9.9,0,3.9,0,9.8,1.6,2.6,0.23,0,0,0,9,0,9,0,0,0,0,0,0,18.7,0,0,9,0,0,0,0,0,0,0,0,3.6,0,0,0,0,0
"Haiti",1.575,0.031,0,0,0.284,0.239,0.233,0.014,0.097,0.002,0,0,0.006,0,0,0.032,0.048,0,0,0.002,0.016,0,0,0.025,0.005,0,1.252,0.011,0.789,1.2048,0.0552,3.678,1.129,0.004,0.027,0,0,0.298,0.029,0.301,0.509,3.174,0,0,0,1.3,0,9.353,0.019,0,0.072,0.001,0.287,0.176,0.002,0,0,0,9,0,9,0,0,0,0,0,0,0,0,0,0,9,0,0,0.002,0,9,0.002,0,9,0,9.003,0,9,0,0.004,0,0,0.024,0.002,0,0,0,0,0,0,0,0.032,0,0,0.001,0.005,9,9,0,9,0,0.013,0,0,0,0,0.504,0.239,0,0,0,0,0,0,0,0,9,0,9,0.004,0.023,0.008,0.027,0.012
"Dominican Republic",37.36,3.37,0,0.284,0,1.18,0.35,0,1,0.15,0.15,0.19,0,0,1.41,0.26,1.06,0,0,0.39,0,0,0,0.07,0.09,0.2,5.09,0.2,6.06,1.6255,0.0745,0.46,0.95,1.14,0.43,0,0,0,0.15,0,0,2.99,0,9,0,0,0,0,0,0,0.62,0.49,0.04,0.45,0,0,0,9,9,0,0,9,0,0,0,9,0,9,0,2.35,0,0,0,0,9,0,0,9,0,0,0,9,0,0,9,0.11,0,0,0,0.43,0.2,0,0,9,0,0,0,0.08,9,0,0,0,0,0,9,9,0,0,9,0.08,0,0,13.2,0.76,0.13,0,0,0,0,0.3,0,9,9,0,0.24,0,0,0,0.06,0
"Jamaica",19,7.2,0,0.239,1.18,0,0.7,0.508,0.2,0.1,2.2,0.2,0.5,0.1,0.11,0.1,18.8,1.1,0,0.2,0.1,0,0,0,0.7,0,10.8,0.8,4.6,3.6334,0.1666,5.5,1.2,0.2,0.4,0,0,0,0.2,0,0,3.1,0.02,0,0.6,0,0,9,0,0,0,2.3,15.1,0.9,0,0,0,0,0,0,9,0,9,0,0,0,0,0,0,0,0,0,0,0,0,0,0,0,0,9,0,0,0,0,0,0,0,0,0,0,0,0,0,0,0,0,0,0,0,0,0,0,0,0,0,0,0,0,0,0,0,0,6.9,0.7,0.3,0,0,0,9,0,0,0,0,0,0,0.4,0,0,6.8,5.2
"Trinidad and Tobago",133.1,2.5,0,0.233,0.35,0.7,0,3.487,0.1,0,0.2,0,0.5,1,1.3,17.4,162.5,7.1,0.15,0.5,0.16,0,0,0,0.7,0,5.1,1.2,0.9,0.7649,0.0351,2,0,0,0.2,0,0,9,0.1,9,9,1.6,0.01,0,0,0,0,0,0,9,0,23.5,2,2.9,0,0.01,9,0,0,0,0.2,0,0,0,0,1.1,0.1,0.4,0.7,2.1,0,0,0,0.1,0,0,0,0,9,0,0,0,0,0,0.1,0,0,0,0,0,0,0,15.1,0,0,0,0,0,0,0,0,0,2.3,9,0,0,0,0,0,0,9,0,5.2,1,0.1,0,0,0,0,0,0,9,0,0,0,0,0,0,4.9,5.1
"Barbados",8.294,6.604,0,0.014,0,0.508,3.487,0,0.1,0,0.2,0,0.1,0,0,0.2,4.922,1.254,0,0,0,0,0,0,0.964,0.003,5.15,0.7,1.416,0.9179,0.0421,1.218,0.337,0.1,0.1,0,0.1,9.1,0.1,9.1,9.1,0.853,0,0,0,0,0,0,0,0,0,0.147,0.356,0.852,0,0,0,0,0,0,0,0,0,0,0,0,0,0,0,0,9,0,0,0,0,0,0,0,9,0,0,0,0,0,0,0,0,0,0,0,0,0,0,0,0,0,0,0,0,0,9,0,0,9,0,0,0,0,0,0,9,0,1.613,0.28,0,0,0.1,9,0,0,0,0,0,0,0.1,0.099,0,0,0.947,1.976
"Mexico",293,6.3,6.2,0.097,1,0.2,0.1,0.1,0,6.6,1.4,3,2.9,2.8,3.58,5.1,11.4,0,0.67,0.2,12.6,0.5,0.044,13.98,0.1,0.7,35.8,0.4,5.3,5.5458,0.2542,39.9,18.6,9.6,1.1,0,1.5,0.1,0,0.2,2.8,6,0,0,0.2,0.1,0,0,0,0,2.9,37.1,1.4,1.7,0,0,9,0,0,0,0,0,0,9,0.1,0,0,0,0,0,0,0,9,0,0,0,0,0,0,9,0,0,0,0,9,0.1,0,0,9,0,0,1.1,0.1,0,0.1,0.1,0,0,9,0.07,0,0.1,0.3,9,0,0.1,0,0,0,1,9.1,0.7,96.4,7.9,5,0.1,2.7,0,9,1.5,9,9,9.6,0,4.24,0,2.8,0,12.84,0.4
"Guatemala",31.6,1.3,0,0.002,0.15,0.1,0,0,6.6,0,5.9,0.6,10.6,6.2,0.08,0.5,5.4,0,0.04,0.3,0.2,0,0,0.9,0.3,0.1,7.4,0.4,0.3,1.1474,0.0526,1.5,1.1,0.3,2.8,0,0,0,1.2,0,0.1,1.6,0,9,0,0,0,0,0,0,4.1,1.2,1.3,1.6,0,0,0,9,0,9,0,0,0,0,0,0,0,9,0,0,9,0,0,9,0,9,0,0,9,0,0,0.1,0,0,0,0.5,9,0,0,0,0,0,0,0,0,0,9,0.1,0,0,0,0.1,0.4,0,9,0,9,0,9,0.5,0,0.2,3.2,0.2,0.3,9,0.1,0,0,0.4,0,0,0,0,0.3,0,0.3,0.5,0.1,0
"Honduras",1.1,10.4,0,0,0.15,2.2,0.2,0.2,1.4,5.9,0,6.9,1.4,1.6,0.36,0.5,0.5,0,0,0.1,0.1,0,0,0.1,0.1,0.1,4.6,0,2.5,2.1992,0.1008,0.9,6,0.1,0,0,0.1,0.2,3.4,0.3,0.4,8.2,0,0,0,0,0,0,0,0,0.5,0.6,0,1.2,0.1,0,9,0,0,0,0,9,0,0,0,9,0,0,0,0,0,9,0,0,0,9,0,9,9,0,0,9,0,9,0,0.1,0,0,0,0,0,0,0,0,0,0,0,0,0,0,0,0,0,9,0,9,0,0.1,9,0,0,0,2.3,0.2,0,0,0.1,0,0,0,0,0,9,0,0,0,0.6,0,0.1,0
"El Salvador",12.8,2.1,0,0,0.19,0.2,0,0,3,0.6,6.9,0,8.2,5.4,0.2,0.7,8.7,0,0.08,0.2,0.1,0,0,0,0.1,0,13,0,5.6,6.4063,0.2937,2.3,0.4,0.9,0.1,0,0,0,0.8,0.1,0.1,4.4,0,0,0,0,0,0,0,0,1.1,1.7,0.2,0.8,0,0,0,0,0,0,0,9,0,0,0,0,0,0,0,0,0,0,0,0,0,0,0,0,0,9,0,0,0,0,0,0.1,0,0,0,0,0,0,0,0,0.1,0,0,0,0,0,0.1,0,0,9,0,0,0,0,0,0.2,0,0.1,0.5,0,0,0,0,0,0,0.2,0,0,0,0,0,0,0.1,0,0,0
"Nicaragua",42.6,0.5,0,0.006,0,0.5,0.5,0.1,2.9,10.6,1.4,8.2,0,6.2,5.09,0.9,6.1,0,0.02,0.1,0.1,0,0,0,0.2,0,3.2,0.1,5.8,1.7211,0.0789,0.3,0.6,0.6,3,0,0,1.8,0.7,0,0,0.3,0,9,0,0.3,0,0,0,0,0.1,0.6,0.1,0.1,0,0,0,0,9,0,0,0,0,0,0,0,0,0,0,0,0,0,0,9,0,0,0,0,0,0,0,0,0,0,0,0.1,0,0,0,0.3,0,0,0,0,0,0,0,0,0,0,0,0.4,0,9,0,0,0,0,0,1.5,0,0.1,37.9,0.5,0.1,0,0,0,0,0.6,0,0,0,0,0,0,0.3,0,0.1,0
"Costa Rica",0.9,3,0,0,0,0.1,1,0,2.8,6.2,1.6,5.4,6.2,0,1.31,2.2,2.8,0,0.02,0.4,0,0,0,0,0.1,0,11.3,0.1,0.2,1.3386,0.0614,1,0.8,0.3,0.1,0,0,0,1.3,0,0.1,0.5,0,0,0,0,0,0,0.1,0,3.5,3.7,0.1,0.2,0,0,0,0,0,0,0,0,0,0,0,0,0,0,0,0,0,0,0,9,0,9,0,0,9,0,0,0,0,0,9,1.8,9,0,0,0,0,0,0,0,0,0,0,0,0,0.2,3.5,0.3,0.4,9,9,0,9,0,9,0,0,0,14.5,0,0,0,0,0,0,0,9,0,9,0,0.3,0,0,0,0,0
"Panama",17.77,12.13,0,0,1.41,0.11,1.3,0,3.58,0.08,0.36,0.2,5.09,1.31,0,10.21,48.2,0,0.22,0.2,2.59,1.4,0,2.9,2.87,0.11,1.77,0.3,3.26,3.0884,0.1416,0.76,1.56,1.87,0.1,0,0,0.11,0.09,0,0.11,0.9,0,9,1.4,0.11,0,0,0,0,0,1.02,0.56,1.66,0,0,0,0,0,0.647,0,0,0,0,9,0,0,0,0,0,0,0,0,0,0,0,0,9,0,9,9,0,0,0,0,0.66,0,0,9,0,0,0,0,0,1.2,0,0,0,0,0,0,0.1,0,0,0,0,0,0,0,0.11,0,0.3,9.64,0.22,0,0,0,0,0,0,9,9,0,0,0.13,0,0.9,0,0.66,0.99
"Colombia",33,1.1,0,0.032,0.26,0.1,17.4,0.2,5.1,0.5,0.5,0.7,0.9,2.2,10.21,0,0.9,0,0.59,3.9,1.58,0.3,0.07,0.69,0.6,2.6,6.4,0,12.4,11.1872,0.5128,4.3,5.4,2.9,0.2,0,2.6,1.7,1.5,0.7,0.2,3.3,0.12,0,1.1,0.6,0,0,1.1,0,9.6,15.9,7.4,0.5,0,0,0,0,0,9,0,0,0,0,0,0,0,0,0,0,0,0,0,0,0,0,0,0,0,9,0,0,0,0,9,0.6,9,9,0,0.1,0.1,0,0,0,0.9,0,0,0,0,0,0,0.3,0,9,0,0,9,0,9,0,0,0,9.4,1.4,0,0,0,9,0,0,0,9,0,0,1.2,0.4,0,0,0.3,0
"Venezuela",345.2,201,0,0.048,1.06,18.8,162.5,4.922,11.4,5.4,0.5,8.7,6.1,2.8,48.2,0.9,0,0,16.28,4.8,55.06,0.1,0.011,37.32,29.2,2.6,101.9,1.5,7.2,16.2549,0.7451,7,27.4,30.8,1.7,0,1.2,2.4,7.7,0.4,4.3,30.9,0.08,9,1,0.3,0,0,0.1,0,0.6,13.9,21,1.3,0.2,0,0.1,1.746,0.511,0.103,0.9,0.4,0,9,0.8,0.2,0,0.9,0.7,3,0,0.7,9.6,0,0.5,0,0,0,0,0,0,0,0,0,0,1.1,0,0,0,0.6,0,0,0.2,1.3,0.4,0.1,0,0.3,0,0.09,0,0.4,0.2,9,9,0,0,0.9,0,0,0,0.7,54.8,1.1,0,0,0,0,0,0,9,0,2.1,0,0.8,5.6,0.7,2.5,0.9,1.36
"Guyana",6.6,17,0,0,0,1.1,7.1,1.254,0,0,0,0,0,0,0,0,0,0,0,0,0.1,0,0,0,0.3,0,4.4,2.2,3.9,1.1474,0.0526,0.4,0.6,0,0.5,0,0,0,0.4,9,0.2,0.2,0,0,0.1,0,0,0,0,0.5,0,2.7,6.4,0.7,0,0,9,0,0,0,0,0.4,0,9.2,0,0,0,9,0,0,0,0,0,0,0,0,0,0,9,0,0,0,0,0,0,0,0,0,0,0,0,0,0,0,0,0,0,0,0,0,0,0,0,0,0,0,9,0.5,0,0,0,0,2.1,1.2,0.2,0,0,0,0,0,0,0,0,0,0,0,0,0,0.41,0
"Ecuador",21.37,3.92,0,0,0,0,0.15,0,0.67,0.04,0,0.08,0.02,0.02,0.22,0.59,16.28,0,0,3.42,0.27,0.1,0.025,5.5,1.59,0.08,10.8,0.99,1.65,2.1036,0.0964,0.87,2.84,0.45,0.23,0,0.16,2.73,5.54,0.13,0.32,14.44,0,9,2.57,1.2,0,0,0.21,0,0.28,0.96,0.69,3.74,0.1,9,9,0,9,0,0,0,0,0,0,0,0,0,0,9.01,0,9,0,0,9,9,0,9,0,9,9,0,0,0,9,2.22,0,0,9.01,0,0,0,0,0.02,2.07,0,0,0,0,0,4.24,0,1.36,0,0,0,0,0.24,0,0.02,9,0,1.06,0.45,0.05,0,0.15,0,9,0.03,0,0,0,0,0.02,0.03,0.01,0.38,0.06,0.23
"Peru",46.1,23,0,0.002,0.39,0.2,0.5,0,0.2,0.3,0.1,0.2,0.1,0.4,0.2,3.9,4.8,0,3.42,0,1.38,1.5,0.282,3.57,42,0,15.3,1.3,5.2,19.6971,0.9029,8.8,6.5,4.5,0.7,0,7.1,5.7,1.3,0.6,1.4,6.5,0.08,0,5.7,0.3,0,0.7,0.5,0,1.5,7.6,2.7,1.2,0,0,0,0,0,0,0,0,0,0,0,0,0,0,0,0.1,0,0,0,0,0,0,0,0,0,9,9,0,0,0,0,0.1,0,9,0,0.1,0,0,0,0.3,0.1,0,0,0,0.1,0.3,1.8,0.4,0.2,0,0,0,0,0,0,0.8,0,0.1,91,1.5,3.4,0,0.6,0,0,0.1,0,0,9.3,0,0.87,0.1,1.1,1.6,6.38,7.1
"Brazil",31.53,11.77,0,0.016,0,0.1,0.16,0,12.6,0.2,0.1,0.1,0.1,0,2.59,1.58,55.06,0.1,0.27,1.38,0,2.56,0.927,5.07,11.53,14.97,9.81,2.47,51.89,1.6924,0.0776,39.59,15.09,7.51,1.42,0,0.51,0.44,2.42,3.79,1.93,54.71,0.1,9,16.43,7.56,0.8,2.88,5.57,10.55,4.69,17.28,5.2,28.99,1.02,0,0,3.33,0.064,0,0,1.4,0,9,0,0,0.03,0,0.1,10.02,0,0,9,0,1.32,0,0,0,0,0,0,0,6.45,0,0,10.3,0,9,0,7.73,10.31,5,0,3.3,0.99,0.25,33.56,3.1,0.2,2.66,1.2,1.17,78.11,0,0,12.65,0,0,9,1.7,0,0.6,29.72,3.8,0,0,1.5,0,0,1.8,0,9,1.5,0,1.16,1,0,0,12.21,0
"Bolivia",12.2,1.9,0,0,0,0,0,0,0.5,0,0,0,0,0,1.4,0.3,0.1,0,0.1,1.5,2.56,0,0.001,0.74,3,0.1,58.4,0,1.5,0.2869,0.0131,1.8,2.1,2,0.3,0,0.2,0.1,0.5,9.1,1.8,2.1,0,0,0,0,0,9,0,0,0.1,1.8,0.3,1.4,0,0,0,9,0,0,0,0,9,0,0,9,0,0,0,9,0,9,0,0,0,0,0,9,0,0,0,0,0,9,0,0.6,9,9,9,0.1,0,0,0,0,0.1,0,0,0,0,0,0,0.2,0,9,0,0,9,0,0,0.3,0,0,7.6,0.9,0,0,0.4,0,0,0.2,0,9,0,0,0,0,0,0,0.1,0
"Paraguay",0.246,0.616,9,0,0,0,0,0,0.044,0,0,0,0,0,0,0.07,0.011,0,0.025,0.282,0.927,0.001,0,1.182,1.249,3.432,3.066,0.003,1.161,0.7171,0.0329,0.46,0.121,4.177,0.022,0,9,9,0.064,9,9,4.794,0.04,0,0.091,0.004,0,0,9,9,0.043,1.414,0.059,0.319,0.002,0,9,0,0,0,0,0,0,9,9,0,0,0,0,0,0,0,0,0,0,0,9,0,9,0,0,0,9,9,0,0.02,0,0,0,0,2.398,0.027,0,0,0,0,9,0,9,9,0,0.092,0,0,0,0,0,0,0,0.302,9,0.026,2.647,0.143,0.019,9,0.003,0,0,0,0,9,0,0,0,0,0.015,0,0,0
"Chile",67.97,8.36,0,0.025,0.07,0,0,0,13.98,0.9,0.1,0,0,0,2.9,0.69,37.32,0,5.5,3.57,5.07,0.74,1.182,0,39.95,1.76,79.82,0.3,4.18,17.5648,0.8052,37.26,5.47,5.67,0.42,0,0,0.56,1,0,1.22,44.88,0,0,4.28,0.2,0,0,0,0,1.17,31.48,0.19,3,0,0,0,0,9,0,0,0,0,9,0,0,0,9,0,9,0,0,0,0,0,0,0,0,0,9,0,0,0,0,0,0,0,0,0,0,0,0,0,0,0,0,0,0,0,0.16,0,0,0,9,9,0,0,0.18,0,0,0,0,158.02,0.16,2.3,0,0,0,0,0,0,0,9,0,1.96,0,0,0,5.22,0
"Argentina",92.8,21.5,0,0.005,0.09,0.7,0.7,0.964,0.1,0.3,0.1,0.1,0.2,0.1,2.87,0.6,29.2,0.3,1.59,42,11.53,3,1.249,39.95,0,8.1,131.6,10.2,74.5,58.422,2.678,54.2,8.9,91.9,7,0,6.5,9.6,2.3,9.1,4.7,177.1,0.33,9,11.2,21.6,1,1.8,1.94,12.3,16.5,7,6.1,12.3,0.1,0.006,0.2,0,0.136,0.022,0,0.8,0,0.2,0,0,0.3,0,0,2.4,0,0,0,0,1.6,0,0.2,0,0,0,0,0,0,0,0,0.1,0,0,0,0.3,2.7,0,0,0,3.9,0.1,0,0.3,0.4,1.14,0.4,9.4,8.2,0,0,2.7,0,6.2,0,0.1,0,1,10.8,0.6,2.3,0,0.1,0,0,0.1,0,0,9.8,0,6.87,6.1,2.1,0,0.13,0.1
"Uruguay",8.9,4.2,0.1,0,0.2,0,0,0.003,0.7,0.1,0.1,0,0,0,0.11,2.6,2.6,0,0.08,0,14.97,0.1,3.432,1.76,8.1,0,24,0.1,4.5,3.8247,0.1753,3.1,0.2,15.2,0.1,0,0,0.3,4.5,0.9,0.7,7,0,0,1.2,6.5,0.1,1.3,0.4,3.4,0.6,0.8,0.1,0.7,0,0,9,0,9,9,0,0,0,9,0,0,0,0,0,0,0,0,0,0,0.1,0,0,0,9,0,9,9,0,0.3,9,0.8,0,0,0,5.8,0.1,0.9,1.6,0,0,0.1,2.1,0,9,0,0,0.9,1.8,9,0.2,10.1,9,0.1,9,0.2,0,0,1.7,0.8,1.7,9,0.2,0,9,0,0,0,9,0,1.03,0.1,0.4,0,1.5,0.1
"United Kingdom",402.2999,575.5,11.1,1.252,5.09,10.8,5.1,5.15,35.8,7.4,4.6,13,3.2,11.3,1.77,6.4,101.9,4.4,10.8,15.3,9.81,58.4,3.066,79.82,131.6,24,0,74,442.9,97.0512,4.4488,108.9,12.1,45.7,15.1,0,13.9,21.5,24.3,7.3,15.2,106,34.15,1,48.2,74.4,11,0.3,15.16,158.2,137.8,8.7,38.6,162.4,2.3,1.487,3.1,1.742,0.917,18.35,1,5.6,0.5,0.1,14.1,37.4,29.4,2.8,0.3,40,5.1,0,1,7.2,20.4,2,43.6,14.1,2.9,0.4,1.8,6.9,108.0636,2.3,3.49,33.6,0,0,0.4,16.2,31.7,2,130,28.9,242.4,51.5,10.1,8.7,15.5,20.08,18.5,56.2,130.8,0.3,11.23,126.5,4.712,26.5,0.6,0.6,1.4,2,6.1,128,51.1,10.5,52.1,9,0.8,63.4,2.3,2.234,8.1,0,82.73,50.7,31.3,8.7,382.05,192.3
"Ireland",51.6,15.8,0.2,0.011,0.2,0.8,1.2,0.7,0.4,0.4,0,0,0.1,0.1,0.3,0,1.5,2.2,0.99,1.3,2.47,0,0.003,0.3,10.2,0.1,74,0,22.1,5.1633,0.2367,1.1,1,4.6,1.8,0,4.6,9.7,0.7,0.5,2,9.4,0.13,0,0.9,0.1,0.2,0.2,1.4,6.7,13.5,15.4,3.7,8,0.4,0,0,0.1,0,0,0,0.7,0,0,0,0.2,6.2,0,0.1,0.2,0,0,0,0.1,0.2,0.7,0.7,1.1,0,0,0,0,0.1,0,0.5,4.4,9,0,0,6.3,1.3,1.8,1.6,0.4,12,0.8,14,0.4,0,0.22,0.1,3.7,12.8,9,0,2.3,0,1.7,0,0.1,0,0,7.1,7.8,3.1,0.1,2.9,0,9,1.1,0,0,0.1,0,1.7,0,0.1,0.4,7.51,2.4
"Netherlands",489,0.8,6.7,0.789,6.06,4.6,0.9,1.416,5.3,0.3,2.5,5.6,5.8,0.2,3.26,12.4,7.2,3.9,1.65,5.2,51.89,1.5,1.161,4.18,74.5,4.5,442.9,22.1,0,436.5871,20.0129,115.8,29.2,54.3,17.8,0,3,1.3,10.1,1.5,5.3,8.4,4.29,0.2,17.8,30.6,3.4,11.5,12.49,15,25.8,33.4,57.2,53.1,8,4.333,0.1,4.468,1.019,0.034,1.9,0.2,0.1,0.6,4.6,4.3,6.4,3.3,21.4,25.1,1.1,1.8,1.5,0.4,4,4,1.2,1.6,0.3,0.2,0.2,3.7,2.4218,2.3,2.3,42.1,9,9,2.7,2.1,4.4,0.2,71.7,0.1,0.5,0.8,8.1,1.7,38.3,6.06,3.9,19.9,69,0.5,5.31,127.3,0.279,15.6,0,1.7,1.2,4.2,13.5,20.2,8,3.3,3.6,0,0.1,5.3,0.4,0.4,2.5,0,6.43,9.9,4.1,50.3,45.59,1.13
"Belgium",33.5615,23.713,3.1554,1.2048,1.6255,3.6334,0.7649,0.9179,5.5458,1.1474,2.1992,6.4063,1.7211,1.3386,3.0884,11.1872,16.2549,1.1474,2.1036,19.6971,1.6924,0.2869,0.7171,17.5648,58.422,3.8247,97.0512,5.1633,436.5871,0,0,92.653,50.0077,35.5695,1.5299,152.9869,2.3904,3.6334,19.8883,2.8685,0.5737,33.1791,1.3386,0,22.1831,26.964,3.1554,13.1951,57.8291,18.3585,8.988,42.7408,19.7927,32.9879,0.5737,0.6789,0.0956,2.2183,1.243,9.074,0.5737,1.243,0.2869,0.3825,14.4382,0.0956,3.9203,1.7211,0.6693,1.5299,0.1912,0.9562,1.0518,0.1912,166.2779,1.9123,4.2071,1.7211,1.8167,2.1992,0.2869,1.243,10.7569,0.0956,0.6406,43.5057,0,9,1.7211,11.9521,5.5458,9.3705,66.5494,1.243,34.9958,2.3904,21.1314,4.0159,2.1992,9.0262,2.008,0.1912,4.2071,0.0956,5.3163,34.8046,0.0956,9.2748,9.5737,0.9562,0.3825,1.1474,12.3346,2.1992,11.474,0.8606,1.6255,9,2.486,0.1912,0.2869,0,0,0,0.2295,5.5458,7.6494,15.8724,30.7982,11.1394
"Luxembourg",1.5384,1.087,0.1446,0.0552,0.0745,0.1666,0.0351,0.0421,0.2542,0.0526,0.1008,0.2937,0.0789,0.0614,0.1416,0.5128,0.7451,0.0526,0.0964,0.9029,0.0776,0.0131,0.0329,0.8052,2.678,0.1753,4.4488,0.2367,20.0129,0,0,4.2472,2.2923,1.6305,0.0701,7.0129,0.1096,0.1666,0.9117,0.1315,0.0263,1.5209,0.0614,0,1.0169,1.236,0.1446,0.6049,2.6509,0.8415,0.412,1.9592,0.9073,1.5121,0.0263,0.0311,0.0044,0.1017,0.057,0.416,0.0263,0.057,0.0131,0.0175,0.6618,0.0044,0.1797,0.0789,0.0307,0.0701,0.0088,0.0438,0.0482,0.0088,7.6221,0.0877,0.1929,0.0789,0.0833,0.1008,0.0131,0.057,0.4931,0.0044,0.0294,1.9943,0,9,0.0789,0.5479,0.2542,0.4295,3.0506,0.057,1.6042,0.1096,0.9687,0.1841,0.1008,0.4138,0.092,0.0088,0.1929,0.0044,0.2437,1.5954,0.0044,0.4252,9.0263,0.0438,0.0175,0.0526,0.5654,0.1008,0.526,0.0394,0.0745,9,0.114,0.0088,0.0131,0,0,0,0.0105,0.2542,0.3506,0.7276,1.4118,0.5106
"France",482,28.8,39,3.678,0.46,5.5,2,1.218,39.9,1.5,0.9,2.3,0.3,1,0.76,4.3,7,0.4,0.87,8.8,39.59,1.8,0.46,37.26,54.2,3.1,108.9,1.1,115.8,92.653,4.2472,0,251.2,231,35.6,0,8.5,16.8,47.7,2.3,15.5,28.7,3.46,0.5,53.1,47.4,4.9,22.9,48.96,31.8,12.2,16.9,31.3,55.1,0.2,0.09,13.7,35.057,13.978,0.719,13.1,4.3,6.9,14.3,7.5,5.7,5.7,2.6,31.1,47.3,20.1,14.7,6.3,33.2,43,1.9,7.9,4.7,0.1,0.7,0.3,0.5,40.8227,2.9,0.3,26.3,0,0,51.8,19,150.6,34.2,120.3,8.1,12.8,7.5,233.8,19.4,9.5,34.44,4.4,10.4,61.6,0.5,1.45,129.7,0.508,45.1,0.7,3,7.7,13.3,1.9,10.2,9.3,2.5,5.2,0,0.2,4.6,13.7,2.533,6.2,0,36.51,0,10.7,17,18.19,28.58
"Switzerland",70.3,34,4.8,1.129,0.95,1.2,0,0.337,18.6,1.1,6,0.4,0.6,0.8,1.56,5.4,27.4,0.6,2.84,6.5,15.09,2.1,0.121,5.47,8.9,0.2,12.1,1,29.2,50.0077,2.2923,251.2,0,66.5,23.3,0,3.9,7.6,23.3,1.8,6.6,181.3,0.61,0.3,20.4,15.9,1.1,6.5,22.52,11.6,24.7,10,28.5,17.7,1.2,0.579,0.2,0.945,0.045,0.064,0.4,1.2,1.9,0,0.835,0.1,0.2,0.3,0.1,8.4,0.4,0.2,0.2,0.7,0.7,0.7,0.6,0.3,0,0.3,0.3,1.2,7.4364,2,0.12,36,0,0,0.1,0.7,39.4,5,12.3,1.1,10.8,8.4,6.2,1,3.9,6.94,1.1,14,2.6,0,1.23,6.1,0.703,3.8,0,0.7,0.2,1.3,22.2,6.2,10.6,0.2,0.9,9,0.1,14.2,0.1,0.3,1.8,0,0.08,13.6,4.7,0.8,44.24,6.93
"Spain",348.5,22,9.8,0.004,1.14,0.2,0,0.1,9.6,0.3,0.1,0.9,0.6,0.3,1.87,2.9,30.8,0,0.45,4.5,7.51,2,4.177,5.67,91.9,15.2,45.7,4.6,54.3,35.5695,1.6305,231,66.5,0,31.4,0,4.9,2,8.6,6.7,1.9,158.9,0.07,0,0,3.4,3.2,6.1,0.51,8.3,13.3,43.6,3.2,12.8,1.8,0.064,0,0.121,0.135,2.719,0.3,7.1,0,0,0,0.4,0.1,0.4,3.6,14.1,0.6,0.2,0.3,0.3,0.3,5.6,1.2,2.1,0,0,0,0.9,5.9718,0.3,0.7,19.4,0,0,1.3,4.8,5.6,1,49.1,2.1,6.1,6.8,47,17.7,0.8,4,0,7.1,140.8,0,1.79,24.4,0,0.9,0,0.7,0,0.1,12,2.9,10.3,0.4,1.9,0,0,3.5,0.8,0,0.3,0,16.05,0.2,3.4,0.9,7.42,3.7
"Portugal",7.8,8.9,0,0.027,0.43,0.4,0.2,0.1,1.1,2.8,0,0.1,3,0.1,0.1,0.2,1.7,0.5,0.23,0.7,1.42,0.3,0.022,0.42,7,0.1,15.1,1.8,17.8,1.5299,0.0701,35.6,23.3,31.4,0,0,0.3,2.5,1.5,0.1,0.4,36.4,0.08,0,0.9,0.4,1.9,0.6,0.03,0.5,2.9,9.4,1.7,7.1,3.8,4.284,0,3,0,1.1,1.3,0,0,0.1,0,0,0,0,0,13.5,0,0.4,0.2,0.3,1.9,0,0,0,0,0,0,0,1.4264,3.6,0.01,0.9,9,0,0.1,0.3,0,0,0.7,1.5,4.3,4.5,16.7,1.2,1,1.17,0.6,1.2,2.9,0,0.1,0,0,0.2,0,0,0,0,4.7,0.1,4.1,0,0.1,0,9.1,1,9,0,0.7,0,2.17,0.3,1.1,0.4,0.71,1.7
"German Federal Republic",0,0,0,0,0,0,0,0,0,0,0,0,0,0,0,0,0,0,0,0,0,0,0,0,0,0,0,0,0,152.9869,7.0129,0,0,0,0,0,0,0,0,0,0,0,0,0,0,0,0,0,0,0,0,0,0,0,0,0,0,0,0,0,0,0,0,0,0,0,0,0,0,0,0,0,0,0,0,0,0,0,0,0,0,0,0,0,0,0,0,0,0,0,0,0,0,0,0,0,0,0,0,0,0,0,0,0,0,0,0,0,0,0,0,0,0,0,0,0,0,0,0,0,0,0,0,0,0,0,0,0,0,0
"German Democratic Republic",20,1.7,0,0,0,0,0,0.1,1.5,0,0.1,0,0,0,0,2.6,1.2,0,0.16,7.1,0.51,0.2,9,0,6.5,0,13.9,4.6,3,2.3904,0.1096,8.5,3.9,4.9,0.3,0,0,0,7.2,0,0,11.7,0.2,0,6,1.2,0.5,0,31.97,0,4,2.7,3.9,5.8,2.2,0.343,0.2,0,0.085,0,0.2,0,0,9,9.2,1.1,0.1,0,0.4,1.8,0.1,0,0.2,2.4,0,0.2,0.5,0.3,0,0,0,0,0.11,0,9,0,0,0,0,0.6,0.1,0.4,0.7,0.5,2.3,0.2,2.3,6.8,2.1,1.68,0.8,0.3,0,0,0,9.7,0,0,0,0,0,0,12.2,3,1.2,0.8,0.6,0,0,0.5,9,9,0,0,1.05,0,0,0,2.81,0
"Poland",36,8.7,0,0.298,0,0,9,9.1,0.1,0,0.2,0,1.8,0,0.11,1.7,2.4,0,2.73,5.7,0.44,0.1,9,0.56,9.6,0.3,21.5,9.7,1.3,3.6334,0.1666,16.8,7.6,2,2.5,0,0,0,3.2,0,0,8.2,0.22,0,4.4,3.7,0,0,2.13,0,4.5,5.7,4.3,6.6,0,0.198,9.7,0.2,0.193,0.002,9,0,0,9,1.434,9.5,4.4,0.3,0.3,4,0.3,0,9.1,0.3,0,0.1,0.2,2.4,0,0,9,0.6,3.592,0,0.1,0,0,0,0,1.3,3,0.9,6.5,0,0.3,2.6,3.6,4.4,0.4,2,1,0.9,2.2,9,0.41,14.1,0,0,0,0,0,0,20.4,8,7.1,0.5,0.5,0,0,3.7,9,9,0,0,8.89,0,0,0,21.97,1.8
"Austria",3.6,8.2,0,0.029,0.15,0.2,0.1,0.1,0,1.2,3.4,0.8,0.7,1.3,0.09,1.5,7.7,0.4,5.54,1.3,2.42,0.5,0.064,1,2.3,4.5,24.3,0.7,10.1,19.8883,0.9117,47.7,23.3,8.6,1.5,0,7.2,3.2,0,14.2,3.8,22.4,0.75,0.3,12.4,14.2,0.8,18.2,42.62,10.6,10,15.2,13.7,5.4,0,0.01,0,0.4,0.282,0.007,0,0.4,3.5,0.3,0.1,0.1,2.6,2.1,0.2,1.8,0.7,0.2,0.1,0.1,0.9,1.4,0.4,0.5,0,0,0,1.9,0.5982,0.9,0.01,2,0,9,0,0.2,2.6,2,1.9,0.9,13.3,1.1,3.8,0.5,4.6,3.38,1.1,1.7,2.8,0,0.3,2.1,0.1,5.3,0,0.4,0.1,1.4,5.6,4.1,0.9,0.3,0.1,0,0,6.4,0.1,0,0.5,0,0.57,1.3,2.6,1.4,2.38,0.3
"Hungary",4,3.4,0,0.301,0,0,9,9.1,0.2,0,0.3,0.1,0,0,0,0.7,0.4,9,0.13,0.6,3.79,9.1,9,0,9.1,0.9,7.3,0.5,1.5,2.8685,0.1315,2.3,1.8,6.7,0.1,0,0,0,14.2,0,0,40.2,0.42,0,1.6,3.5,0.2,0,0.34,0,0.9,1.4,1.8,1,0.1,0.189,0,0,9.021,0,0,0.1,0,9,0.3,10.5,0.6,0.1,0.2,0.3,0.2,0,0.1,0.3,0,0.1,0.1,1.596,0,0,9,0.5,1.9291,0,9,0,0,0,0.6,1.6,0,0.5,3.7,0.6,2.4,1,3.8,5.5,0.3,3.5,1,0.2,0,9,0,11.9,0,0,0,0,0,0,2.2,3.6,1.7,0.3,0.5,0,0,0.6,0,0,0,0,0.29,0,9,0,3.25,0
"Czechoslovakia",9,18.6,0,0.509,0,0,9,9.1,2.8,0.1,0.4,0.1,0,0.1,0.11,0.2,4.3,0.2,0.32,1.4,1.93,1.8,9,1.22,4.7,0.7,15.2,2,5.3,0.5737,0.0263,15.5,6.6,1.9,0.4,0,0,0,3.8,0,0,10.6,0.86,0,44.1,1.9,1,0,12.25,0,3.9,0.9,5.6,9.1,1.2,0.388,0.9,0,9.081,0,0.1,0,0,9,0.4,10.2,1.1,9.2,0.3,5.1,0,0,9.2,0,0.7,1.3,0.6,0.8,0,0.1,0,2.1,1.5082,0,9.44,0,0,0,0,2,2.8,0.3,4,1.2,2.9,2.6,6.7,18.3,13.3,6.91,2.8,0.1,1.7,0,1.24,12.7,1.465,0,0,0,0,0,11.7,4.9,0.7,3.4,1.4,0,0,3,12.9,9,0,0,1.21,0,0,0,3.58,1.5
"Italy",115.5,31.5,16,3.174,2.99,3.1,1.6,0.853,6,1.6,8.2,4.4,0.3,0.5,0.9,3.3,30.9,0.2,14.44,6.5,54.71,2.1,4.794,44.88,177.1,7,106,9.4,8.4,33.1791,1.5209,28.7,181.3,158.9,36.4,0,11.7,8.2,22.4,40.2,10.6,0,16.11,1,2.4,81,10.6,3.1,4.45,141.7,14,9.3,17,19.1,1.3,1.546,0.3,1.183,3.307,11.602,0.8,36.2,0.9,0.4,22.6,2,1.4,1.1,1,4.8,0.2,0.5,0.7,0.7,42.9,1,6.8,13.4,0.6,0.2,2.4,19.2,32.7245,1.2,0.7,38.7,0,9,1.1,2.7,18.6,7.3,94.7,12.7,28.5,10.9,130.4,2.1,22.8,27.44,2.1,16.6,217.2,0.6,0.04,342.9,0.269,16.2,0,1.8,0.7,5.2,13.5,23.2,28.2,0.5,7.5,0,9,7.4,0.7,0,12.9,0,33.69,9.2,6.6,3.1,57.6,9.9
"Malta",1.58,1,0.24,0,0,0.02,0.01,0,0,0,0,0,0,0,0,0.12,0.08,0,0,0.08,0.1,0,0.04,0,0.33,0,34.15,0.13,4.29,1.3386,0.0614,3.46,0.61,0.07,0.08,0,0.2,0.22,0.75,0.42,0.86,16.11,0,9.08,0.13,0.67,0.04,1.66,1.9,0.45,0.39,0.34,0.27,1.59,0,0,0,0,0,0,0,0,9,0,0.02,0.01,0.11,0,0,0.05,0,0,0,0,0,0.01,0.02,0,0,0,0.03,0.02,0.2,0.01,0.03,0.13,0,0,0,0.09,0.01,0.24,1.42,0.01,0,0.71,0,0.13,0.53,0.28,0.02,0.62,0.01,0.05,0.4,0.3,0,0.72,0,0.07,9,0.02,2.38,0.39,0.02,0,0.14,0,0,0,0,0,9,0,0,0.13,0,0.41,4.21,0.2
"Albania",0,14.3,0,0,9,0,0,0,0,9,0,0,9,0,9,0,9,0,9,0,9,0,0,0,9,0,1,0,0.2,0,0,0.5,0.3,0,0,0,0,0,0.3,0,0,1,9.08,0,1.1,0,9,0,1.12,0,0,0.1,0,0,0,0,0,9,9,0,0,9,0,0,9,0,0,0,0,9,0,0,0,9,0,0,0,0,0,9,0,0,0,0,0,0,0,0,0,0.6,0,0,9.1,0.6,9,0.1,0,0,0,0,0,0,0,0,0,0,0,0,0,0,0,0,0.1,9,0.2,0,0,0,0,0,0,9,0,0,0,0,0,0,0,9
"Yugoslavia",31,1,1.5,0,0,0.6,0,0,0.2,0,0,0,0,0,1.4,1.1,1,0.1,2.57,5.7,16.43,0,0.091,4.28,11.2,1.2,48.2,0.9,17.8,22.1831,1.0169,53.1,20.4,0,0.9,0,6,4.4,12.4,1.6,44.1,2.4,0.13,1.1,0,0.5,1.8,1,3.04,55,7.2,2.8,0.6,0.9,0.2,0.005,0.4,0,0,0,0,0.3,1.8,0,0,0,2.9,0,0.4,0.6,0,0.1,0.8,0.1,0,0.4,1,2.3,0,0,0,0.4,2.107,0,0,0.7,0,0,0.8,0,2.8,1.4,0.4,0.9,4,3.4,6.4,8.5,1.5,1.07,0.5,2.7,3.6,0.3,0,2.2,0.1,13.4,0.5,0,0,0,7,3.6,0.4,1,1.1,0,0,1.6,1.1,0,0,0,7,0,0,7.7,20.44,1.6
"Greece",27.1,3.7,9,1.3,0,0,0,0,0.1,0,0,0,0.3,0,0.11,0.6,0.3,0,1.2,0.3,7.56,0,0.004,0.2,21.6,6.5,74.4,0.1,30.6,26.964,1.236,47.4,15.9,3.4,0.4,0,1.2,3.7,14.2,3.5,1.9,81,0.67,0,0.5,0,6.6,1.2,0.26,7,9.5,29.7,6.7,13.4,1.2,0,0,1.388,0,0.1,0,1.2,0,0,0.9,0,1.8,0,0,0.4,1.5,0,0,0.9,2.5,0,0.7,0.3,0,0,0.5,0.9,6.5807,0,0,7.9,0,0,0.3,3.2,2.7,3.8,1.3,0.2,8,3.9,9.5,0.2,0.2,0.31,0.4,1.5,22.1,0,0.43,0.9,0,1.1,0,0.3,0,0.1,20.7,0.4,1.5,0,0.3,0,0,0.6,0,0,0,0,1.74,0,0.4,0.1,0.74,5.3
"Cyprus",6.8,0.2,9,0,0,0,0,0,0,0,0,0,0,0,0,0,0,0,0,0,0.8,0,0,0,1,0.1,11,0.2,3.4,3.1554,0.1446,4.9,1.1,3.2,1.9,0,0.5,0,0.8,0.2,1,10.6,0.04,9,1.8,6.6,0,0.2,1.96,1,0.6,2.1,0,1.8,0,0.016,0,0,0,0,0,0.1,0,0,0,0.1,0,0,0,0.1,0,0,0,0,0,0.2,0.2,0.2,0,0,0,0,0,0,0.1,0,0,9,0,0.1,0,0,0.4,0.2,0,0.7,0,0.1,0.2,1.39,0.4,2.2,0.3,9,0.01,0.1,0,0,0,0,0,0,5.4,1.2,0.6,0,0.1,0,9,0.3,9,9,0,0,0.1,0,0,0,0.4,0.9
"Bulgaria",1,1.3,0,9.353,0,9,0,0,0,0,0,0,0,0,0,0,0,0,0,0.7,2.88,9,0,0,1.8,1.3,0.3,0.2,11.5,13.1951,0.6049,22.9,6.5,6.1,0.6,0,0,0,18.2,0,0,3.1,1.66,0,1,1.2,0.2,0,7.37,0,0.7,7.2,0.3,2.7,0,9,9.3,0,9,0,0,0,0,0,9,9,0.9,0,0.2,1.1,0,9,9,0,9,9,0,0,0,9,0,0.1,9,0,0,0,0,0,0,2.7,1.3,1.7,8.6,0.8,3.9,1.5,3.9,2.3,1,7.27,0.3,0.1,0,9,0,10,0,0,0,0,0,0,9.4,3,0.1,0,0.6,0,0,0,9.2,9,0,0,1.76,0,9,0,0.68,0
"Romania",12.44,0.5,0.06,0.019,0,0,0,0,0,0,0,0,0,0.1,0,1.1,0.1,0,0.21,0.5,5.57,0,9,0,1.94,0.4,15.16,1.4,12.49,57.8291,2.6509,48.96,22.52,0.51,0.03,0,31.97,2.13,42.62,0.34,12.25,4.45,1.9,1.12,3.04,0.26,1.96,7.37,0,3.27,0.8,11.97,0.16,3.02,0.17,0.103,0,0,0.127,0,0,0.1,0,9,0.2,0,1.48,0.1,0.7,0,0,0,9.1,0,0,0,0.1,0,0,0,0,0.2,0.11,0,9,0,0,0,0,4.7,0.9,1.1,6.8,0.03,8.11,2.74,4.29,25.83,6.05,6.1,2.23,0,3.3,0,0,4.4,9,2.97,0.2,0,0.49,0,4.44,2.45,0.2,0.2,1.09,0,0,0,9,0,0,0,0.43,0,0,0.24,0.17,0
"Russia",16,95.7,0,0,0,0,9,0,0,0,0,0,0,0,0,0,0,0.5,0,0,10.55,0,9,0,12.3,3.4,158.2,6.7,15,18.3585,0.8415,31.8,11.6,8.3,0.5,0,0,0,10.6,0,0,141.7,0.45,0,55,7,1,0,3.27,0,4.9,29.2,16.7,17.5,1.2,9.103,5.8,0,0.436,0.025,0,0.5,0,0,0,10.5,15.5,0.5,0.8,9,0,0,9,0.7,0,1.4,0.9,0.6,0,0,0,1.4,0.4982,0,0,0,0,0,0,3.3,18.8,3.5,3.1,6.2,2.7,0.7,31.7,24.1,8.5,1.75,12.3,0.4,3.4,0,1.15,19.8,44.441,0,0,0,0,0,296.3,38.4,0.6,1.8,10.7,0,0,3.1,10.1,9,0,0,62.01,0,0,10.1,17.98,5.4
"Finland",15.6,4.8,4.9,0.072,0.62,0,0,0,2.9,4.1,0.5,1.1,0.1,3.5,0,9.6,0.6,0,0.28,1.5,4.69,0.1,0.043,1.17,16.5,0.6,137.8,13.5,25.8,8.988,0.412,12.2,24.7,13.3,2.9,0,4,4.5,10,0.9,3.9,14,0.39,0,7.2,9.5,0.6,0.7,0.8,4.9,0,105.3,3.8,34,0.1,0.097,0,0.2,0,0.013,0,0.2,0.1,0,0.4,0.1,0.3,0,0,1.7,0,0,0,0,0.1,0.4,1.8,0.1,0,0,0,0.5,2.8573,0,0.02,5,0,9,0.1,1.1,1.9,0.4,0.2,1.3,15.4,2.8,1.7,3.9,1.3,1.99,0.2,0.7,0.8,0,0,0.2,0,2.6,9,0,0,0.1,17.7,0.5,0.9,0,0.2,9,9,1.7,0,0,2.4,0,3.71,0,1.9,0.4,16.84,1.8
"Sweden",83.2,44.9,0.5,0.001,0.49,2.3,23.5,0.147,37.1,1.2,0.6,1.7,0.6,3.7,1.02,15.9,13.9,2.7,0.96,7.6,17.28,1.8,1.414,31.48,7,0.8,8.7,15.4,33.4,42.7408,1.9592,16.9,10,43.6,9.4,0,2.7,5.7,15.2,1.4,0.9,9.3,0.34,0.1,2.8,29.7,2.1,7.2,11.97,29.2,105.3,0,253.7,126.5,0.9,0.172,0.1,0.919,0.162,0.088,0.2,0.9,0,0.1,4.4,0.4,0.8,0.1,0.6,9.9,0.1,0.1,0.2,0.1,0.6,0.5,1.4,1.6,0.3,0.2,0.1,1,14.4136,0,0.34,27.6,9,9,0.5,0.6,5.4,1.6,3.3,0.3,2.6,1.9,5.8,10.1,1.1,3.28,1.5,1.8,21.6,0.1,1.4,7.5,0.4,26.9,0,1.6,0.1,7,20.8,17.8,1.7,1.8,2.7,0,9.2,6.6,0.2,0,1,0,0.73,3.6,4.3,4,48.03,7.94
"Norway",32,46.7,1.5,0.287,0.04,15.1,2,0.356,1.4,1.3,0,0.2,0.1,0.1,0.56,7.4,21,6.4,0.69,2.7,5.2,0.3,0.059,0.19,6.1,0.1,38.6,3.7,57.2,19.7927,0.9073,31.3,28.5,3.2,1.7,0,3.9,4.3,13.7,1.8,5.6,17,0.27,0,0.6,6.7,0,0.3,0.16,16.7,3.8,253.7,0,31.1,11.1,0,0,1.185,0,0.294,0,0.3,11.5,0,0.167,0.5,9.4,0.2,0.2,11.5,0,0,0,0,1.4,0.3,0.3,0.7,0,0,0,0.3,0.6852,0.2,0.01,6.5,9,9,0,0.6,0.5,0.5,16.7,0.1,2.7,3,3.1,0.4,0.4,0.25,0.2,1.9,7,0,0.5,5.7,0,2.3,0,2.1,0,0.2,186.9,1.7,1.6,0.7,0.5,9,9,0.7,0,0,0,0,0.13,2.1,0.7,1.1,2.73,0.56
"Denmark",75,10.2,0.6,0.176,0.45,0.9,2.9,0.852,1.7,1.6,1.2,0.8,0.1,0.2,1.66,0.5,1.3,0.7,3.74,1.2,28.99,1.4,0.319,3,12.3,0.7,162.4,8,53.1,32.9879,1.5121,55.1,17.7,12.8,7.1,0,5.8,6.6,5.4,1,9.1,19.1,1.59,0,0.9,13.4,1.8,2.7,3.02,17.5,34,126.5,31.1,0,9,0.129,0.2,0.508,0.015,0.026,0.3,2.8,0.1,0.1,1.009,0.7,0.5,0.2,0.3,8.1,0.3,0.1,0,0.5,0.8,0.8,0.3,0.2,0.1,0.1,0.2,1.5,1.7755,0,0.14,5.8,9,0,0.2,2.5,0.5,1.2,26.2,0.9,6.5,11,5.7,0.6,0.1,5.27,1.1,2.2,13.7,0,0.16,30,0.2,2.9,0,0.9,0.1,0.1,28.4,0.4,1.8,4.6,0,0,0.1,4.5,0.1,0.2,1.2,0,1.22,5.3,3,12.5,1.94,0.9
"Iceland",9.1,0.3,0,0.002,0,0,0,0,0,0,0.1,0,0,0,0,0,0.2,0,0.1,0,1.02,0,0.002,0,0.1,0,2.3,0.4,8,0.5737,0.0263,0.2,1.2,1.8,3.8,0,2.2,0,0,0.1,1.2,1.3,0,0,0.2,1.2,0,0,0.17,1.2,0.1,0.9,11.1,9,0,0,0,0,0,0,0,0,9,9,0,0,0,0,0,2.8,0,0,0,0,0,0,0,0,0,0,0,0,0,0,0,0.2,0,0,0,0,0,0,0,0,0,0.1,0,0,0,0,0,0.1,0,0,0,0,0,0.1,9,0,1.4,0,5.6,0.1,0,0,0,0,0,0,0,0,0,0,0,0,0,0,0.1,0
"Gambia",0.301,0.28,9,0,0,0,0.01,0,0,0,0,0,0,0,0,0,0,0,9,0,0,0,0,0,0.006,0,1.487,0,4.333,0.6789,0.0311,0.09,0.579,0.064,4.284,0,0.343,0.198,0.01,0.189,0.388,1.546,0,0,0.005,0,0.016,9,0.103,9.103,0.097,0.172,0,0.129,0,0,0,0.072,0,0,0,0,0,0,0,0.128,0.09,0,0,0.053,0,9,0,9,9,0,0,9,0,0,0,0,0,0,0.151,9,0,0,9,0.052,0,0,0,0,9,9,0,0,0,0,0,9.017,0,9,0,0,0,1.308,0,0.001,0,0,3.122,0.187,0.389,0.868,0.004,0,0,0,9.133,0,0,0,9.004,9,0,9.011,0.015,0.016
"Mali",0.5,0,0,0,0,0,9,0,9,0,9,0,0,0,0,0,0.1,9,9,0,0,0,9,0,0.2,9,3.1,0,0.1,0.0956,0.0044,13.7,0.2,0,0,0,0.2,9.7,0,0,0.9,0.3,0,0,0.4,0,0,9.3,0,5.8,0,0.1,0,0.2,0,0,0,3.2,0.2,0,0.1,1.3,0,2.1,0.6,0,0.8,0,0,0,0,0,0,0,0,0,0,9,0,0,0,9,0,0,0,0,0,0,0,0,0.1,0,0,9,0.3,0,0,0.9,0,0.01,0,0.1,0,9,9,9,0,11.6,0,0,0,0,0.3,0,0.2,9,0,0,0,0,9,0,9,0,0,9,0,0,0,0
"Senegal",4.703,1.2,0,0,9,0,0,0,0,9,0,0,0,0,0,0,1.746,0,0,0,3.33,9,0,0,0,0,1.742,0.1,4.468,2.2183,0.1017,35.057,0.945,0.121,3,0,0,0.2,0.4,0,0,1.183,0,9,0,1.388,0,0,0,0,0.2,0.919,1.185,0.508,0,0.072,3.2,0,1.176,0.238,1.6,2.325,0.231,1.3,0.2,0.5,0.1,0.6,0.364,0.3,2.6,0.2,0.6,0.3,0.004,9,0,0,0,0,0,0,0,0,0,0.92,0,9,3.377,0.904,0.729,0,0.1,0,1.3,0,0.02,0.025,9,0.02,0,0,0,9,0.92,0,9,13.069,0,0,0,0,4.018,0.1,0.1,0,0,0,0,0.158,9.848,0,0.008,0,0,0,0,0,0.075,0
"Benin",0.28,0.188,9,9,9,0,0,0,0,0,0,0,9,0,0,0,0.511,0,9,0,0.064,0,0,9,0.136,9,0.917,0,1.019,1.243,0.057,13.978,0.045,0.135,0,0,0.085,0.193,0.282,9.021,9.081,3.307,0,9,0,0,0,9,0.127,0.436,0,0.162,0,0.015,0,0,0.2,1.176,0,0,0.147,0.704,9,0.3,0,0,0.051,0.302,0.013,0.621,0.1,0,9,0,0,0,0,0,0,0,0,0,0,9,9,9,0,0,0.289,0.246,0.073,0.027,0.089,9,0.146,0,0.048,0.002,9,0,0,0,0,9,9,9,0,0.984,0,0,9,0,0.108,0.101,0.149,9,0,0,9,0,0.039,0,0,0,0,9,0,9,0.024,0
"Mauritania",8.358,0.091,0,0,0,0,0,0,0,9,0,0,0,0,0.647,9,0.103,0,0,0,0,0,0,0,0.022,9,18.35,0,0.034,9.074,0.416,0.719,0.064,2.719,1.1,0,0,0.002,0.007,0,0,11.602,0,0,0,0.1,0,0,0,0.025,0.013,0.088,0.294,0.026,0,0,0,0.238,0,0,0,0.023,0,0,0.484,0,0.021,0,0.1,0,0.099,0,0,1.795,0.038,0,0,0,9,0,0,0,0,0,0,9,0,0,0.317,0.002,0.04,0,0,0,0.315,0,0,0.671,0,0.1,0,0,0,0,9.006,0.003,0,2.404,0,0,0,0,6.579,0,0,9.185,0,0,0,0,9,9,0,0,0,0,0,0,1.5,0
"Niger",2.4,0,0,9,0,9,0.2,0,0,0,0,0,0,0,0,0,0.9,0,0,0,0,0,0,0,0,0,1,0,1.9,0.5737,0.0263,13.1,0.4,0.3,1.3,0,0.2,9,0,0,0.1,0.8,0,0,0,0,0,0,0,0,0,0.2,0,0.3,0,0,0.1,1.6,0.147,0,0,2.3,0,0.2,0,0,0.4,0.1,0,4.3,0,0,0,0,0,9,0.1,0,0,0,0,0,0,0,0,9,0,0,0.2,0,0,0,0.1,0,0.1,0,0.1,0.1,0,0.01,0,0,0.1,0,0,9,0,2.7,0,0.1,9,0,2,0.1,0.3,0,0,0,0,0,9,0,0,0,0,0,0,0,0,0
"Ivory Coast",35.5,0.4,0,0,9,0,0,0,0,0,9,9,0,0,0,0,0.4,0.4,0,0,1.4,0,0,0,0.8,0,5.6,0.7,0.2,1.243,0.057,4.3,1.2,7.1,0,0,0,0,0.4,0.1,0,36.2,0,9,0.3,1.2,0.1,0,0.1,0.5,0.2,0.9,0.3,2.8,0,0,1.3,2.325,0.704,0.023,2.3,0,0,7.4,0.1,0.4,0.1,0.2,0.4,0.4,2.6,0.2,0.1,0.2,0.1,0,0,0,0,0,0,0,0,0,0.1,0,0,0,3,1.3,1.8,0.8,0.4,0,0,0,0,0.1,0,0.45,0.5,1.6,0.5,9,0,0.1,9,0.2,0,0,0,0.3,3.9,0.2,2.1,0,0,0,0,0,0,0,0,0,0,0,0,0,0.11,0
"Guinea",1,2.3,0,0,0,9,0,0,0,0,0,0,0,0,0,0,0,0,0,0,0,9,0,0,0,0,0.5,0,0.1,0.2869,0.0131,6.9,1.9,0,0,0,0,0,3.5,0,0,0.9,9,0,1.8,0,0,0,0,0,0.1,0,11.5,0.1,9,0,0,0.231,9,0,0,0,0,0,0,0,0,0,3.5,0,0.3,0,0,0,9,0,0,0,0,0,0,9,0,0,9,0,0,0,0,0,0,0,0,0,9,0,9,0.2,9,0.13,0,0,0,0,0,9,0,0,0,0,0,0,0.1,0,0.1,0,0,0,0,0,0,0,0,0,0,0,0,0,0,0
"Burkina Faso",0.9,0,9,0,0,0,0,0,9,0,0,0,0,0,0,0,9,9.2,0,0,9,0,9,9,0.2,9,0.1,0,0.6,0.3825,0.0175,14.3,0,0,0.1,0,9,9,0.3,9,9,0.4,0,0,0,0,0,0,9,0,0,0.1,0,0.1,9,0,2.1,1.3,0.3,0,0.2,7.4,0,0,0,9,1.4,0.1,0,0.1,0,0,0,1,9,0,0,0,0,0,0,9,0,9,0,0,0,0,0.3,0.5,0.2,0.1,0,0,9,0,9,0,0,0,0,0,0,0,0,9,9,0.1,0,0,0,0,0.1,0,9,9.1,0,0,0,0,0,0,9,0,0,0,0,0,0,0
"Liberia",1,0.406,0,0,0,0,0,0,0.1,0,0,0,0,0,9,0,0.8,0,0,0,0,0,9,0,0,0,14.1,0,4.6,14.4382,0.6618,7.5,0.835,0,0,0,9.2,1.434,0.1,0.3,0.4,22.6,0.02,9,0,0.9,0,9,0.2,0,0.4,4.4,0.167,1.009,0,0,0.6,0.2,0,0.484,0,0.1,0,0,0,0.012,0.1,0,0,0,0,0,0,0,0.1,0,0,0,0,0,0,0,0,0,0.315,0,0,9,0,0.2,0,0,0,9,2,0,0,0,0,0.2,0,0.066,0,9,9,9,0,0.8,0,0,9,0,3,0.2,0.2,0,0,0,0,0,0,0,0,0,0.2,0,0,0,0,0
"Sierra Leone",1.4,1,9,0,9,0,1.1,0,0,0,9,0,0,0,0,0,0.2,0,0,0,0,9,0,0,0,0,37.4,0.2,4.3,0.0956,0.0044,5.7,0.1,0.4,0,0,1.1,9.5,0.1,10.5,10.2,2,0.01,0,0,0,0.1,9,0,10.5,0.1,0.4,0.5,0.7,0,0.128,0,0.5,0,0,0,0.4,0,9,0.012,0,0.1,0,0,0.7,0.1,9,9,0,0,9,0,9,0,0,0,9,0,0,1,0,9,9,9,0.2,0,0,0,0,0.3,0,9.1,0.1,9,0.1,0,0,0,9,0,9,9,1.9,0,0,9,0,9.5,1,0.2,2.4,0,9,0,0,9,0,0,0,0,9.1,0,0,0.1,0.1
"Ghana",6.4,2.3,0,0,0,0,0.1,0,0,0,0,0,0,0,0,0,0,0,0,0,0.03,0,0,0,0.3,0,29.4,6.2,6.4,3.9203,0.1797,5.7,0.2,0.1,0,0,0.1,4.4,2.6,0.6,1.1,1.4,0.11,0,2.9,1.8,0,0.9,1.48,15.5,0.3,0.8,9.4,0.5,0,0.09,0.8,0.1,0.051,0.021,0.4,0.1,0,1.4,0.1,0.1,0,2,0,1.3,9,9,0,0,0,0,0,0,0,0,0,0,0,0,0,0,0,0,0,0.8,0,0,0.5,0,0.3,0.3,0,1.1,0,0.52,0,5.4,0,9,2.5,0,0,0,0,0,0.3,0.7,1.1,0.5,4.4,0.1,0,0,0,0,0,0,0,0,0.5,0,0.2,0.2,9.45,2.02
"Togo",1.5,0.4,0,0,9,0,0.4,0,0,9,0,0,0,0,0,0,0.9,9,0,0,0,0,0,9,0,0,2.8,0,3.3,1.7211,0.0789,2.6,0.3,0.4,0,0,0,0.3,2.1,0.1,9.2,1.1,0,0,0,0,0,0,0.1,0.5,0,0.1,0.2,0.2,0,0,0,0.6,0.302,0,0.1,0.2,0,0.1,0,0,2,0,0,0.2,0.1,0,0,0,0,0,0,9,9,0,9,0,9,9,0.1,0,0,0,0,0.1,0,0,0.1,0,0.1,0,0,0,9,0,0,0.1,0,0,9,0,9,2.3,0,0,0,0,3.1,0.4,0.2,9,0,0,0,0,9,9,0,0,0,0,0,0,1.43,0
"Cameroon",14.8,0,0,0,0,0,0.7,0,0,0,0,0,0,0,0,0,0.7,0,0,0,0.1,0,0,0,0,0,0.3,0.1,21.4,0.6693,0.0307,31.1,0.1,3.6,0,0,0.4,0.3,0.2,0.2,0.3,1,0,0,0.4,0,0,0.2,0.7,0.8,0,0.6,0.2,0.3,0,0,0,0.364,0.013,0.1,0,0.4,3.5,0,0,0,0,0,0,0.1,0.4,0.3,0.6,2.3,0,0,0,0,0,0,0,0,0,0,0.3,0.2,0,0,0.9,0.6,0.6,0.3,0,0,0.5,0,0,0.8,0,0.04,1.2,0,0,0,0,0.7,0,1,0,0,0,0,2,0,0.7,0,0,0,0,0,0,0,0,0,0,0,1.9,0,0,0
"Nigeria",31,32.6,0,0,2.35,0,2.1,0,0,0,0,0,0,0,0,0,3,0,9.01,0.1,10.02,9,0,9,2.4,0,40,0.2,25.1,1.5299,0.0701,47.3,8.4,14.1,13.5,0,1.8,4,1.8,0.3,5.1,4.8,0.05,9,0.6,0.4,0.1,1.1,0,9,1.7,9.9,11.5,8.1,2.8,0.053,0,0.3,0.621,0,4.3,0.4,0,0.1,0,0.7,1.3,0.2,0.1,0,0,0,0,0,0.7,0,0.2,0,0,0,0,0,0,0,0,0.1,0,0,0.1,0.7,0.5,0,0,0.1,0.1,0.4,0,0.4,0,0.65,0,2.9,0.1,9,0,0,0,14.9,0,0,0,2.3,36.3,8.2,9,0.1,0,0,0,0,0,0,0,0,0.17,1,0,0,0.6,0.1
"Gabon",6.8,0.2,0,0,0,0,0,9,0,9,0,0,0,0,0,0,0,0,0,0,0,0,0,0,0,0,5.1,0,1.1,0.1912,0.0088,20.1,0.4,0.6,0,0,0.1,0.3,0.7,0.2,0,0.2,0,0,0,1.5,0,0,0,0,0,0.1,0,0.3,0,0,0,2.6,0.1,0.099,0,2.6,0.3,0,0,0.1,9,0.1,0.4,0,0,0,0,0,0,0,0,9,0,0,0,0,0,0,0.1,0,0,0,0.1,0.6,0.3,0.4,0,9,0,0,0,0,0,0.4,0,3.2,0,9,0,0,0,0,0,0,0,0,2.9,0,0,0,0,0,0,0,9,9,0,0,0,0,0,0,0,0
"Central African Republic",9.4,0,9,9,0,0,0,0,0,0,9,0,0,0,0,0,0.7,0,9,0,0,9,0,0,0,0,0,0,1.8,0.9562,0.0438,14.7,0.2,0.2,0.4,0,0,0,0.2,0,0,0.5,0,0,0.1,0,0,9,0,0,0,0.1,0,0.1,0,9,0,0.2,0,0,0,0.2,0,0,0,9,9,0,0.3,0,0,0,0,0,0.8,0,0,0,9,0,0,0,9,0,0,0.4,0,0,0,0.1,0,0.3,0,0,0.1,0,9,0,0,0,0,4,0,9,0,0,9,0,0,0,0,0,0.7,0.1,0,0,0,0,0,0,0,9,9,0,0,0,0,0,0,0
"Chad",4,0,9,0,0,0,0,0,9,0,0,0,0,0,0,0,9.6,0,0,0,9,0,0,0,0,0,1,0,1.5,1.0518,0.0482,6.3,0.2,0.3,0.2,0,0.2,9.1,0.1,0.1,9.2,0.7,0,0,0.8,0,0,9,9.1,9,0,0.2,0,0,0,0,0,0.6,9,0,0,0.1,0,0,0,9,0,0,0.6,0,0,0,0,0,0.4,0,0,0,9,0,0,0,0,9,0,0.1,0,0,9,0.5,0,0.1,0.1,0,9.1,0,9,0,0,0,0,0.1,0,0,0,0,0,0.5,0,0.4,0,0,0.7,0,0.3,0,0,0,0,0,0,0,9,0,9,0,0,9,0,0
"Congo",2.7,0.1,0,0,0,0,0.1,0,0,9,0,0,9,9,0,0,0,0,0,0,0,0,0,0,0,0,7.2,0.1,0.4,0.1912,0.0088,33.2,0.7,0.3,0.3,0,2.4,0.3,0.1,0.3,0,0.7,0,9,0.1,0.9,0,0,0,0.7,0,0.1,0,0.5,0,9,0,0.3,0,1.795,0,0.2,0,1,0,0,0,0,2.3,0,0,0,0,0,2.6,0,0,0,0,0,0,0,0.3,0.1,0.1,1.1,0,0,0,0.7,0.2,0.4,0,0,0.7,0,0.6,0.4,9,0.36,0,1.2,0.2,9,0,0,9,3,9,0,0.1,0,5.8,12.8,0,9,0,9,0,0,9,9,0,0,0,0,0,0,0,0
"Democratic Republic of the Congo",3,1.1,9,0.002,9,0,0,0,0,0,0,0,0,0,0,0,0.5,0,9,0,1.32,0,0,0,1.6,0.1,20.4,0.2,4,166.2779,7.6221,43,0.7,0.3,1.9,0,0,0,0.9,0,0.7,42.9,0,0,0,2.5,0,9,0,0,0.1,0.6,1.4,0.8,0,9,0,0.004,0,0.038,0,0.1,9,9,0.1,0,0,0,0,0.7,0,0.8,0.4,2.6,0,0.5,1,0.4,0,0.1,0,0,2.37,4.4,0.3,3.9,0,0,0,0,0,0,0,0,4.1,0,0,0,0,0.08,0,0.2,0.3,0,0,0,9,0,0,0,0,0,2.9,1.2,0,9,0,0,0,0,9,0,0,0,0,9,0,0,0.22,0
"Uganda",40.2,9.2,0,0,0,0,0,0,0,9,9,0,0,9,0,0,0,0,9,0,0,0,0,0,0,0,2,0.7,4,1.9123,0.0877,1.9,0.7,5.6,0,0,0.2,0.1,1.4,0.1,1.3,1,0.01,0,0.4,0,0.2,9,0,1.4,0.4,0.5,0.3,0.8,0,0,0,9,0,0,9,0,0,0,0,9,0,0,0,0,0,0,0,0,0.5,0,0,0,0.3,2.1,0.4,0.1,0.2,0,0,0,0,0,0,0,0,0,0.1,1.3,0.4,0,1.1,0,0,0.1,0.2,2,1.4,0,0.4,1.2,0,1.8,0,0.1,0,0.3,7.4,0.6,1.6,0,0.3,0,0,0.6,0,0,0,0,0.3,0.4,0,0,7.13,1.1
"Kenya",6.7,5.4,0,9,0,0,0,0,0,0,0,0,0,0,0,0,0,0,0,0,0,0,9,0,0.2,0,43.6,0.7,1.2,4.2071,0.1929,7.9,0.6,1.2,0,0,0.5,0.2,0.4,0.1,0.6,6.8,0.02,0,1,0.7,0.2,0,0.1,0.9,1.8,1.4,0.3,0.3,0,0,0,0,0,0,0.1,0,0,0,0,0,0,0,0,0.2,0,0,0,0,1,0,0,0,1.1,0.5,0,0.6,3.6755,0,0.6,0,0,0,0.1,0,0,0,0.1,0.9,23.5,0.4,0.6,0.2,0.2,0.01,0.8,0.3,2.1,0,0.82,0.7,9,0.6,0,0.4,9,0.5,10.8,1.8,2.7,0,0.1,0,0,0.5,0,0,0,0,0.49,0.6,0,0.1,1.93,0.3
"Tanzania",2.9,0.2,0,0.002,9,0,0,0,0,0,9,0,0,0,9,0,0,0,9,0,0,9,0,0,0,0,14.1,1.1,1.6,1.7211,0.0789,4.7,0.3,2.1,0,0,0.3,2.4,0.5,1.596,0.8,13.4,0,0,2.3,0.3,0.2,0,0,0.6,0.1,1.6,0.7,0.2,0,9,9,0,0,0,0,0,0,0,0,9,0,9,0,0,9,0,0,0,0.4,0,0,0,1.6,0.1,0.7,0.1,19,0,0.1,0,0,0,0,0,0,0,0,0,10.3,0.2,0.1,0.4,0.1,0.09,1.8,0.1,1.9,9,0.3,0,0,1,0,0.5,0,0.2,0.1,9,2.5,0,0.4,0,0,0.2,0,0,9,0,0.02,0.2,0,0,1.5,0.8
"Burundi",20,0,0,0,0,0,9,9,0,9,9,0,0,9,0,0,0,9,0,0,0,0,9,0,0,9,2.9,0,0.3,1.8167,0.0833,0.1,0,0,0,0,0,0,0,0,0,0.6,0,0,0,0,0,0,0,0,0,0.3,0,0.1,0,0,0,0,0,9,0,0,0,0,0,0,0,9,0,0,0,9,9,0,0,0.3,1.1,1.6,0,0.5,0,0,0,0,0,0,0,0,9,9,0,0,0,0,0,0,0,0,0,0,9,0,0,0,0,9,9,0,0,0,0,0,1.9,0,0,0,0,0,0,0,0,0,0,0,0,0,0,9,0,0
"Rwanda",1.4,0,9,9,0,9,0,0,9,0,0,9,0,0,9,9,0,0,9,9,0,0,0,9,0,0,0.4,0,0.2,2.1992,0.1008,0.7,0.3,0,0,0,0,0,0,0,0.1,0.2,0,9,0,0,0,9,0,0,0,0.2,0,0.1,0,0,0,0,0,0,0,0,0,0,0,0,0,0,0,0,0,0,0,0,0.1,2.1,0.5,0.1,0.5,0,0,0,0,0,0,9,9,0,0,0,0,0,0,0,0.1,0,0,0,9,9,0,0,0.1,0,0.1,9,9,0.1,0,0,0,0,2.3,0.2,0.3,0,0,9,0,0,9,9,0,0,0,0,0,9,0,0
"Somalia",3.5,0,9,0,0,0,0,0,0,0,0,0,0,0,9,0,0,0,9,9,0,0,0,0,0,9,1.8,0,0.2,0.2869,0.0131,0.3,0.3,0,0,0,0,9,0,9,0,2.4,0.03,0,0,0.5,0,0,0,0,0,0.1,0,0.2,0,0,0,0,0,0,0,0,0,0,0,0,0,9,0,0,0,0,0,0,0,0.4,0,0.7,0,0,0,0,0,0,0,0,0,0,0,0,0,0,0,0,0.8,0,0.4,0.8,0,0.04,0.1,9,13.9,0,1.48,1,0,0,0,0,9,0,2.3,0.7,0,0,0,0,9,0.1,0,0,0,0,0,0,0,0,0,0
"Ethiopia",40.5,0.5,0,9.003,9,0,0,0,0,0.1,9,0,0,0,0,0,0,0,0,0,0,0,0,0,0,9,6.9,0,3.7,1.243,0.057,0.5,1.2,0.9,0,0,0,0.6,1.9,0.5,2.1,19.2,0.02,0,0.4,0.9,0,0.1,0.2,1.4,0.5,1,0.3,1.5,0,0,9,0,0,0,0,0,9,9,0,9,0,0,0,0,0,0,0,0,0,0.1,0.6,0.1,0,0,0,0,0,0,0.2,9,0,9,0,0,0,0,0,0.5,5.9,0,2.1,0.3,0,1.37,0.6,1,5.5,0.1,1.29,0,0,1.2,0,0,0,0.1,13.6,1.9,0.2,0,1,0,9,0.4,9,0,9,0,0,0.8,0,0,0.2,0
"Zambia",34.11,5.017,0.11,0,0,0,0,0,0,0,0,0,0,0,0,0,0,0,0,0,6.45,0,9,0,0,0,108.0636,0.1,2.4218,10.7569,0.4931,40.8227,7.4364,5.9718,1.4264,0,0.11,3.592,0.5982,1.9291,1.5082,32.7245,0.2,0,2.107,6.5807,0,9,0.11,0.4982,2.8573,14.4136,0.6852,1.7755,0,0,0,0,0,0,0,0,0,0,0,0,0,9,0,0,0,9,0,0.3,2.37,0.2,3.6755,19,0,0,0,0,0,42.2791,4.2691,68.528,0,0,0.66,0,0,0,0,0,0.8236,0,0,0,0,0,0,1.7836,1.6973,0,0,0,0,8.0125,0,0.22,9,0,112.0564,0.8964,2.0528,0,0,0,9,0,0,0,0,0,0.75,0,0,0.11,8.9236,0.49
"Zimbabwe",3,0.1,0,9,0,0,0,0,0,0,9,0,0,0,0,0,0,0,0,0,0,9,9,0,0,0.3,2.3,0,2.3,0.0956,0.0044,2.9,2,0.3,3.6,0,0,0,0.9,0,0,1.2,0.01,0,0,0,0,0,0,0,0,0,0.2,0,0,0,0,0,9,0,0,0,0,9,0,0,0,9,0,0,0,0,9,0.1,4.4,0,0,0,0,0,0,0,42.2791,0,14.47,0,0,0,0,0,0,0,0,0,3.6,0,0,0,0,0,0,0,0,9,0,9,0,0,0,0,0,0,12.3,0,0,0,0,0,0,0,0,0,0,0,0,0,0,0,1.1,0
"Malawi",0.2,0.15,0,0,9,0,0.1,0,9,0,0,0,0,9,0,9,0,0,9,0,0,0,0,0,0,9,3.49,0.5,2.3,0.6406,0.0294,0.3,0.12,0.7,0.01,0,9,0.1,0.01,9,9.44,0.7,0.03,0,0,0,0.1,0,9,0,0.02,0.34,0.01,0.14,0,0.151,0,0,9,0,0,0.1,9,0,0.315,1,0,0.1,0.3,0,0.1,0,0,0.1,0.3,0,0.6,0.1,0,0,0,0.2,4.2691,14.47,0,4.64,9,0,0.1,0,0,0,0,0,2.64,0,0.11,0,0,9,9,0.11,0.44,9,9,0,0,0,0,0,9,0,6,1.21,0.11,0,0.29,0,0,0,0,0,9,0,0,0.01,0,0,0.99,0.01
"South Africa",168,35.8,0,0.004,0.11,0,0,0,0.1,0.5,0.1,0.1,0.1,1.8,0.66,0.6,1.1,0,2.22,0.1,10.3,0.6,0.02,0,0.1,0.8,33.6,4.4,42.1,43.5057,1.9943,26.3,36,19.4,0.9,0,0,0,2,0,0,38.7,0.13,0,0.7,7.9,0,0,0,0,5,27.6,6.5,5.8,0.2,9,0,0.92,9,9,9,0,0,0,0,0,0,0,0.2,0.1,0,0.4,0.1,1.1,3.9,0,0,0,0,9,0,9,68.528,0,4.64,0,0,0,0,0,0,9,9,0,64.1,0.7,23.7,0,9,0.67,0,0.6,13.1,0,9.38,9.6,0,0,0,0,0,0.2,147.5,0.1,0,0,15.7,0,0,1,0,0,0,0,2.81,0,0.9,0,23.92,0.27
"Lesotho",9,0,0,0,0,0,0,0,0,9,0,0,0,9,0,9,0,0,0,0,0,9,0,0,0,0,0,9,9,0,0,0,0,0,9,0,0,0,0,0,0,0,0,0,0,0,0,0,0,0,0,9,9,9,0,0,0,0,0,0,0,0,0,0,0,9,0,0,0,0,0,0,0,0,0,0,0,0,0,9,0,0,0,0,9,0,0,0,0,0,0,0,9,9,0,9,0,0,0,0,0,0,0,0,9,0,0,0,0,0,0,0,0,0,9,0,0,0,0,0,0,9,0,0,0,0,0,0,0,9
"Botswana",0,0,0,0,0,0,0,0,0,0,0,0,0,0,0,9,0,0,0,9,9,9,0,0,0,0,0,0,9,9,9,0,0,0,0,0,0,0,9,0,0,9,0,0,0,0,9,0,0,0,9,9,9,0,0,0,0,9,0,0,0,0,0,0,9,9,0,0,0,0,0,0,0,0,0,0,0,0,0,0,0,9,0,0,0,0,0,0,9,0,0,0,9,0,0,9,9,0,0,0,9,0,0,0,0,0,0,0,0,0,0,0,0,0,0,0,0,0,0,0,0,0,0,0,0,0,9,0,0,9
"Madagascar",14,0.3,9,0.024,0,0,0,0,9,0,0,0,0,0,9,0,0,0,9.01,0,0,9,0,0,0,0,0.4,0,2.7,1.7211,0.0789,51.8,0.1,1.3,0.1,0,0,0,0,0.6,0,1.1,0,0,0.8,0.3,0,0,0,0,0.1,0.5,0,0.2,0,9,0,3.377,0.289,0.317,0.2,3,0,0.3,0,9,0,0,0.9,0.1,0.1,0,9,0,0,0,0.1,0,9,0,0,0,0.66,0,0.1,0,0,9,0,0.3,0.9,0.1,0.1,0,1.3,0,0,0,0,0.03,0,0.3,0,9,0,0,0,0,0,0,0,0,2,0.1,0,0,0,0,9,0.1,9,9,0,0,0.1,0,0,0,0.33,0
