"","United States of America","Canada","Bahamas","Cuba","Haiti","Dominican Republic","Jamaica","Trinidad and Tobago","Barbados","Dominica","Grenada","St. Lucia","St. Vincent and the Grenadines","Antigua & Barbuda","St. Kitts and Nevis","Mexico","Belize","Guatemala","Honduras","El Salvador","Nicaragua","Costa Rica","Panama","Colombia","Venezuela","Guyana","Suriname","Ecuador","Peru","Brazil","Bolivia","Paraguay","Chile","Argentina","Uruguay","United Kingdom","Ireland","Netherlands","Belgium","Luxembourg","France","Switzerland","Spain","Portugal","German Federal Republic","German Democratic Republic","Poland","Austria","Hungary","Czechoslovakia","Italy","Malta","Albania","Yugoslavia","Greece","Cyprus","Bulgaria","Romania","Russia","Finland","Sweden","Norway","Denmark","Iceland","Cape Verde","Sao Tome and Principe","Guinea-Bissau","Equatorial Guinea","Gambia","Mali","Senegal","Benin","Mauritania","Niger","Ivory Coast","Guinea","Burkina Faso","Liberia","Sierra Leone","Ghana","Togo","Cameroon","Nigeria","Gabon","Central African Republic","Chad","Congo","Democratic Republic of the Congo","Uganda","Kenya","Tanzania","Burundi","Rwanda","Somalia","Djibouti","Ethiopia","Angola","Mozambique","Zambia","Zimbabwe","Malawi","South Africa","Lesotho","Botswana","Swaziland","Madagascar","Comoros","Mauritius","Seychelles","Morocco","Algeria","Tunisia","Libya","Sudan","Iran","Turkey","Iraq","Egypt","Syria","Lebanon","Jordan","Israel","Saudi Arabia","Yemen Arab Republic","Yemen People's Republic","Kuwait","Bahrain","Qatar","United Arab Emirates","Oman","Afghanistan","China","Mongolia","Taiwan","North Korea","South Korea","Japan","India","Bhutan","Pakistan","Bangladesh","Myanmar","Sri Lanka","Maldives","Nepal","Thailand","Cambodia","Laos","Vietnam","Malaysia","Singapore","Brunei","Philippines","Indonesia","Australia","Papua New Guinea","New Zealand","Vanuatu","Solomon Islands","Fiji","Samoa"
"United States of America",0,5919.5,526.219,1.43,154.0664,505.9442,187.105,350.99,110.643,13.5521,22.327,0,27.2263,0,262.02,11443.066,38.303,23.2249,241.2,66.896,17.5789,237.2,46.638,899.7399,1603.1001,0.3,35.4908,831.54,80.65,4661.5796,47.657,37.0113,331.6,218.27,277.756,2861.6,1163.78,2343.8999,384.4402,20.3597,119.2,1660.3003,965.6501,23.9,0,66.348,176.3304,157.2,54.14,44.4657,5039.2001,72.41,1.34,154.6801,171.76,51.225,50.37,517.4078,1157.97,43.4,2177.0002,55.82,530.89,186.678,0,0,11,0,12.68,18.641,42.2115,2.0778,7.525,0.9981,305.5131,81.75,27.7734,90.231,15.3869,136.3901,10.4574,380.345,3300.3221,321.76,3.25,10.23,448.8399,222.2258,65.04,37.8935,19.801,1.595,3.1,43.63,4.4452,44.22,1268.16,24.91,14.0718,33.542,18.155,118,15.9,21.8,5,38.4708,4.56,136.105,10.9,330.12,1649.52,86.94,0.095,98.3867,1697.5,458.039,226.25,546.0101,64.45,71.85,263.4932,789.5,1818.1001,91.2056,14.66,0.717,210.935,130.89,144.4,107.7856,2.69,2074.7998,0.52,18993.4,0,9230.4,56117.398,1222.2792,0,108.83,229.77,3.4441,345.849,10.824,23.46,767.47,0.09,0.78,0.269,677.28,1608.7603,60.8086,941.63,2303.9,3075.3501,74.2749,50.03,1.1563,2.464,1.8009,7.1946
"Canada",5919.5,0,3.472,184.5,12.3223,6.261,25.384,50.34,22.914,1.6047,4.794,0,4.3381,0,0,561.8114,1.607,6.4068,6.2,20.742,3.3214,24.135,12.195,63.85,199.3,23.05,2.1745,46.19,33.13,191.968,5.613,0.0357,60.9,35.62,98.142,1027.3999,29.63,51.1,61.9208,3.2793,144,305.1,186.05,83.81,0,14.085,48.7258,96.7,24.99,26.7585,576,0.93,0.33,36.19,8.62,8.937,22.01,50.1731,637.78,135.8,474.6,66.1,106.78,0.354,0,0,0,0,0.12,9.495,30.3059,0.8385,0.373,1.1313,0.2566,13.34,1.3143,1.142,8.2434,8.0451,6.9185,4.545,182.8062,3.81,0,0,2.2723,22.187,0.95,2.8144,15.368,0.592,2.591,0.66,0.2588,28.483,98.71,12.99,8.0141,3.903,1.9,50.8,0,0,0,2.7141,0,22.636,0,164.49,114.69,55.82,22.945,8.1777,9.7,101.223,32.23,20.062,10.81,6.85,8.5226,11,22.7,3.2156,3.92,20.1481,12.712,2.72,18.7,37.6369,0,763.2,0,1126.1,4.53,582.8,204.8003,63.5683,0,13.38,119.2,0.126,11.021,1.226,1.05,16.44,0,0,6.346,25.45,48.65,0.8789,8.38,163.6,140.65,4.54,31.2,0.1366,0,2.9168,0.0724
"Bahamas",526.219,3.472,0,0.098,1.3263,0.2807,0.992,1.612,0.575,0.0006,0.005,0.0467,0.003,0.061,0.0308,96.2441,0.015,1.846,0.236,0.008,0,0.112,9.797,29.104,2.641,0.0066,0.028,0.062,7.004,1.324,0.032,0.076,0.083,2.792,0.057,63.264,8.078,0.22,2.2223,0.1177,7.157,0.59,1.585,0.712,0,0,0.111,0.534,0.192,0.012,10.191,0,0,0.307,0.315,0.003,0,0,0.019,0.004,2.071,0.011,1.31,0.035,0,0,9,0,9,9,0.0001,0,0,9,16.159,0,0,2.146,0.0008,0.009,0,0,492.196,1.9129,0,0,0,0,0,0,0.005,0,0,0,0,9,96.8834,0,0,0.062,0,0.058,0,0,0,9,0,0,9,0,2.107,0.01,14.635,0,71.113,0.174,0.006,0.012,9.235,0.022,0,0.048,772.236,9,0,0,0,9,0,9,0,0.048,0,1.567,0.038,3.94,42.948,0.137,0,1.301,0,0,0,9,0,0.111,0,0,0,0.109,0.101,0,0.062,157.026,5.715,9,0.729,9,0.012,0.01,0
"Cuba",1.43,184.5,0.098,0,0,0,0.2024,4.708,0.192,0.0003,0,0,0.003,0,0,84.8144,0,0,0,0,14.5095,0.0579,1.1984,0.394,16.5,1.6719,0,0,0.884,0.704,0,0,0,146.075,4.2358,53.15,0.198,5.12,6.0781,0.3219,20.83,34.31,112.813,3.006,0,70.6659,6.1589,7.48,32.456,29.2565,20.08,0.03,0,22.679,9.15,0.143,0,56.0771,0,9.222,11.92,0.736,7.784,0.015,0,0,0.4502,0,9,0,0,9,0,0,0,9,9,0,9,2.0225,0,0.152,0.0063,0.0123,0,0,0.0329,9,0,0,0,0,9,0,0,0.2568,9,9,0,0.007,0,0,0,0,0,9,9,0,0,0,0,3.517,0,0,0,3.945,0,21.061,15.69,0,0,0,0.6844,1.1354,2.58,0.0395,0,0,0,9,0,10.04,0,0,0,0,9.85,24.0188,0,0,9,9,2.1375,0,0,8.25,9,0,1.999,3.175,1.073,9,0,4.9,2.129,9,0.02,0,0,0,0
"Haiti",154.0664,12.3223,1.3263,0,0,7.4904,1.2672,1.2293,0.4506,0.0002,0.0024,0.0533,0.3139,0.0238,0,4.5905,0.051,0.8977,0.1549,0.0281,0,2.7023,0.0033,4.2944,2.3125,0.0042,0.0257,0.0315,0.0006,9.2193,0.0297,0.0025,0.7178,1.3343,0.004,12.8381,0.0123,20.0356,2.4597,0.1303,7.1357,3.3595,2.9,5.5333,0,0,0.1929,0.2981,0.1782,1.4807,13.1781,0,0,0,0.1779,0.006,9,0.1,0,0.5585,1.1532,4.0065,2.7164,0.007,0,0,0,0,0,9,0,9,9,9,0,9,0,0,9,0,0,0,0,0.0004,9,0,0.0009,0,0,9,0,9,9,0,9,9,0,9,0,9,0,0.0046,0,0,0,0,9,0,0,0,0,0,0,0,0,0.022,0,0.001,0.0012,0.0002,0,0.9611,0.024,9,0,0.0029,0,0,0,0,0,11.4078,0,0,0,8.7744,53.2215,0,0,0,0.04,0,0,0,0,0.1247,0,0,0,0,0.6181,0,0.01,0.2664,0.2083,0,1.071,9,0,9,9
"Dominican Republic",505.9442,6.261,0.2807,0,7.4904,0,0.6814,1.9535,0.743,0.8554,0.925,0.7018,0.6567,0.103,0,142.1484,0.0013,6.9844,1.8185,2.1335,0.0916,3.2117,30.677,8.2605,199.7982,0.4835,7.0518,0.2184,0.3205,29.2987,0.048,1.1216,5.1388,7.4964,0.3413,3.7571,1.3434,13.7771,16.7243,0.8857,4.91,3.7658,5.1668,0.3322,0,4.6581,0.0229,0.2753,0.0458,0.1831,33.4638,0.1717,9,0.0572,0.1417,0,0,0.0343,23.9584,11.8905,2.4514,5.7411,0.9606,0.3175,0,9,0,0,0,0,9,9,0,0,9,0,0,0.003,0,0,9,0.052,0,0,0,0,9,9,0,0,9,9,0,0,9,9,9,0,0,0.021,9,3.8112,0,0,0,0,0,0,0,10.91,5.02,0.6,0,9,0,0.0572,0.1602,0,9,0,0,1.5107,0,0,9,9,0,9,0,0.0052,0,0.5036,9,23.485,0.9041,7.9289,229.629,6.2523,0,0.0687,0.03,0,0,0,0,1.0186,0,9,0,0.0229,0.4807,0,0.0528,0.1373,2.0118,0.0012,10.3119,0,0,0,0
"Jamaica",187.105,25.384,0.992,0.2024,1.2672,0.6814,0,17.587,9.778,3.3019,1.596,0.2713,0.6304,2.321,1.364,55.8527,0.868,1.5495,1.39,0.893,0.03,2.305,0.531,1.273,48.478,1.3314,2.4669,14.606,0.052,2.755,0.005,0,0.144,3.225,0,55.29,0.747,34.636,2.7636,0.1464,0.935,6.596,0.253,0.143,0,0.288,0.968,8.865,0.472,0.324,6.22,0.078,0,0.036,0.51,0.008,0,0.04,24.45,4.443,0.819,21.058,1.711,0.046,0,0,9,0,0,0,0.002,0,0,9,0.177,0,0,0.028,0.0049,0.0064,0,0.383,6.988,0,0,0,0,0.008,0,0.0775,0,0,9.007,0.008,0,0.005,0,0.004,0,0,0,0,0,0,0.001,0,0,0.253,0,0.083,0.049,0.06,0,0.062,0,0.247,0,0.004,0.001,0,0,1.098,0.103,0,0,0,0.001,0,0.001,0.0052,0,2.911,0,17.588,0.404,10.773,38.474,0.457,0,0.045,0.118,0.02,0.171,0,9,2.616,0,0,0,0.77,1.397,0.005,0.153,0.683,0.692,0.006,4.624,0,0,0.0064,0
"Trinidad and Tobago",350.99,50.34,1.612,4.708,1.2293,1.9535,17.587,0,38.843,5.8069,9.526,2.075,10.6448,0.96,0.46,0.6168,6.275,1.7548,4.91,0.14,6.3673,0.937,2.117,26.2,0.37,4.752,27.7613,0.36,4.81,30.66,0.01,0,2.22,9.54,0.009,48.13,7.6,23.26,3.7893,0.2007,12.45,4.86,7.44,0.32,0,0.02,0.05,3.98,0.01,0.39,22.73,0.01,0,0.05,0.31,0.019,0,0,0.14,0.87,7.6,6.19,10.92,0,0,0,0,0,0,9,0.9577,0,0,0,0,0,0,0,0,0,0,0,0.03,0,0.01,0,0,0,0,0.0358,0.008,9,0.01,0,0,0,0.04,0,0,0.108,0,0.03,0,0,0.12,0,0,0,0,0.42,0,1.47,0.03,0,0,0.807,0,0.472,0.02,0,0,0.4,6.44,0,0,0,0,0,0,0.0078,0,6.12,0,8.91,0.26,12.66,29.92,2.76,0,0.06,0.13,0,0.09,0,0,0.44,0,9,0,0.57,3.51,0,0.84,0.33,13.97,0.02,11.04,0,0,0.0066,0
"Barbados",110.643,22.914,0.575,0.192,0.4506,0.743,9.778,38.843,0,1.3747,2.383,2.1326,2.6169,0,0.2981,1.628,0.719,0.641,4.563,0.055,0,0.44,0.055,0.721,18.13,0.7794,0.2117,0.028,0.302,10.26,0,0,0.838,1.262,0.225,21.329,5.259,6.49,2.9061,0.1539,6.249,3.295,1.705,0.441,0,0.157,0.11,0.478,0.17,0.233,3.986,0.016,0,0.074,0.149,0.018,0,0.166,0.086,1.457,1.293,1.902,1.805,0.039,0,0,0.001,0,0,0,0,0,0,0,0.02,0.0088,0,0,0,0,0,0,0,9,0,0,0,0.031,0,0.015,0.02,9,0,0,0,0,0,0,0,0.012,0.019,0,0,0.001,0,0.005,0,0,0,0,0,0.18,0,0.0021,0,0.062,0,0,0,0.001,9.008,0.217,0.027,0,0,0,0,0,0.016,0,0,2.119,0,10.109,0,8.468,25.285,0.588,0,0.024,0.19,0,0.271,9,0.001,1.045,0,0,9,0.273,1.677,0,0.034,0.527,3.076,0,8.43,0,0,0,9
"Dominica",13.5521,1.6047,0.0006,0.0003,0.0002,0.8554,3.3019,5.8069,1.3747,0,0.2235,5.9296,0.9711,0.0733,0.3555,0.121,0.008,0.018,0.0476,0,0,0.2981,0.033,0.0613,0.4134,0.2906,0.0002,0.0133,0,0.4436,9,0,0.0033,0.0368,0.0419,49.3361,0.0202,1.3333,0.1614,0.0086,0.9763,0.5495,0.0583,0.0172,0,0.0002,0.0058,0.0031,0.0043,0.0351,0.9204,0.002,0,0.0031,0.0087,0.018,0,0.0057,0.0357,0.0467,0.1242,0.107,0.373,0,0,0,0,0,0,0,0,0,0,0,0,0,0,0,9,0,0,0,0,0,0,0,0,0,0,0,0,0,0,0,0,0.0012,0,0,0,0.0949,0,0,0,0,0.0009,0,0,0,9,0,0,0,0,0,0,0.03,0,0.011,0,0,0,0,0.0003,9,0,0,0,0,0,0,0,0.9892,0,0.8017,0.0089,0.0341,3.3004,0.016,0,0.0005,0.0043,0,0,0,0,0.1446,0,0,0,0.0008,0.0695,0,0.0002,0,0.0097,9,0.0196,0,0,0,0
"Grenada",22.327,4.794,0.005,0,0.0024,0.925,1.596,9.526,2.383,0.2235,0,1.0902,0.5635,0.115,0.0334,0.0876,0.01,9,0,0,9,0.086,0,0.5,0,0.146,0.172,9,0,0.31,0,9,0,1.09,9,4.694,0.298,0.527,0.6648,0.0352,0.819,0,0.948,0.114,0,0.32,0,0,9,0,0.574,0,0,0,0.008,0,9,0,0,0.1,0.2,0,0.933,9,0,9,0,0,9,0,9,0,0,0,0,0,0,0,0,0,0,0,0,0,9,0,0,0,9,9,9,0,0,0,0,0,9,9,0,0.002,9,0,0,0,0,9,0,0.118,0,9,0,0,9,9,9,9,9,0,0,9,9,0,9,9,9,0,0,0,0,9,9,0,0,0,9,0.6,5.981,0,0,9,9,0,0,0,0,0.1,0,0,9,9,0,0,9,9,0.079,0,1.015,0,0,0,0
"St. Lucia",0,0,0.0467,0,0.0533,0.7018,0.2713,2.075,2.1326,5.9296,1.0902,0,2.4493,0,0,0.0264,0.0033,9,0,0,0,0.5929,0,1.033,0.2,0.3333,0.0801,0,0,0.671,0,9,0,0.836,9,42.93,0.704,3.85,0.2184,0.0116,3.08,0.11,0.165,0.022,0,0,0,0,0,0,2.07,0,0,0,9,0,0,0,0,0.275,0.1,0,0.781,0,0,0,0,0,0,0,0,0,0,0,0,0,0,0,0,0,0,0,0,0,0,0,0,0,0,0,0,0,0,0.006,0,0,0,0,0,0,0,0,0,0,0,0,0,0,0,0,0,0,0,0,0,0,0,0,0,0,0,0,0,0,0,0,0,0,0,0,0,0.11,0,0.88,0,3.52,18.7,0,0,0,0,0,0.0011,0,0,0,0,0,0,0,0,0,0,0,0.077,0,0.077,0,0,0,0
"St. Vincent and the Grenadines",27.2263,4.3381,0.003,0.003,0.3139,0.6567,0.6304,10.6448,2.6169,0.9711,0.5635,2.4493,0,1.7193,1.3529,0.13,0.0037,0.1378,1.033,0.0011,0,0.0441,0.0367,0.89,0.3622,0.3321,0.0714,9,9.0048,1.0063,0,0,9.0026,0.417,9.0844,15.6819,0.1489,1.7289,0.4274,0.0226,2.7737,0.0881,0.4522,0.0259,0,0.0881,0.0063,0.0144,9.0085,9.1174,1.0541,0,9,0.0115,0.0015,9.007,9,9.0081,9.0196,0.0052,0.1526,0.1926,0.5737,0.0174,0,0,9,0,0,0,9,9,0,0,0,9,0,9,0,0.0044,0,0,9,0,9,0,0,0,0,0,9.0004,0,9,0,0,9,9,9,9,9,9.0011,9,0,9,9,9.0004,0,0,9,9,0,0,0,9,9,0.0041,0,0,9,0,0,9.0011,9.0011,9,9,9,9,0,0,0,9,0.3989,0,1.8448,0.073,0.3811,2.5363,0.0185,9,9.0026,9.0011,0,0.0148,0,0,9.01,0,0,0,0.0137,0.11,0,0.0096,9.0007,0.0444,9,0.017,0,9,9,0
"Antigua & Barbuda",0,0,0.061,0,0.0238,0.103,2.321,0.96,0,0.0733,0.115,0,1.7193,0,0,0.013,0.016,9,0,0,0,0.015,0,0.68,0,0.8621,0.0056,0,0.05,9.72,0,0,0,0.36,9,22.1,0.01,0.5,0.1899,0.0101,1.7,0,0.05,0.05,0,0,0,0,0,0,29,0,0,0,0,0,0,0,0,0.01,0,0,1.21,0,0,0,0,0,0,0,0,0,0,0,0,0,0,0,9,0,0,0,0,0,0,0,0,0,0,0,0,0,0,0,0,0,0,0,0,0,0,0,0,0,0,9,0,0.017,0,0,0,0,0,0,0,9.01,0,0.001,0,0,0,0,0,0,0,0,0,0,0,0,0,3.4,0,0,0,0.4,0,0,0,0,0,0,0.007,0,0,0,0,0,0,0,0,0,0,0,0.1,0,0.14,0,0,0,0
"St. Kitts and Nevis",262.02,0,0.0308,0,0,0,1.364,0.46,0.2981,0.3555,0.0334,0,1.3529,0,0,0,0.02,0,0,0,0,0.1111,0,0.077,0,0.2464,0,0,0,5.874,9,9,9,0.231,0,7.16,0.001,1.1,0.8357,0.0443,1.04,0,0.039,0.121,0,0,0,0,0,0,3.64,0,0,0,9,0,0,0,0,0,0,0,0.66,0,0,0,0,0,0,0,0,0,0,0,0,0,0,0,0,0,0,0,0,0,0,0,0,0,0,0,0,0,0,0,0,0,0,0,0,9,0,0,0,0,0,0,0,9,0,0,0,0,0,0,0,0,0,0,0,0,0,0,0,0,0,0,0,0,0,0,0,0,0,0,0,0,3.63,0,0,0,9,0,0,0,0,0,0,0,0,0,0,0,0,0,0,0,0,0,0,0,0
"Mexico",11443.066,561.8114,96.2441,84.8144,4.5905,142.1484,55.8527,0.6168,1.628,0.121,0.0876,0.0264,0.13,0.013,0,0,12.1871,93.2429,48.0904,89.4619,11.5477,72.716,49.232,144.198,103.0164,1.1847,0.1333,82.9272,9.8158,69.5926,6.8628,0.3575,37.0326,98.8793,76.2839,149.9457,41.2764,100.6125,98.152,5.1981,283.9462,148.2106,1237.3664,75.2501,0,1.9188,1.2573,55.9385,2.2887,10.6694,57.0763,0.04,0.3223,23.5325,1.0152,0.7148,2.8017,13.3436,14.6047,6.0526,137.0775,8.2031,0.7145,0.1885,0,0.0011,0.9526,0.022,0.033,0,2.8318,0.5431,0.194,0.001,0.0082,0.0396,0,15.2245,0.0049,0.1931,0.0946,5.166,0.6341,2.9304,0.4345,0.121,1.1689,0.0102,0,0.0254,0.0671,0,0.002,0.0011,0.019,0.7559,0.0055,0.1958,0.0092,7.1505,0,2.6308,0,0,0,0.1771,0.0011,1.18,0,20.9987,0.032,7.8,2.463,0.6247,0.6428,11.9568,0.0066,2.7118,0.6077,0.5456,2.88,5.2283,4,0.0209,0.0198,6.0575,0.0539,0.0269,0.132,0.0112,0,22.156,0.022,0,19.1191,150.4035,723.5286,32.4048,0.013,2.0976,0.4164,0.0086,8.8792,0.0099,0,66.926,0.0352,0.0033,0.5429,10.6502,6.3422,0.0121,4.2463,14.9807,17.0219,0.0245,1.4154,0.0247,0,0.0674,0
"Belize",38.303,1.607,0.015,0,0.051,0.0013,0.868,6.275,0.719,0.008,0.01,0.0033,0.0037,0.016,0.02,12.1871,0,1.7378,1.104,0.612,0.012,1.025,0.115,0.067,0.022,0.002,0.001,0.001,0.01,0.315,0.002,9,0,0.049,0.007,25.156,0.479,6.259,0.1045,0.0055,0.574,0.283,0.521,0.063,0,0.033,0.005,0.035,0.008,0.093,0.425,0,0,0.005,0.016,0,0,0.002,0.022,0.111,0.179,0.24,2.537,0,0,0,0,0,0,0,9,9,0,0,0,9,0,0.002,0,9,9,0,0,0,9,0,0,0,0,0,0,0,0,0,9,0,0,0,0,0,0,0,0,0,0,9,0,0.04,9,0,0,0.002,0,9,0,0,0,0,0,0,0,0.126,0,9,0,9,0,0,0,0,0,0.03,0,2.581,0,0.907,1.59,0.188,0,0.01,0,9,0.196,0,9,0,0,0,0,0.018,0.194,9,0,0.008,0.037,10.9403,0.578,0,0,0.001,0
"Guatemala",23.2249,6.4068,1.846,0,0.8977,6.9844,1.5495,1.7548,0.641,0.018,9,9,0.1378,9,0,93.2429,1.7378,0,15.9109,54.5323,12.5416,21.0812,3.3486,9.8058,57.9413,0,0.1933,6.6095,0.6465,29.8461,0.0021,0.1232,2.9959,3.344,0.0128,16.0056,1.8751,13.7535,3.229,0.171,12.8985,10.8714,17.1796,2.1435,0,0.049,0,4.8002,0,1.4832,0.2791,0.28,9,2.3473,0.248,0.116,0,4.8,0,20.2783,4.0623,6.5957,4.1901,0.283,0,0,0,0,0,0,0,0,9,9,0,0,0,0,0,0,9,0,0,9,0,0,9,0,9,0,0,9,0,0,0,0.0025,9,9,0,0,0,3.0689,9,0,0,0,0,0,0,0,0,0,0,0,0.0279,2.4598,9,0.001,0,0,0.3045,1.0881,48.2388,0,9,7.5109,0.614,9,0,1.6385,9,1.7172,9,25.3926,0,23.4739,67.2364,0.4073,0,0.9476,0.16,9,3.4252,0,0,0.0315,0,0,0,0.0951,0,0,0.028,3.1775,0.2571,9,1.9271,0,9,0,0
"Honduras",241.2,6.2,0.236,0,0.1549,1.8185,1.39,4.91,4.563,0.0476,0,0,1.033,0,0,48.0904,1.104,15.9109,0,2.348,1.094,12.71,0.799,7.61,36.9,0,0,0.45,0.15,24.735,0,0,0,2.8,0.025,7.7,0.99,29.6,7.3127,0.3873,2.6,10.4,15.24,2.58,0,0,0.398,12,0,9.6815,58.2,0.31,0,0.49,0.36,0,0,0,0,5.77,18.2,4.96,0.54,0.605,0,0,0,0,0,9,1.1334,0,0,0,9,0,0,0,9,0,0,0,0,0,9,0,0,0,9,0,9,9,0,0,0,9,0,0,0.0001,0,0,0,0,0,0,0,0,0.013,0,0,0,0.04,0,0,0,0.396,0,0,0,0,0,5.1,3.6,9,0,0,0,9,0,9.1326,0,2.9,0,0,0,7.5,20.9,0,0,0.06,0.27,0,0.037,0,0,0.07,0,0,9,0,0,9,0.04,0,0.02,9,1.05,0,0,9,9
"El Salvador",66.896,20.742,0.008,0,0.0281,2.1335,0.893,0.14,0.055,0,0,0,0.0011,0,0,89.4619,0.612,54.5323,2.348,0,6.0978,1.859,3.097,4.299,67.735,0,0.0392,0.428,2.923,6.767,0.002,0.0836,3.32,2.377,0.021,7.484,2.239,7.359,6.553,0.347,3.181,0.848,11.843,0.584,0,0.053,0,9.926,0.565,0.351,5.294,0,0,0,0.107,0,0,0.1,0,0.077,1.144,0.67,0.826,0,0,0,0,0,0,0,0.0002,0,0,9,9,0,0,0,0,0,0,0,0.0269,0,0,0,0,0,0,0,0,9,9.007,0,0,0,0,0,0,0,0,0.226,0,0,0,0,0,0,0,0.101,0,0,0,0,0,0.049,0,0.001,0,0,0,0.3,0,9,0,0,0,0,9,9,0,4.7,0,12.196,0,10.6,32.915,0.195,0,0.05,9,0,0.127,0,0,0,0,0,9,0,0.477,0,0,0,0.065,1.2243,4.82,0,0,0,0
"Nicaragua",17.5789,3.3214,0,14.5095,0,0.0916,0.03,6.3673,0,0,9,0,0,0,0,11.5477,0.012,12.5416,1.094,6.0978,0,1.6735,22.4014,3.2142,7.85,0,0,0.15,2.8805,9.9135,0,0,0.0767,19.8664,0.029,13.4474,1.5454,6.1389,6.0401,0.3199,10.6262,12.0757,17.9328,0.406,0,16.7013,0.7743,4.7242,0.0009,16.1337,17.0104,0,9,2.2,0.261,0.012,14.4423,0,227.8126,10.9579,14.3973,1.4768,1.2698,0,0,0,0,0,0,9,0,9,0.002,0,0,0,0,0,0,0.0885,0,0,0,0,0,0,9,0,0,0,0,9,0,0,0,0,0,0,0,0,0,0,0,0,0,0,0,0,0,0,0,0,5.388,0,0,1.078,0,0.004,0,0,0,0.1287,0,9,0,0,0,0,0,0,0,4.7545,0,0.33,0.0305,0.1462,9.172,0.3003,0,0.36,9,0,0,0,0,0.4785,0,0,0,0,1.1714,0,0.0444,0.2577,0.0072,0,0.0009,0,0,0,9
"Costa Rica",237.2,24.135,0.112,0.0579,2.7023,3.2117,2.305,0.937,0.44,0.2981,0.086,0.5929,0.0441,0.015,0.1111,72.716,1.025,21.0812,12.71,1.859,1.6735,0,12.155,15.505,86.783,0.001,10.704,2.7,4.059,32.874,0.904,0.9378,5.79,0.705,0.06,4.971,3.826,16.352,5.8977,0.3123,9.841,19.229,10.259,6.207,0,34.827,3.161,24.817,0.202,20.0283,30.774,0.395,0,3.722,0.06,0,0.0847,0.123,5.9265,39.37,24.361,12.151,4.854,0.939,0,9,9,9,9,0,0.0012,0,0.004,0,0,0,9,0,0,0,0,0.016,0.001,9,0,9,0,0,9,0,0.089,0,0,0,9,0.007,0,0,0.0097,0.004,9,0.822,9.636,0,0,0.005,0,0.002,0,0.076,0,0,0,0.0051,0,1.469,0,0.212,0,0.4906,0.603,0.986,0.284,9,0,1.1519,0.614,0.081,0,0.8062,9,0.285,9,33.415,0.3482,23.382,102.297,0.339,0,0.136,9,0,0.06,9,0,1.053,9,0,9,0.12,0.471,0,0.083,0.015,0.914,0,0.204,9,9,0,9
"Panama",46.638,12.195,9.797,1.1984,0.0033,30.677,0.531,2.117,0.055,0.033,0,0,0.0367,0,0,49.232,0.115,3.3486,0.799,3.097,22.4014,12.155,0,110.457,55.018,0.0023,0.2908,7.186,65.844,31.108,17.43,5.8231,4.433,12.355,3.814,6.646,3.645,27.777,12.8875,0.6825,7.779,167.288,7.347,5.191,0,0.035,11.1013,16.596,0.079,4.2545,60.569,0,9.01,7.97,15.732,0.062,0.018,0.066,0.105,11.182,31.478,134.145,3.29,2.141,0,0,9,9,0,0,0,0,0.002,0,0,0,0,9,0,0,0,10.817,0.8918,0,0,0,0.0057,0.1606,0,0,9,9,0,9,0,0,0,9,0,0,0,0.432,0,0,0,9,0,0.012,0,0,0.049,0.01,0,0,0,0.063,0,0.344,0,0,0,7.704,16.744,0,0,1.269,0,9,0.346,9,0,1.188,0,32.802,0,200.876,24.666,0.458,0,0.576,0,9,2.586,9,0,1.217,0,9.008,0,1.783,9.808,0.035,0.281,0.077,0.082,0.5898,3.72,9,0,0,9
"Colombia",899.7399,63.85,29.104,0.394,4.2944,8.2605,1.273,26.2,0.721,0.0613,0.5,1.033,0.89,0.68,0.077,144.198,0.067,9.8058,7.61,4.299,3.2142,15.505,110.457,0,3.92,0.3212,2.3759,5.46,31.36,128.082,1.521,0.5025,43.9,28.15,9.858,20.91,2.74,107.41,15.1858,0.8042,24.22,37.01,12.13,8.55,0,9.796,9.546,27.46,9.15,29.033,37.65,0.3,0,7.82,0.48,0.01,6.858,7.49,2.764,62.13,55.78,27.29,106.38,0.389,0,0,0.06,0,0.01,0,0.0102,0.01,9.01,0,0,0.022,0,2.773,0,0.0996,0.01,0.233,0.28,0,0,0,0,0.05,0,0.05,0,0,0.03,0,0,0,0,0,0,0.06,0,0.01,9,9,0,0.03,0,0.115,9,14.85,14.23,0.32,0,0.0238,0.02,0.31,0,0.03,0,0.022,0.09,28.43,0.29,0.04,0,0.3768,0.02,0,0.06,0,0,1.75,0,8.39,0.85,3.72,160.66,8.6413,0,0.11,0,0,0.12,0,0,0.79,0,0,0,0.41,6.91,0.0014,0.08,0.1,3.29,0.2516,0.13,9,0,9,0
"Venezuela",1603.1001,199.3,2.641,16.5,2.3125,199.7982,48.478,0.37,18.13,0.4134,0,0.2,0.3622,0,0,103.0164,0.022,57.9413,36.9,67.735,7.85,86.783,55.018,3.92,0,8.5819,1.1188,210.57,18.35,219.259,0.96,0.0576,61.2,66.89,2.235,176.2,30.85,68.5,45.8707,2.4293,237.3,143.7,180.86,4.82,0,1.537,1.5315,33.6,2,5.1877,257.7,0.02,0,1.74,1.43,0.081,2.3,7.5316,2.6,34.73,56.5,8.49,38.54,0.015,0,0,0,0,0,0.013,0.1509,0,0,0,0,0,9,0.075,0.0066,0,0,0.003,0,0,0,9,0.8225,0,0,0,0,9,0,0,0,0,0,0,0,0.018,0,0,0,0,0,0,0,0,0,6.12,0,2.78,2.255,0,5.8,7.082,0,0.002,0,0.1,0,34.9,1,9,9,0,0,0,0,0,0,35.2,0,92.2,0,35.6,222.5,28.8209,0,0.36,0,0,0.257,0,0,15.25,0,0,0,1.67,6.02,0,0.02,9.6,11.11,0,55.11,0,0,0,9
"Guyana",0.3,23.05,0.0066,1.6719,0.0042,0.4835,1.3314,4.752,0.7794,0.2906,0.146,0.3333,0.3321,0.8621,0.2464,1.1847,0.002,0,0,0,0,0.001,0.0023,0.3212,8.5819,0,1.7294,0.1108,0.03,2.651,0,0,0.3637,0.529,0,72.07,0.001,7.87,1.7665,0.0935,7.25,0.1637,4.05,1.072,0,2.1814,0,0.6197,0,0,2.39,0.03,0,0.022,0,0,1.0481,0,4.8332,0.014,0.58,0.165,1.875,0.015,0,0,0,0,0,9,0,0,9,0,0,0,9,0,0,0,9,0,0.1351,0,0,0,0,0,0,0,0,9,0,0,0,0,0,0,0,0,0,0,0,0,0,0,0,0.0044,9,0.6835,0,0,0,0.0011,0,0,0,0,0,0,0,0,0,0,0,0,0,0,0,0.0806,9,0.88,0,2.3065,0.7944,0.6,1.2,0.081,0,2.903,0,0,1.659,0,0,0.033,0,0,0,0.154,0.0127,0,0,6.94,0.6,0,0.24,0,0,0,0
"Suriname",35.4908,2.1745,0.028,0,0.0257,7.0518,2.4669,27.7613,0.2117,0.0002,0.172,0.0801,0.0714,0.0056,0,0.1333,0.001,0.1933,0,0.0392,0,10.704,0.2908,2.3759,1.1188,1.7294,0,0,0.0336,1.7525,9,9.0009,0,0.0006,0,13.8714,0.24,4.8255,1.3106,0.0694,11.9706,1.6661,0.8997,0.1076,0,0.0112,0,0.0913,0,0.0112,3.6258,0,0,0.0112,0.16,0,0.2745,0,0,0,4.5232,104.9106,0.4627,0,0,0,0,0,0,0,0.0182,0,0,0,0,0,9,9,0,0,0,0,0,0,0,0,0,0,0,0,0,0,0,0,0,0,9,0,0,0,0,0,0,0,0,9,0,0,0,0,0,0,0,0,0,0.0036,9,0,0,0,0,0,0.0056,0,0,0,0,0,0,0,0,0.4605,9,2.9137,0,0.9081,23.7524,0.0448,0,0.04,0,0,0,0,0,0.0168,0,0,0,0,0.2073,9,0,0.0006,0,0,0,0,0,0,0
"Ecuador",831.54,46.19,0.062,0,0.0315,0.2184,14.606,0.36,0.028,0.0133,9,0,9,0,0,82.9272,0.001,6.6095,0.45,0.428,0.15,2.7,7.186,5.46,210.57,0.1108,0,0,1.39,94.823,0.06,0.0933,0.89,8.14,0.869,25.35,7.24,12.75,2.8966,0.1534,22.15,42.93,43.19,2.45,0,6.599,0.7206,2.7,5.74,3.0124,45.13,0.02,0,16.39,0.45,0.002,0.454,0.52,3.429,9.05,12.97,3.19,2.76,0.027,0,0,0,0,9,0,0.0001,9,0,0,0,0,0,0,0,0,0,0.766,0.0819,0,9,0,0,9,9,0,9,9,9,9,0,0,0,0,0,0.114,9,16.7,0,0,0,9,0,0,0,2.72,0,0,0,0,0,7.235,0,0.713,0,0,0,6.2,0.7,0,0,0,0,9,0,0.801,0,7.07,0,7.46,9,104.2,211.13,0,0,0.05,9,0,0,0,9,0.02,0,0,9,2.96,1.3,0,0.09,2.99,2.87,0,10.59,0,9,0,9
"Peru",80.65,33.13,7.004,0.884,0.0006,0.3205,0.052,4.81,0.302,0,0,0,9.0048,0.05,0,9.8158,0.01,0.6465,0.15,2.923,2.8805,4.059,65.844,31.36,18.35,0.03,0.0336,1.39,0,65.411,22.519,9.5807,68.86,91.75,7.664,49.74,11.75,31.31,38.4345,2.0355,58.84,78.23,36.35,13.27,0,4.858,5.28,3.64,15.25,26.8489,53.54,0.06,0.01,49.24,3.38,0.055,9.906,4.2363,60.491,3.88,20.82,0.89,0.27,0.116,0,0,0,0,0,0,0.0003,0,0,0,0,0,0,0.24,0,0,0.01,6.131,0.15,0,0.01,0,0.0126,0.1606,0,0,0,0,9,0,0,0,0,0,0,0,0,5.63,0,9,0,0,0.03,0.017,0,0.16,17.54,1.24,2.508,0,20,4.706,0,0.271,0.94,0.03,0.17,6.62,0.2,0,0,0.21,0,0,0.4,0.1118,0,62.17,0,23.71,8.762,78.99,77.41,5.4442,0,1.28,0.04,0,0.623,0.02,0,0.13,0,0,0,0.11,8.19,0.05,11.23,13.5,11.62,0.0159,45.68,0,0,0.01,0
"Brazil",4661.5796,191.968,1.324,0.704,9.2193,29.2987,2.755,30.66,10.26,0.4436,0.31,0.671,1.0063,9.72,5.874,69.5926,0.315,29.8461,24.735,6.767,9.9135,32.874,31.108,128.082,219.259,2.651,1.7525,94.823,65.411,0,139.825,112.7456,34.733,145.847,4.878,595.705,18.11,465.056,297.6943,15.7657,532.524,202.971,465.916,165.47,0,49.928,54.4126,134.128,98.711,43.4362,1051.621,10.09,0.022,85.012,112.885,9.551,146.927,4.7076,321.222,42.811,32.679,37.767,122.805,6.159,0,0,0.385,0,0.957,1.214,4.3456,2.6553,1.116,1.6038,15.916,3.41,12.6502,1.816,0.7798,6.3777,0.732,6.881,158.2811,0.242,0.187,0.253,1.8419,5.1368,1.452,10.2438,1.541,0.03,1.22,1.683,0.03,1.009,105.985,3.333,0.0051,2.564,0.25,11.501,0,9,9,0.2831,0.572,2.015,0.048,4.671,111.114,14.108,20.614,2.9982,143.79,140.222,1467.125,65.8,18.98,40.216,2.918,20.109,873.477,1.4443,0.165,138.2655,10.17,92.917,43.01,126.9723,0.099,27.398,0,187.638,0.066,285.579,1018.88,274.7642,0,36.232,22.296,0.0036,12.485,9,0,95.184,0,0,0.06,56.906,39.237,1.1437,84.142,103.457,61.948,1.9815,5.091,9,0.04,0.4167,9
"Bolivia",47.657,5.613,0.032,0,0.0297,0.048,0.005,0.01,0,9,0,0,0,0,9,6.8628,0.002,0.0021,0,0.002,0,0.904,17.43,1.521,0.96,0,9,0.06,22.519,139.825,0,0.3907,37.856,197.733,1.024,17.81,0.97,14.873,0.9592,0.0508,16.633,6.018,2.376,0.12,0,0.835,2.985,2.541,0,0.7999,1.321,0,9,0.07,0.03,0,9,4.989,3.429,0.91,10.571,0.24,2.655,0,0,9,0,0,0,9,0,0,0,9,0,0,0,0,9,0,9,0,0,0,9,0,0,0,9,0,0,0,0,0,0,0,0,0,0,9,0,0,9,9,0,9,9,0,0,0.762,0,0,0,0,0,0.028,0,0.001,0,0,0,0.933,0.231,0,0,0,0,9,0.14,9.1586,9,4.311,9,6.853,0,7.146,66.846,0.004,0,0.02,0,0,0.176,0,0,0,9,9,0,7.02,0,9,0,0,0.01,0,0,0,0,0,0
"Paraguay",37.0113,0.0357,0.076,0,0.0025,1.1216,0,0,0,0,9,9,0,0,9,0.3575,9,0.1232,0,0.0836,0,0.9378,5.8231,0.5025,0.0576,0,9.0009,0.0933,9.5807,112.7456,0.3907,0,36.2826,19.45,2.6819,35.0824,0.0633,15.2562,22.7359,1.2041,13.5002,0.7579,121.2939,19.8323,0,0.017,0.3883,4.0643,0.0715,0.5302,5.6495,0,0,2.2436,0.57,0,0.0286,0.1309,9,0.1212,0.1181,2.0973,1.8818,0,0,9,0,0,9,9,0.1827,9,0,9,0.143,0,9,0,0,0,0,0,0,0,0,0,0.1264,0,9,9,0,0,0,9,9,0,0,0,0,9,9,2.6763,0,0,0,0,9,0,0,0,41.5005,3.78,0,0,0.0242,0.6905,0.0144,0,0,0.0011,0,0.0402,0.18,9,0,0,0,0,0,9,0.0121,7.3152,9,14.4887,0.0369,2.2829,11.1154,0.4288,0,0.022,0,0.398,0.0231,0,0,0.0539,0,0,0,1.1915,2.4253,0,0.0389,0.378,0.022,0,0,0,0,9,0
"Chile",331.6,60.9,0.083,0,0.7178,5.1388,0.144,2.22,0.838,0.0033,0,0,9.0026,0,9,37.0326,0,2.9959,0,3.32,0.0767,5.79,4.433,43.9,61.2,0.3637,0,0.89,68.86,34.733,37.856,36.2826,0,6.58,9.415,57.2,3.34,96.3,2.1843,0.1157,189.8,49.9,42.42,29.55,0,11.601,0,2.2,0,0,206.2,0.4,0,27.68,15.74,0.191,0,4.4,0,0.96,39,3.35,11.21,0.445,0,0,0,0,0,9,0.0733,0,0,0,0,0,9,0.463,0,0,0,0.003,74.0096,0,9,0,0,0,0,0,0.013,0,0,0,9.3826,9,0,0,0.05,0.521,0,9.4,9,9,0,0,9,0.27,9,0,0,1.27,3.969,0,0,71.156,0,10.821,0,0,0,14.8,12.3773,0.0006,9,9.28,2.221,0,25,10.8882,9,55.1,9,75,0,86.7,236.1,2.4,0,0.31,0.01,0,2.4,9,9,9.13,0,9,0,0.41,13.72,0.1756,0.66,32.6,4.01,3.6188,13.39,9,0,0.1813,9
"Argentina",218.27,35.62,2.792,146.075,1.3343,7.4964,3.225,9.54,1.262,0.0368,1.09,0.836,0.417,0.36,0.231,98.8793,0.049,3.344,2.8,2.377,19.8664,0.705,12.355,28.15,66.89,0.529,0.0006,8.14,91.75,145.847,197.733,19.45,6.58,0,42.761,98.26,0.91,220.02,4.1787,0.2213,20.31,63.05,71.63,43.82,0,0.042,11.6595,7.44,8.25,82.6831,26.74,4.5,0.044,16.14,7.79,1.827,47.709,28.0556,614.388,0.91,39.76,19.46,99.23,0.289,0,0,0,0,0,0,5.1921,0.52,0.015,0,0.38,0.044,0,0.03,0.0025,0.0589,0.25,0.527,4.8736,4.873,0,0,1.2109,0.3213,0.231,0.0158,1.795,0,0,0,9,0.01,4.422,0,1.7043,0.729,0,10.78,0,0,9,0,0,2.078,0,0.95,21.91,7.41,2.62,0.0383,381,6.116,0.286,9.692,7.37,7.403,1.2557,24.59,20.8,0,0,1.5769,0.09,0,0.44,3.0611,0,316.63,0.088,10.77,1.54,10.06,138.97,30.2956,0,7.65,1.72,0,0.711,0,0,12.21,0,0,0,22.19,24.26,0.13,2.48,49.66,6,0.029,9.31,0,0,0,0
"Uruguay",277.756,98.142,0.057,4.2358,0.004,0.3413,0,0.009,0.225,0.0419,9,9,9.0844,9,0,76.2839,0.007,0.0128,0.025,0.021,0.029,0.06,3.814,9.858,2.235,0,0,0.869,7.664,4.878,1.024,2.6819,9.415,42.761,0,30.928,0.048,8.049,3.5234,0.1866,12.72,0.031,2.913,3.348,0,3.483,2.476,6.115,8.011,13.3098,47.26,0.577,9,2.557,3.65,0.147,0.7711,0.02,40.694,6.085,1.729,1.112,2.232,0.105,0,0,9,9,9,9,1.0301,10.912,9,0,0.164,9,0,0,0.006,0,1.296,0.259,52.3691,0.7458,9,9,0.0854,1.154,0,0.0278,0,9,0,9,0,9.001,0,0,0,0.01,0,0.218,0,0,0,0,0,0.006,9,1.205,1.433,1.459,0,0.801,10.979,1.318,2.2671,0.047,9,0.0022,0.3587,21.357,2.051,9,1.0835,1.134,0,9,19.47,9,0,50.688,9,6.043,0.1039,0.36,14.396,0.7287,0,0.036,2.46,9,0.508,0,9,0.014,9,0,0,2.066,0.872,0.0294,0.306,0.118,7.065,9,1.92,0.003,0,9,0
"United Kingdom",2861.6,1027.3999,63.264,53.15,12.8381,3.7571,55.29,48.13,21.329,49.3361,4.694,42.93,15.6819,22.1,7.16,149.9457,25.156,16.0056,7.7,7.484,13.4474,4.971,6.646,20.91,176.2,72.07,13.8714,25.35,49.74,595.705,17.81,35.0824,57.2,98.26,30.928,0,51.8804,4717.5,591.666,31.3342,2529.3,2312.8999,136.6702,227.34,0,40.161,112.111,500.5,32.16,77.8282,1988.5,110.8,4.62,35.25,49.55,18.964,123,64.3327,564.39,1101.7201,1154.2998,3366.3498,1133.1699,161.729,0,0.14,1.98,2.86,30.96,1.795,5.3707,11.4943,10.766,12.595,94.6723,11.65,10.0142,8.728,5.0628,227.8499,25.9961,38.977,447.1723,13.48,1.69,0.13,21.5277,33.4913,8.61,85.0169,102.078,2.508,0.02,19.5,7.2187,50.912,49.01,27.98,22.5657,0.393,12.403,483.2,0.9,2.4,57.4,0.0048,0.88,188.407,21,27.26,137.6,25.34,146.314,81.5888,239.1,138.721,312.57,101.871,22.66,58.29,125.1874,401.6,926.8,77.4579,49.44,240.0429,166.444,173.23,576.4,186.5948,0.53,256.9,4.76,1177.8,2.31,819,5923.4998,563.9936,0,134.12,28.9,18.1111,51.528,4.271,2.47,16.81,0.36,1.98,0.057,107.19,257.41,0.4053,183.41,87.4,1040.85,41.8313,86.42,1.004,3.948,75.6854,0.7464
"Ireland",1163.78,29.63,8.078,0.198,0.0123,1.3434,0.747,7.6,5.259,0.0202,0.298,0.704,0.1489,0.01,0.001,41.2764,0.479,1.8751,0.99,2.239,1.5454,3.826,3.645,2.74,30.85,0.001,0.24,7.24,11.75,18.11,0.97,0.0633,3.34,0.91,0.048,51.8804,0,288.72,265.9647,14.0853,631.23,172.3,127.72,11.9,0,11.834,62.1401,44.9,8.32,10.1801,228.33,11.02,0.16,23.01,44.17,3.209,0.832,27.4777,12.999,49.77,21.54,88.06,8.01,0.408,0,0,0,0,0.407,2.07,0.702,0.6256,0.108,0.3128,8.8963,50.714,0.183,0.613,0.1739,26.3098,0.1364,10.114,24.6672,1.49,0.242,0.22,0.0366,5.23,0.5,1.5552,0.822,0.052,2.05,0.979,0.7315,5.619,2.321,0.507,2.3139,3.592,0.39,51.36,9,0.28,4.71,0.16,0,0.067,0.07,2.07,13.26,6.53,38.81,1.2996,11.7,4.288,51.39,71.521,1.69,8.151,4.5956,24.89,76.98,0.744,0.935,15.002,4.857,4.18,15.73,4.9109,0.859,29.95,0,76.89,0.02,1.69,209.12,13.5078,0,0.28,0.09,0.0077,1.148,0,1.342,9.67,0,0,0.03,14.71,1.53,0.0237,4.05,5.95,144.47,0.316,12.1,0,0,0.0861,0.01
"Netherlands",2343.8999,51.1,0.22,5.12,20.0356,13.7771,34.636,23.26,6.49,1.3333,0.527,3.85,1.7289,0.5,1.1,100.6125,6.259,13.7535,29.6,7.359,6.1389,16.352,27.777,107.41,68.5,7.87,4.8255,12.75,31.31,465.056,14.873,15.2562,96.3,220.02,8.049,4717.5,288.72,0,982.76,52.0459,2232.2998,663.2,286.85,58.45,0,101.465,32.3065,123.9,31.08,27.7824,3565.8,13.71,0.26,23.2,676.08,20.459,39.28,73.4321,858.73,240.19,340,506.07,266.17,117.043,0,0.89,6.53,1.18,5.61,20.963,19.4731,19.9126,11.804,4.133,133.484,11.6,17.7756,31.497,8.0254,20.6176,19.94,260.328,224.9163,36.56,1.82,9.15,4.1811,16.8301,22.97,9.2451,3.23,4.099,0.48,14.3,9.3236,11.266,80.86,24.52,16.8635,3.225,32.587,100.2,9.6,10.4,3.2,7.6957,1.07,5.4,3.7,17.46,540.72,8.44,3.475,66.7204,733.6,100.216,149.61,223.664,33.38,43.41,82.0533,22.4,505.3,88.03,24.97,722.6523,32.635,25.79,62.3,10.6884,2.87,120.5,2.54,369.8,1.44,278.5,2270.8,196.7539,0,64.71,43.73,2.9595,8.284,0.257,4.66,368.79,0.11,0.22,0.844,256.95,7.09,9.0966,93.68,3.4,34.51,2.2149,37.19,0.0548,0.04,0.4811,0.0258
"Belgium",384.4402,61.9208,2.2223,6.0781,2.4597,16.7243,2.7636,3.7893,2.9061,0.1614,0.6648,0.2184,0.4274,0.1899,0.8357,98.152,0.1045,3.229,7.3127,6.553,6.0401,5.8977,12.8875,15.1858,45.8707,1.7665,1.3106,2.8966,38.4345,297.6943,0.9592,22.7359,2.1843,4.1787,3.5234,591.666,265.9647,982.76,0,0,1640.99,101.5231,551.0662,173.0742,3797.3,25.8415,11.8049,144.9249,64.2095,36.5351,2535.2358,8.2149,0.3324,47.7701,249.3354,11.8808,73.3931,29.2889,697.7384,152.6555,656.7199,128.552,361.1346,22.3466,2.8111,0.6268,0.6648,2.1083,12.726,5.5178,15.7651,5.7552,39.7546,4.929,77.1445,16.202,5.4703,167.6798,46.5925,9.8864,0.4654,17.617,54.0477,2.7256,38.6435,2.1368,31.1408,369.9289,1.2061,24.6163,5.4608,8.0155,53.8482,5.0144,3.5899,12.3652,95.2364,4.701,43.1736,26.2783,3.7038,94.7805,0.5698,16.6926,1.8994,0.7598,1.0542,6.4295,1.1396,37.5133,112.0557,0.8072,279.3555,17.0567,51.6639,205.3926,234.2921,68.3407,2.1463,65.7765,55.5577,1188.2704,97.6296,19.8203,8.6708,44.3227,4.9005,11.4534,42.7367,11.216,10.7317,84.8086,0.4749,0,1.8994,68.2837,1295.7764,640.1577,0,10.0574,20.1717,2.2983,23.5242,0.1045,6.382,20.5801,0,0.0095,1.1207,11.8049,23.7521,0.9212,18.4812,37.1334,10.1333,0.8072,50.8187,0.133,0.4559,0.7313,0.4559
"Luxembourg",20.3597,3.2793,0.1177,0.3219,0.1303,0.8857,0.1464,0.2007,0.1539,0.0086,0.0352,0.0116,0.0226,0.0101,0.0443,5.1981,0.0055,0.171,0.3873,0.347,0.3199,0.3123,0.6825,0.8042,2.4293,0.0935,0.0694,0.1534,2.0355,15.7657,0.0508,1.2041,0.1157,0.2213,0.1866,31.3342,14.0853,52.0459,0,0,86.9059,5.3766,29.184,9.1659,201.1021,1.3685,0.6252,7.6751,3.4005,1.9349,134.2641,0.4351,0.0176,2.5299,13.2046,0.6292,3.8868,1.5511,36.9517,8.0845,34.7794,6.808,19.1254,1.1835,0.1489,0.0332,0.0352,0.1117,0.674,0.2922,0.8349,0.3048,2.1054,0.261,4.0855,0.858,0.2897,8.8802,2.4675,0.5236,0.0246,0.933,2.8623,0.1443,2.0465,0.1132,1.6492,19.5911,0.0639,1.3037,0.2892,0.4245,2.8518,0.2656,0.1901,0.6548,5.0436,0.249,2.2864,1.3917,0.1962,5.0195,0.0302,9.4074,0.1006,0.0402,0.0558,0.3405,0.0604,1.9867,5.9344,0.0428,14.7945,0.9033,2.7361,10.8774,12.4079,3.6193,0.1137,3.4835,2.9423,62.9299,5.1704,1.0497,0.4592,2.3473,0.2595,0.6066,2.2633,0.594,0.5683,4.4914,0.0251,0,0.1006,3.6163,68.6233,33.9023,0,0.5326,1.0683,0.1217,1.2458,0.0055,0.338,1.0899,0,0.0005,0.0593,0.6252,1.2579,0.0488,0.9788,1.9666,0.5366,0.0428,2.6913,0.007,0.0241,0.0387,0.0241
"France",119.2,144,7.157,20.83,7.1357,4.91,0.935,12.45,6.249,0.9763,0.819,3.08,2.7737,1.7,1.04,283.9462,0.574,12.8985,2.6,3.181,10.6262,9.841,7.779,24.22,237.3,7.25,11.9706,22.15,58.84,532.524,16.633,13.5002,189.8,20.31,12.72,2529.3,631.23,2232.2998,1640.99,86.9059,0,1519.2,604.8896,113.34,0,4.358,74.8179,36.3,73.32,39.4098,220.599,24.09,3.33,40.53,346.04,49.811,72.31,453.5015,620.67,315.75,548.1001,957.26,44.02,28.577,0,0.69,2.72,3.56,10.04,72.616,107.3646,50.7335,83.283,279.4806,135.4766,120.25,80.0847,73.817,10.8683,16.1755,109.8795,317.528,135.7382,110.94,48.01,47.79,111.426,25.3138,30.36,79.8243,2.409,10.843,21.69,11.89,57.2619,2.77,34.69,41.09,19.9361,15.588,7.064,115.9,2.6,4.2,40,5.7215,35.42,110.739,14.7,138.3,189.14,212.31,230.27,25.1632,544.1,107.67,610.55,171.988,173.89,131.18,80.6126,57.2,158.9,55.2682,3.52,71.3105,7.742,35.88,5.2,63.7891,10.87,199.6,1.17,779.2,20.2,326.4,3123.7998,211.4792,0,6.56,6.25,3.519,14.55,0.638,3.64,208.76,1,1.64,20.709,273.53,275.51,27.4471,43.25,86.4,308.15,2.8029,67.66,1.2953,0.3,2.6229,0.0659
"Switzerland",1660.3003,305.1,0.59,34.31,3.3595,3.7658,6.596,4.86,3.295,0.5495,0,0.11,0.0881,0,0,148.2106,0.283,10.8714,10.4,0.848,12.0757,19.229,167.288,37.01,143.7,0.1637,1.6661,42.93,78.23,202.971,6.018,0.7579,49.9,63.05,0.031,2312.8999,172.3,663.2,101.5231,5.3766,1519.2,0,196.5,149.79,0,417.367,375.6939,411.9,91.85,407.8837,843.3999,7.64,0.45,205.81,166.6,21.645,159.31,27.1166,253.3,72.25,156.2,130.55,14.31,37.08,0,0.2,1.21,0,6.58,4.051,6.5768,0.8378,0.96,1.8201,8.6929,3.41,0.8059,0.557,0.5263,9.3333,3.6311,21.454,27.0513,3.61,0.58,0.09,35.0324,42.8241,6.33,17.9578,11.655,1.894,2.737,0.77,0.5796,16.726,25.5,4.31,6.149,9.983,2,3.8,0.1,2.7,0.2,4.2254,0,10.783,0.2,34.35,8.72,24.62,196.137,10.8173,160.1,228.405,130.94,201.151,81,14.4,26.602,729.3,369.8,6.4172,3.63,133.3789,15.226,12.93,68.6,17.6607,12.03,342.7,0.63,55.1,2.92,77.1,712,61.5207,0,102.6,44.37,1.2741,8.723,0.099,4.07,83.06,0,1.77,3.086,59.1,231.73,9.4915,54.64,82.6,339.9,2.5798,50.43,0.2727,0.4,1.4326,0
"Spain",965.6501,186.05,1.585,112.813,2.9,5.1668,0.253,7.44,1.705,0.0583,0.948,0.165,0.4522,0.05,0.039,1237.3664,0.521,17.1796,15.24,11.843,17.9328,10.259,7.347,12.13,180.86,4.05,0.8997,43.19,36.35,465.916,2.376,121.2939,42.42,71.63,2.913,136.6702,127.72,286.85,551.0662,29.184,604.8896,196.5,0,872.48,0,10.465,63.1302,117.63,3.11,13.7862,1536.6199,20.98,1.297,56.82,35.39,31.257,52.46,60.8123,561.061,63,379.15,104.54,101.12,25.34,0,1.914,0.886,2.724,0.112,2.121,24.0574,0.7052,19.647,2.528,47.5618,44.352,1.2663,20.585,1.9815,19.7677,8.355,59.185,746.6772,144.708,6.429,1.359,50.2647,30.2851,32.731,4.4848,1.006,0.357,1.74,11.918,0.6547,1.712,44.363,18.773,1.1421,12.061,2.83,220.35,0.04,0.07,0.33,10.92,0.118,0.309,0.34,151.02,53.32,64.8,680.655,4.2439,559.33,94.617,630.221,24.777,27.26,49.207,32.0066,32.05,382.52,7.3491,2.313,65.1194,9.884,8,31.02,15.0251,0.752,8.17,0.07,316.42,1.08,289.24,1753.0399,77.6663,0,20.55,0.55,0.5623,7.52,0,1.518,95.56,0.03,0.011,5.4,112.05,18.29,0.3496,13.21,23.06,119.99,33.1068,74.86,0.0509,0.01,0.1075,0
"Portugal",23.9,83.81,0.712,3.006,5.5333,0.3322,0.143,0.32,0.441,0.0172,0.114,0.022,0.0259,0.05,0.121,75.2501,0.063,2.1435,2.58,0.584,0.406,6.207,5.191,8.55,4.82,1.072,0.1076,2.45,13.27,165.47,0.12,19.8323,29.55,43.82,3.348,227.34,11.9,58.45,173.0742,9.1659,113.34,149.79,872.48,0,0,17.911,4.2517,51.59,4.21,10.5845,877.7101,4.07,0.482,0.65,24.55,5.886,22.628,2.0528,13.006,107.35,200.06,93.88,101.31,112.702,0,5.948,11.702,0.143,0.426,6.421,1.1546,27.1182,4.678,0,32.1052,2.348,3.4381,11.16,0.0265,2.9082,10.2749,11.563,151.6663,9.737,0.355,14.56,19.5519,14.2481,1.73,4.3358,12.758,1.967,0.9,0.021,0.04,0.17,76.428,27.745,0.3142,28.125,0.83,56.18,9.21,0.23,9,5.49,0.05,8.805,0.42,1.8,75.18,3.61,24.539,5.8408,13.26,11.959,111.001,243.77,3.15,2.362,0.8534,6.16,231.36,0.2284,0.561,3.7452,0.38,0.4,133.61,0.6792,0.167,21.51,0.05,46.15,0.082,52.9,531.84,25.8879,0,49.2,0.56,0.0023,1.273,0,0,93.99,0,0,2.61,15.85,1.79,0.0783,1.51,25.85,4.8,0.2535,9.8,0.64,0.03,0.3317,0
"German Federal Republic",0,0,0,0,0,0,0,0,0,0,0,0,0,0,0,0,0,0,0,0,0,0,0,0,0,0,0,0,0,0,0,0,0,0,0,0,0,0,3797.3,201.1021,0,0,0,0,0,0,0,0,0,0,0,0,0,0,0,0,0,0,0,0,0,0,0,0,0,0,0,0,0,0,0,0,0,0,0,0,0,0,0,0,0,0,0,0,0,0,0,0,0,0,0,0,0,0,0,0,0,0,0,0,0,0,0,0,0,0,0,0,0,0,0,0,0,0,0,0,0,0,0,0,0,0,0,0,0,0,0,0,0,0,0,0,0,0,0,0,0,0,0,0,0,0,0,0,0,0,0,0,0,0,0,0,0,0,0,0,0,0,0,0,0
"German Democratic Republic",66.348,14.085,0,70.6659,0,4.6581,0.288,0.02,0.157,0.0002,0.32,0,0.0881,0,0,1.9188,0.033,0.049,0,0.053,16.7013,34.827,0.035,9.796,1.537,2.1814,0.0112,6.599,4.858,49.928,0.835,0.017,11.601,0.042,3.483,40.161,11.834,101.465,25.8415,1.3685,4.358,417.367,10.465,17.911,0,0,519.1721,420.436,710.614,155.247,29.798,0.232,2.2384,101.546,6.439,0.902,120.2468,95.3066,561.2436,42.609,50.015,95.908,71.346,3.67,0,2.5653,0,0,0,0.379,1.5478,0.752,1.6,0,8.955,3.938,9,26.635,0.1207,7.0805,0,8.208,0.3928,0,0,0,0.1384,0.083,8.8273,2.7387,0.154,0.177,0.36,0,9.025,1.48,16.9691,7.6887,4.6487,2.929,9.245,0,9,9.052,9.464,7.7033,0,0.217,9,9.649,55.611,8.37,12.59,6.7236,5.285,3.678,46.6471,29.986,52.405,28.0967,5.959,0,8,0.0082,4.6749,3.695,0.126,0.057,8.998,9.0338,6.186,77.364,2.8027,3.331,5.2824,2.37,215.463,4.9894,0,6.474,2.89,0.2926,0.316,9,0.1106,58.542,3.6337,2.2306,12.381,1.418,14.022,0.0536,13.914,4.304,5.761,0.0157,0.211,9,0,0.0921,9
"Poland",176.3304,48.7258,0.111,6.1589,0.1929,0.0229,0.968,0.05,0.11,0.0058,0,0,0.0063,0,0,1.2573,0.005,0,0.398,0,0.7743,3.161,11.1013,9.546,1.5315,0,0,0.7206,5.28,54.4126,2.985,0.3883,0,11.6595,2.476,112.111,62.1401,32.3065,11.8049,0.6252,74.8179,375.6939,63.1302,4.2517,0,519.1721,0,115.9319,133.0232,631.4267,89.5843,11.363,0.4059,30.7938,33.6106,9.6036,15.7839,256.3849,86.8813,107.3037,145.1261,28.2836,152.7906,1.6173,0,0,0,0,0,0.769,3.0227,0,0.228,0,11.5161,0,0,0.334,0.2586,0.2213,8.6568,2.644,7.2675,0,0,0.0506,0.3693,0,0.0187,0.0667,0.1376,0,0.078,0.0187,0,3.555,0.605,0,0.0304,10.736,0,0,0,0,0,0.0281,0,0.05,0,2.8008,50.5973,35.4863,123.5356,0.664,1.0685,30.0958,39.0885,22.7083,11.1543,22.0792,6.4322,0,24.4063,0.7659,0.1232,12.6174,0.177,0.08,5,0.0026,0.773,76.484,1.936,14.23,3.8357,0,59.2616,100.7196,0,6.6339,10.5254,0.0053,4.7343,0,0.55,7.5763,0.1353,0.2244,14.6152,3.8608,3.5851,0.0062,1.5302,6.7866,121.7361,0.0432,9.4622,0,0,0.2278,0
"Austria",157.2,96.7,0.534,7.48,0.2981,0.2753,8.865,3.98,0.478,0.0031,0,0,0.0144,0,0,55.9385,0.035,4.8002,12,9.926,4.7242,24.817,16.596,27.46,33.6,0.6197,0.0913,2.7,3.64,134.128,2.541,4.0643,2.2,7.44,6.115,500.5,44.9,123.9,144.9249,7.6751,36.3,411.9,117.63,51.59,0,420.436,115.9319,0,133.62,357.1914,191.5,6.21,3.34,252.1,38.04,9.012,141.09,12.6855,72.1,1.13,23.9,82.81,78.84,10.033,0,0.2,0.01,0.11,0,1.434,2.9586,2.4054,0.277,0.1065,19.1,2.09,2.3059,2.734,1.0622,2.0607,0.6873,32.639,50.416,0.02,0.24,0.01,0.0722,0.8722,0.01,7.632,5.031,0.587,0.21,2.64,0.7596,5.581,0.7,2.54,5.9541,1.046,3.3,19.4,5,9.3,9.1,6.8,0,0.082,0,1.69,50.44,4.77,176.224,5.2688,74.4,68.563,5.14,65.449,53,16.24,27.2003,7.7,63.6,7.8115,3.52,38.8462,4.373,4.97,33.4,5.1756,4.15,156.6,2.53,178.5,4.9,98.6,1073.3,8.0233,0,8.8,0.24,1.5447,1.559,0.055,0.25,22.26,0,0,2.3,42.37,10.46,5.0759,13.66,60.9,78.38,1.307,5.41,0,0.3,0.3134,0
"Hungary",54.14,24.99,0.192,32.456,0.1782,0.0458,0.472,0.01,0.17,0.0043,9,0,9.0085,0,0,2.2887,0.008,0,0,0.565,0.0009,0.202,0.079,9.15,2,0,0,5.74,15.25,98.711,0,0.0715,0,8.25,8.011,32.16,8.32,31.08,64.2095,3.4005,73.32,91.85,3.11,4.21,0,710.614,133.0232,133.62,0,130.1947,142.46,2.09,0.585,42.49,27.19,9.754,28.967,190.3276,641.0161,15.6,15.76,6.94,0.03,0.102,0,0,0,0,0,0,0.718,9,0.087,0,10.05,0,9,0.019,0.0911,0.0434,0.1231,1.935,26.6048,0,0,0,0,0,0,1.665,0.148,0,0,0,9,1.959,2.024,0.066,0.0115,3.832,9,0,0,0,0,3.2409,9,0.669,0,19.17,34.5,0.94,5.841,1.6206,40.3,44.46,33.566,32.454,26.05,22.492,11.3414,1.7,14.7,0.2306,0,14.5489,0,9,0,1.4538,0,73.82,0.305,0,12.323,0,52.77,15.2424,0,6.54,3.48,0.0003,0.481,0,0,24.48,0,0,37.267,11.24,14.16,0.0408,0.05,29.19,1.84,9.3101,0.23,0,0,0.0378,9
