"","United States of America","Canada","Bahamas","Cuba","Haiti","Dominican Republic","Jamaica","Trinidad and Tobago","Barbados","Dominica","Grenada","St. Lucia","St. Vincent and the Grenadines","Antigua & Barbuda","St. Kitts and Nevis","Mexico","Belize","Guatemala","Honduras","El Salvador","Nicaragua","Costa Rica","Panama","Colombia","Venezuela","Guyana","Suriname","Ecuador","Peru","Brazil","Bolivia","Paraguay","Chile","Argentina","Uruguay","United Kingdom","Ireland","Netherlands","Belgium","Luxembourg","France","Monaco","Liechtenstein","Switzerland","Spain","Andorra","Portugal","Germany","Poland","Austria","Hungary","Czech Republic","Slovakia","Italy","San Marino","Malta","Albania","Macedonia","Croatia","Yugoslavia","Bosnia and Herzegovina","Slovenia","Greece","Cyprus","Bulgaria","Moldova","Romania","Russia","Estonia","Latvia","Lithuania","Ukraine","Belarus","Armenia","Georgia","Azerbaijan","Finland","Sweden","Norway","Denmark","Iceland","Cape Verde","Sao Tome and Principe","Guinea-Bissau","Equatorial Guinea","Gambia","Mali","Senegal","Benin","Mauritania","Niger","Ivory Coast","Guinea","Burkina Faso","Liberia","Sierra Leone","Ghana","Togo","Cameroon","Nigeria","Gabon","Central African Republic","Chad","Congo","Democratic Republic of the Congo","Uganda","Kenya","Tanzania","Burundi","Rwanda","Somalia","Djibouti","Ethiopia","Eritrea","Angola","Mozambique","Zambia","Zimbabwe","Malawi","South Africa","Namibia","Lesotho","Botswana","Swaziland","Madagascar","Comoros","Mauritius","Seychelles","Morocco","Algeria","Tunisia","Libya","Sudan","Iran","Turkey","Iraq","Egypt","Syria","Lebanon","Jordan","Israel","Saudi Arabia","Yemen","Kuwait","Bahrain","Qatar","United Arab Emirates","Oman","Afghanistan","Turkmenistan","Tajikistan","Kyrgyzstan","Uzbekistan","Kazakhstan","China","Mongolia","Taiwan","North Korea","South Korea","Japan","India","Bhutan","Pakistan","Bangladesh","Myanmar","Sri Lanka","Maldives","Nepal","Thailand","Cambodia","Laos","Vietnam","Malaysia","Singapore","Brunei","Philippines","Indonesia","Australia","Papua New Guinea","New Zealand","Vanuatu","Solomon Islands","Kiribati","Tuvalu","Fiji","Tonga","Nauru","Marshall Islands","Palau","Federated States of Micronesia","Samoa"
"United States of America",0,64932.75,795.79,7.48,24.5591,1346.8936,1048.0959,1266.8105,408.4844,41.8448,40.89,66.75,43.1787,92.4,28.61,7634.44,87.38,776.8932,1800.27,550.6746,137.6216,1585.702,673.6155,1624.7183,9882.8122,5.39,93.8747,1086.6484,84.2828,916.589,141.1454,93.7313,1216.3601,524.7068,33.1958,2688.621,11019.0923,10712.2324,2046.5,273.1771,6810.764,0,0,4329.0479,408.8716,0,196.2599,19781.891,692.75,1246.5913,1603.122,423.5239,63.6107,13488.186,0,87.5,6.609,65.3552,149.5506,0,34.7,4.4178,437.7918,432.2498,176.586,46.3424,64.5,3332.9775,136.46,95.321,12.3834,307.3849,13.5285,49.9005,29.1934,206.2332,2157.8374,5678.3716,3276.1677,1559.3447,13.8325,0,11.47,0.88,388.77,8.75,29.36,32.3959,28.4919,27.75,13.9205,224.624,70.5271,16.8594,4.22,25.88,14.69,3.6724,34.3491,8363.773,1652.95,1.67,144.41,468.0848,146.44,7.5329,358.9985,35.9098,1.1842,11.65,6.96,19.56,134.8385,21.8,2973.59,24.2706,0.0673,47.9241,67.92,1277.3447,216.7,223.4,22.5,57.1,254.1418,9.16,232.7128,99.1477,59.5986,1880.7346,254.3795,9.9,15.54,73.7852,9.252,6246.6602,893.2656,82.84,423.4569,154.049,5454.1001,8871.8907,111.3077,1214.43,24.9,64.6231,978.8,59.5692,5.9,159.2,2.6,23.21,105.77,14.789,80940.851,137.6301,16627.298,0.55,14060.207,65995.579,7231.6152,0.1,1850.7943,2239.3917,489.15,1834.5533,94.7465,200.6,8367.7153,1000.34,0.04,727.7,11233.095,3897.459,309.71,5362.3062,7697.4069,5458.1151,18.87,232.5012,0.28,5.24,4.7,0,177.76,3.72,4.2,0,0,0,67.51
"Canada",64932.75,0,10.6853,3.3553,16.7441,10.385,132.5544,47.085,33.7186,3.3365,1.528,6.8912,4.692,6.6517,9.4002,3892.2905,0.1413,35.5915,72.4676,4.991,0.5836,64.8169,19.1814,49.023,538.2477,142.9113,36.9334,18.228,16.9677,66.8603,12.2992,1.5922,30.3289,47.8931,79.2633,2711.1304,448.9371,137.6462,601.1202,12.0049,2050.4505,0,0,707.91,57.2889,0,101.9711,2687.5493,41.0597,325.3637,48.5853,6.8742,7.8816,1482.9818,0,1.7208,1.8936,0.2174,1.1614,0,0.1099,10.3961,14.913,0.8139,20.2745,0.8077,6.3247,14.6651,54.2068,4.4495,7.6669,21.5122,2.962,5.6108,4.2699,1.2463,325.2852,958.7162,1555.75,315.6305,18.4997,0,0.8855,0.0322,75.3836,1.8955,1.6446,16.3079,3.2223,0.875,0.3044,25.8256,17.9016,0.2664,0.3,0.6773,32.0116,23.0427,5.2951,113.0086,1.4451,0.1605,2.217,0.08,3.3637,7.5393,12.7328,21.7882,0.2719,1.0737,2.1517,0.0789,9.9027,0.0702,29.7139,9.8864,9.2619,0.216,3.3135,126.9101,0.2625,7.0034,0.7527,0.4431,1.572,0.2647,8.5895,1.1131,162.097,527.3006,36.6672,13.4756,40.5015,331.0664,95.0608,572.1022,84.832,32.0429,23.5475,14.3318,157.61,176.8919,12.044,27.4769,1.0155,12.9115,111.3476,14.787,0.1852,1.9952,0.0957,10.7021,19.5591,18.0228,4740.8554,0.4664,2513.8366,2.3009,1458.285,2735.3339,303.9772,0.0547,122.0446,58.1981,44.4513,61.2081,4.8137,8.4483,851.5614,15.6998,1.9879,111.6228,1048.6566,390.1634,1.6992,425.6035,326.3907,135.4546,3.9139,172.9184,0.0506,0.0957,0.0225,9,0.0395,0.4615,0.0334,0,0,0,0.018
"Bahamas",795.79,10.6853,0,0.2264,0.0768,0.0162,2.4772,0.5625,3.0687,0.0013,0.1076,0.0494,0.1376,0.0597,0.0101,37.6387,0.2501,3.0621,0.3899,8.5485,0,3.1353,0.3149,9.781,8.6504,0.0084,0.3171,7.4269,4.9121,9.4908,0.0589,47.0616,1.467,8.3187,0.6513,13.8395,3.3295,71.957,1.646,0.0372,74.2518,0,0,0.4129,6.9008,0,0.537,47.9661,24.6166,1.1786,0.5018,0.347,0.319,249.45,0,0.3116,0,0.1053,0.262,0,0,0.3012,11.157,0.1565,0.1442,0.0024,0.467,15.6223,2.332,0.0517,0.0267,6.2745,0.2423,0.5277,0.2804,0,0.1561,2.3907,79.5606,23.1592,1.8306,0,0,9,0,0,9,0.0043,0.026,0,9.0001,0.6312,0.001,0,0.0153,0,0,0.3056,0,0.4707,0.0028,0,0,0,0,0,0.7091,0.0054,0,0,0,0,9,0,0,0,0,0.0004,0,1.3824,0,0,0,0,0.1928,0,0.0016,0,0.2212,0.6977,0.0244,0,0,0,19.6781,0,0.0009,0,0.0731,0,2.2,22.1585,0,0,0.0407,9,0,0.0405,0,0.1,0,0,0,0.8097,41.4704,9,67.1174,0.1423,544.3975,166.5568,0.7044,0,1.8776,1.7251,0,0,9.1491,0,1.0486,0,0,0,0.5612,179.8077,0,0.8472,0.6048,3.652,9,0.8204,9,0,0,0,0,0,0,0,0,0,0.0076
"Cuba",7.48,3.3553,0.2264,0,11.4305,20.3036,3.7532,14.3602,0.0803,0,0.023,0.0665,0.0104,0,9.0002,164.8783,22.1803,0.1959,2.4543,0.6137,0.5604,7.6564,1.2029,12.967,504.9088,15.0175,0.0591,5.5823,2.7536,111.485,0.5169,0.354,39.404,50.3099,0.4482,3.7156,0.6968,206.0746,11.77,0.1868,205.2302,0,0,3.9029,495.7903,0,12.1024,69.0035,1.5511,0.9122,0.0575,4.9743,0.8872,261.5245,0,0.2381,0,0.0023,0.015,0,0,0.9834,1.5277,9.6278,6.9066,0,16.737,364.0653,0.088,0.0026,1.672,3.5124,5.6858,1.7785,0,1.2284,3.0832,22.52,1.347,13.4978,0.0245,0,0,2.9538,0,0.027,0,0.1036,0.0204,0.0212,0,0.1754,9,9,0,9,1.1629,0.049,0,0.2521,0.0015,0,0,0,9,0.2192,0,0.1263,0,0,0,0,0,0,9,0,0.022,0,0,0.7607,0,0,0,0,0.0233,9,0.1178,0,0.0941,3.3013,3.2817,16.1127,0,12.7504,4.2613,0,0.119,6.953,1.4127,0.0926,0,0.4802,0.0169,0.1515,0.9112,0.0009,0.2,0.031,0,0,0,0.07,0,6.3171,255.9026,0.0031,20.2084,0,0.0005,8.0752,0.7673,0,0,9,9,0,0,0,4.5265,9,0,48.62,1.5395,0.0623,9,0.0563,1.3516,7.6365,9,50.3158,0,0,0,0,0,0,0,0,0,0,0
"Haiti",24.5591,16.7441,0.0768,11.4305,0,5.9495,1.9125,4.7603,0.0502,0.0372,0,0.0168,0.002,0.0683,0.0181,4.6063,0,17.9646,4.0684,0.229,0.0065,5.4526,22.0953,25.8198,16.6549,0.2973,0.144,0.2049,6.1865,24.4059,0.0142,0.0317,4.2023,26.2813,5.1827,3.2332,0.4609,23.5393,1.778,0.6581,9.832,0,0,0.7206,7.2568,0,0.0793,12.8575,0.2595,1.3563,0.0115,0.0317,0.0254,2.2091,0,0.0023,0,0,0.0027,0,0,0.0584,0.3218,0.2783,0.0367,0,0.0188,0.0693,0,0.2577,0.0006,0.0301,0,9,0.0206,9,0.1738,0.8705,1.5325,1.2074,0.0189,0,0,0,0,0,9,0.0096,0,9,9.0001,0,0.001,0,0,9.2666,0,0,0.0001,0.028,0,9,0,0,0,0.0025,0,0.0007,0,9,0,9,9,0,0,0.0172,0,0.636,0,0.0978,0,0,0,0,0,9,0.0151,0,0.0019,0.0016,0,2.0782,0,0,10.2216,0,0.0117,0,0.0158,0.0002,2.9054,0.0115,0,0.0226,0.001,0,0.4441,0,0,0,9,9,0,0,14.5818,0,3.9393,0,6.0562,25.6953,4.4102,0,0.0296,0.0269,0,0,0,9,1.9397,0.0044,0,0.3081,1.0802,0.3056,0,0.5123,4.2103,1.8944,0,0.2357,9,0,0,0,0,0,0,0,0,0,9
"Dominican Republic",1346.8936,10.385,0.0162,20.3036,5.9495,0,1.5142,47.0848,1.5031,0.8008,0.0985,0.874,0.7459,0.503,0.525,413.0777,3.5147,30.9472,2.6069,15.8015,2.7247,93.2395,154.1152,92.894,832.6962,0.0715,0.2309,26.2869,12.8211,125.4841,0.3024,0.2485,31.4316,43.4665,11.8883,12.9614,0.1887,34.5908,8.7861,0.0745,34.5004,0,0,3.8325,234.0988,0,1.5519,137.0802,1.0624,2.7056,0.0439,9.1924,0.0505,75.4392,0,0.0301,0,0.0011,0.6725,0,0,0.4454,0.0359,0.1291,1.684,9.0014,0.0892,26.4984,0.13,0.0048,0.0633,5.317,2.6488,0.3023,0,0.004,2.9951,4.036,22.4466,48.6099,3.968,0,0.0782,9,0,0.0007,9,0.0021,0.0021,9,0,0.1308,0,9,0.001,0,0.0362,0.0386,0.0027,0.6392,9,0.0002,9,0.0013,0,0.0752,0.2468,1.4471,9,9,9,9,0.0359,0,9,0.0086,0,0.003,0.2953,0.2139,9.068,9,0.0563,0.1015,0.1077,9,0.0307,0,28.1238,0.0003,1.1936,0.006,0.0009,0,11.8875,0.1114,0.0476,0.0281,0.3873,0.255,8.0962,0.5412,2.7268,0.019,0,0.4559,0.4843,0.0025,0,0,0,9,0,0.0084,178.7259,0.0019,131.791,0,95.6757,356.1002,17.9077,1.5122,9.2542,0.0827,0,0.0771,9,9,14.3963,0.0007,0.1794,1.3837,1.4559,1.8619,0.3335,1.2627,16.1954,0.208,0.0004,18.6261,9,0.003,9,0,0.001,0,0.2134,0,0,0,0
"Jamaica",1048.0959,132.5544,2.4772,3.7532,1.9125,1.5142,0,337.9343,6.4023,11.5758,0.9909,2.5975,0.4495,2.9764,1.7785,124.933,0.7046,8.9603,1.4565,0.6604,0.0482,32.316,26.0807,25.8928,95.7121,26.509,6.6462,8.4831,1.7769,68.7712,0.0214,0.0117,6.008,5.3434,0.3103,66.8273,12.7128,79.2518,24.8988,0.1781,48.9491,0,0,19.4194,7.1068,0,6.3888,71.401,1.4327,1.7335,0.0894,0.3955,0.349,6.209,0,0.5708,0.004,0,0.0345,0,0,0.4949,0.0591,0.0846,0.0835,0.0366,0.245,25.0105,0.061,0.0104,0.3639,0.3041,0.023,0.0009,0.0032,0.0849,3.7766,21.657,107.0573,6.465,0.0619,0,0,0,0,0,0,0,0.0196,0,9.0299,0.1838,0,9,0,0.0004,21.5039,0.0482,0.0013,1.5909,0,0,0,0,0.0136,0.0578,0.0222,0.0095,0,9,0,0,0,0,0,0,0.0181,0.0007,0,1.4501,0,0,0,0,0.01,0,0.0008,0,0.0304,0,0.0422,0,0,0.0022,19.3474,0,0.1391,0.0591,0.0438,0.0134,5.7225,0.4055,0,0,0.0016,0,0.0826,0,0,0,0,9,0,0.0056,34.4202,0,17.2049,1.0049,14.8777,154.5529,6.3862,0,0.4812,0.0319,0.003,0.9954,0,0,14.12,0.0025,0,0.1903,2.8614,2.1969,0,2.5919,8.8299,17.284,0,17.2842,0,0,0,0,0,0,0,0,0,0,0
"Trinidad and Tobago",1266.8105,47.085,0.5625,14.3602,4.7603,47.0848,337.9343,0,150.9999,20.6512,49.9683,63.7382,31.9742,17.4742,27.6467,6.9763,7.4474,1.9749,32.7691,10.665,7.9808,6.512,0.7564,116.1506,387.8255,85.6495,21.8386,0.6229,2.5026,184.5393,0.0424,0.016,3.8919,5.3553,1.8109,81.4458,21.0057,29.6445,10.0315,1.1165,159.7246,0,0,10.3804,18.3385,0,0.0101,105.837,3.1539,8.279,0.7211,0.0322,0.6269,170.3506,0,0.3997,0.0421,0.0149,0.0396,0,0,0.0001,0.1358,0.0152,0.0594,9,3.0485,5.079,0.0138,0.063,0.0323,4.2089,0.0061,0,0.0335,0.0249,6.7082,5.403,2.3819,5.9432,0.1283,0,0,0,0,0.0305,0,0.9562,0,0,0.0353,0.3059,0,0.0628,2.8021,0.0007,0.2572,0.0193,0,2.6455,70.2475,0.0001,0,0,0,0.6576,0.0337,0.0289,9,0,0.0001,9,0,0,0.0031,0.0005,0.002,0.0136,0.0715,6.2605,0.0175,0,0.0036,0.0126,0.0032,0.0076,0.0082,0,0.484,0,0.0371,0,0,0.0411,3.0933,0,0.7919,0.3575,0.0257,0.0878,7.8864,0.0721,0.0326,0.0529,0,0.0289,0.0635,0.0152,0.0228,0,0,9,0.015,0.5611,70.791,0,22.0017,1.3001,23.2592,124.8974,16.6628,9,5.4356,0.0052,0.0006,1.0329,0.0024,0,17.7971,0.0098,0.0025,1.2744,4.4131,0.4042,0,0.9091,4.597,25.5713,0,11.3146,0,9,0,0,0,0,0,0,0,0,0
"Barbados",408.4844,33.7186,3.0687,0.0803,0.0502,1.5031,6.4023,150.9999,0,1.719,6.6085,8.5587,3.7882,6.013,5.8335,10.9914,1.9469,28.2939,25.5386,0.2104,0.0032,1.9686,1.0883,4.3494,3.2824,3.2473,5.9723,0.5173,0.3033,5.4978,0.1014,0,0.6957,0.7881,0.0495,28.3089,2.5678,8.4146,3.0495,0.03,3.812,0,0,5.6723,6.432,0,1.5202,15.4453,0.1314,0.827,0.099,0.7205,0.0274,10.4492,0,0.0231,0.0073,0.0001,0.0142,0,0.0002,0.0145,0.2531,0.1995,0.0866,0.0017,0.0343,0.0294,0.002,0.0022,0.0009,0.335,0.0004,0.0001,0.0196,0,1.0573,12.3854,2.3512,5.7543,0.0281,0,0.0907,0,0,0.0065,0.0007,0.0121,0,0.0071,0.111,0.0134,0.0328,9,0.0435,0.073,0.0086,0,0.0184,0.3533,0.0066,0.0007,0,0.0001,0,0.0003,0.0035,0,0,0.0077,0,0,0.0005,9,0,0.0418,0.0005,0.0086,0.0245,0.6374,0.0521,0.0017,0,0.1738,0.0085,0,0.0085,0,0.0386,0.0111,0.0431,0,0.0067,0.0468,1.3327,0,0.0245,0.0058,0.0601,0.0084,6.0634,0.4448,0,0,0.0448,0.0002,0.1811,0.0024,0.0001,0.0281,9,0,0.0037,0.0019,24.5443,0.0049,6.7288,0.002,5.9514,44.2885,1.8294,0.0006,0.2695,0.0528,0,0.9212,9,0.0205,3.0738,0.0196,0.0174,0.2409,2.2142,0.6618,0,0.7543,1.837,3.2783,0.0028,10.6035,0.0011,0,0.269,0,0.0003,0,0,0,0,0,0.0048
"Dominica",41.8448,3.3365,0.0013,0,0.0372,0.8008,11.5758,20.6512,1.719,0,1.5587,0.4436,0.6622,3.2159,1.1595,0.763,0.0211,1.055,0.0356,0.0011,0,0.7578,1.2107,0.479,2.0334,1.7014,0.1915,0.0702,0.115,0.9116,0,0,0.0548,0.07,0.0021,4.0961,0.2401,2.0796,0.0881,0,1.0481,0,0,0.14,0.1148,0,0.0183,0.6206,0.079,0.0242,0.0539,0.0578,0.0096,0.0916,0,0,0,0,0.033,0,0,0.0006,0.0052,0.0347,0.0004,9.0029,0.1,0.0017,0.01,0.3981,0,1.9884,0,0.144,0,0,0.0052,0.2,0.6319,0.2104,0.005,0,0,0,0,0,9,0,0,0,0,0.0211,0,0,9,9,0.0063,9.0007,0,0,0,0,0,0,0,0.2017,0,0.0104,0,0,0,0,0,0,0,0,0.0199,0.2312,0,0.2878,0,0,0,0,0,0,0.0001,0,0,0,0.0271,0,0,0,0.0027,0,0.0924,0,0.2615,0,0.0041,0.2212,0,9,9.0009,0,0,0,9,9,9,9,0,0.4969,0.2937,0,0.8185,0.0352,0.7881,5.5,0.1683,0,0.0152,0.0093,0,0.0398,9,0,0.135,9,0,0,0.0714,0.003,0,0.0313,0.6145,0.0839,0,0.0038,9,0,0,0,0,0,0,0,0,0,9
"Grenada",40.89,1.528,0.1076,0.023,0,0.0985,0.9909,49.9683,6.6085,1.5587,0,0.962,0.76,1.6454,1.3858,0,0.0025,0.0452,0,0,0,0.1105,0,0.2821,1.9954,2.4811,0.0077,0,0.0097,1.5719,0,0,0.154,0.8486,0.0568,9.8265,0.2549,3.6073,0.143,0.0242,13.6489,0,0,0.2177,1.0659,0,0.0199,6.0998,0.0201,0.0419,0.104,0.723,0.003,0.4978,0,0,0,0.0002,0.216,0,0,2.022,0.0465,0.0034,0,9.0095,0.0091,0.008,0.05,0,0.002,0.0159,0.0178,9,0,0.0001,0.211,0.1223,1.9908,0.9648,0.0396,0,9,0,0,0,9,0,0,0,0,0,0,0,9,9,0,0.0401,0,6.3828,9,0,9,0,0,0.0372,0,0.0324,9,9,0,0,0,0,9,9,0,0,9,0.1173,9,9,0,0,0.0405,0,0,9,0,0,0.0211,0,9,9,0.0106,9,0,0,0,0,0,0,0,9,9,0,9,0,9,0,0,9,0,0,0.5238,0,0.4521,9,0.8017,6.7605,0.3934,9,0,2.3593,0,0,9,0,0.3506,9,9,0,0.0738,0,9,0.0407,0.3907,0.732,0,1.7556,0,9,0,0,0,0,0,0,0,0,9
"St. Lucia",66.75,6.8912,0.0494,0.0665,0.0168,0.874,2.5975,63.7382,8.5587,0.4436,0.962,0,3.1172,1.5252,0.486,0,0.1274,0.011,0,0,0,0.3179,0.9339,2.0069,57.1615,3.8686,0.0933,0,0.088,193.1149,0,0,0.363,0.0325,0,3.1613,0.3825,1.4829,1.002,0.0235,13.2425,0,0,0.4365,0.3742,0,0.0395,4.8764,0.0219,0.5518,0,0,0.0108,1.5972,0,0,0,0,0,0,0,0.0032,0.1223,0.0016,0,0,0,0,0,0,0,0.0046,0,0,0,0,0.7586,0.2738,0.3993,0.6885,0,0,0.0044,0,0,0.0083,0.0014,0,9,0,0,0.0001,0,0,0,0,0,0,0,0.0114,0.0177,0,0,0,0,0.0004,0,0.0016,0,0.0003,0,0,0,0,0,0,0,0,0,0.1277,0,0,0.0004,0.0947,0,0,0,0,0,0,0.0003,0,0.0351,0.0096,0.034,0,0,0,0,0.2354,0.0419,0.0021,0,0,0,0,0.1611,0,0,0,0,0,0,0,4.2541,0,0.4466,0.5353,0.5312,10.3954,0.4032,0,0.7812,0.0323,0,0,9,0,1.1517,0,0,0,0.1277,0,0,0,0.2038,1.1135,0,1.4062,0,0,0,0,0,0,0,0,0.0006,0,0
"St. Vincent and the Grenadines",43.1787,4.692,0.1376,0.0104,0.002,0.7459,0.4495,31.9742,3.7882,0.6622,0.76,3.1172,0,2.3619,1.6258,0.9427,0.0742,0.4496,0.564,0.0029,0,0.1076,1.5443,0.5404,0.0767,1.8699,0.029,0.0064,0.0559,1.9986,0.0505,0,0.0493,0.1056,0.5673,1.3907,0.7905,1.2298,11.6026,0,75.6453,0,0,1.0969,5.9852,0,0.0516,0.1474,3.7827,0.0431,0.0463,0,0,1.1535,0,0,0,0,0.6959,0,0,0.1404,18.4076,0.0064,0.0005,0,0.025,0.0064,1.8,0.0382,0.0206,0.006,0,0,9,0,0.0508,0.0222,0.4075,0.4622,0.0048,0,0,9,0,0,0,0,0,0,0,4.1795,0,0,0,0.0106,0,0,0.0001,0.0063,0,9,0.0009,0,0,0.0368,0,0,0,0,0,0,9,0,9,9,0,0,0.0068,0.2467,0,0,9,0.0011,0.0031,0,0.0094,9,0.0123,1.0661,0.0082,0,0,0,0.0728,0,0.0098,0.002,0.0127,0.0191,0.0289,0.0008,0,0,0,0,0,0,0.0477,0,0,0,0,9,1.5327,0,0.6045,0.0325,0.2397,6.0788,0.1831,9,0.0079,0.0002,0,0.0296,0,0,0.1444,0,0,0.0506,0.1981,0.0944,0,0.0035,0.2398,1.7442,0,0.6346,0,9,0,0,9,0,9.0019,0,0,0,0
"Antigua & Barbuda",92.4,6.6517,0.0597,0,0.0683,0.503,2.9764,17.4742,6.013,3.2159,1.6454,1.5252,2.3619,0,0.8843,0,0.2202,0.0607,0.01,0,0,0.1386,0,0.1463,5.1903,3.294,0.1181,0,0.0367,1.1654,0,9,0.15,0.1207,9.0071,20.1209,0.2721,1.9639,0.86,0.0013,1.9973,0,0,2.832,13.5166,0,2.0774,162.454,52.1898,3.997,0.022,0,0.0201,4.3342,0,0.0024,0,0,0.0021,0,0,0,0.0843,0.0109,0.132,0,0,0,0.51,0.0032,0.3448,0.0025,0,9,0,0,0.5663,1.055,0.8157,1.4779,0,0,0,0,0,0,0,0,0,0,0,1.665,0.0118,9,0,9,0.0103,0,0,0.2803,0,0,0,0,0,0.0178,0,0.0303,0,0,0,0,0,0,0,0,0.2121,0.0737,0,0.3552,0,0,0,0,0.0106,0,0.0002,0,11.2542,0.0086,0.4377,0,0,0,0.082,0,0.0005,0,0.0005,0,0,0.1427,0,0,9.0035,0,0,0,0,0,0,0,0,0.0141,1.196,0,0,0,30.9842,0,0.2107,0,0,0.2041,0,0,9,0,0,0,0,0,0.2731,43.8555,0,0.7173,0.7758,0.4989,0,0.2808,0,0,0,0,0,0,0,0,0,0,0
"St. Kitts and Nevis",28.61,9.4002,0.0101,9.0002,0.0181,0.525,1.7785,27.6467,5.8335,1.1595,1.3858,0.486,1.6258,0.8843,0,0,0.0065,0.0167,0.021,0,9,0.0516,10.0455,0.8605,0,0.1419,0,0,0.0124,0.1278,0.0394,9,0,0.1878,0,3.5092,0.1514,0.3362,1.089,0,2.4669,0,0,0.1762,0.8246,0,0.0673,0.1731,0.0234,0.4318,0.155,0,0.0008,0.4194,0,0,0,0,0.0078,0,0,0,0.0101,0,0,0,0,1.5544,0.022,0,0,0.0757,0.0038,0.0162,0.0355,0.9071,0.023,0.0335,0.3101,0.6236,0.0005,0,0,0,0,0,0,9,9.0102,0,0,0.475,0,0,0,0,9,9,9,0,9,9,9.001,9.0001,0,0,0,0.0165,9,9,0,0,0,0,0,0,0.0001,0.2247,0,0.1143,0.0023,0,0,9.0026,0.0041,0,0.0002,0,0,0.0295,9,0,0,9.0018,0.0736,0,0,0,0.1823,9.0007,0.0788,9,0,0,9,9.0165,9.0011,0,9.0195,0.2,0,9.07,0,0.4335,0.2035,0,0.0004,9.2278,0.134,3.8051,0.0083,0,9.0108,0,0,0,0,0,9.0874,9,9.0003,0,0.0074,0.0338,0,0,0.3971,0.1896,0,0.0523,9,0,0,0,9,0,0,0,9,0,0
"Mexico",7634.44,3892.2905,37.6387,164.8783,4.6063,413.0777,124.933,6.9763,10.9914,0.763,0,0,0.9427,0,0,0,37.8492,489.8174,133.8321,280.9003,96.0867,162.758,69.6136,217.3328,281.4563,0,3.2959,35.371,134.0631,1546.576,22.3792,17.1115,540.0286,48.136,55.9282,466.9988,431.7953,146.2012,4.43,16.1558,1173.6815,0,0,738.7099,604.2024,0,17.3602,5297.1403,92.3014,122.6763,1.2506,26.1336,13.4368,2027.4086,0,0,0.0284,1.5633,0.6144,0,0,0.7705,13.7175,3.3058,13.5029,0.11,18.8983,217.4096,4.17,0.2978,0.853,128.1971,3.2204,0.0028,0.0009,2.3075,252.6473,860.6652,114.552,131.2893,1.6919,0,0,0,0,0,0,0.2557,0.0503,0,0.0221,52.9422,0.0297,0,0.8964,0,0,0.003,4.4582,21.1861,0,0,0,2.6204,0,0.1765,5.6961,0.0732,0,0,0,0,0.1127,0,0,0.0122,0.0807,0.0814,0,22.8688,9,0,0,0,0.0472,0,0.3234,0,79.6048,53.8418,5.5884,7.1826,0,10.2189,59.8847,0,12.8084,0,12.1557,1.4283,269.9751,48.3311,2.7223,10.4086,0,17.518,0,2.6245,0,0,9,0.01,0,4.603,3876.3916,1.0883,3144.9858,0,3728.11,6886.7108,367.6063,0,46.8924,1.2435,0,43.8974,0.0593,0.2,549.9684,0.9872,0,38.316,2048.138,909.7367,0,871.8034,478.4985,32.7936,0,215.4704,0,0,0,0,0,0,0,0,0,0,0
"Belize",87.38,0.1413,0.2501,22.1803,0,3.5147,0.7046,7.4474,1.9469,0.0211,0.0025,0.1274,0.0742,0.2202,0.0065,37.8492,0,13.502,2.5487,7.4847,0,0.4448,0.5028,0.3857,0.1727,0.1367,0.0067,0.0443,0.0371,3.2733,0,0.9606,0.22,1.5604,0.1614,28.2384,2.0974,4.5734,0.297,0.0006,2.3552,0,0,0.1527,0.4258,0,1.9052,18.1151,0.3012,0.9708,0.0376,1.6195,0.2336,1.0346,0,0,0,0,0.0439,0,0,0.0002,2.0435,0.0264,0.0786,9.0003,0.143,1.5744,0.364,0.3427,0.035,0.4227,0,0.0106,0,0,0.0438,1.0885,0.1345,2.3802,0.0432,0,0,0,0,0,0,0,0,0,0,0.056,0,0,0,0,0,0,0,0.5485,0,9,0,0,0,0,0.011,0.1916,0,0,0,9,0,0,0,0,0.0482,0,0,0.0924,0,0,0,0,0,0,0.1412,9,0.0184,0.0071,0.0007,0,9,0,0.4912,0,0.0567,0,0.0058,0,0,0,0,0,0,0,0,0.0263,0,0,0,9,0,0.0191,8.2397,0,5.3907,0,3.2332,7.4861,0.2102,0,0.0404,0.7407,9,0,0,0,1.7458,0,0,0,0.3632,0,0.0001,2.8961,3.0736,0.3029,0,0.2192,0,0,0,0,0,0,0,0,0,0,9
"Guatemala",776.8932,35.5915,3.0621,0.1959,17.9646,30.9472,8.9603,1.9749,28.2939,1.055,0.0452,0.011,0.4496,0.0607,0.0167,489.8174,13.502,0,100.2864,50.1707,99.644,94.1363,11.5776,87.0211,261.01,0.2941,0.451,33.543,6.3712,83.4772,0.0777,0.4955,38.6784,52.6219,2.649,20.3576,7.7652,39.1947,4.6729,0.269,16.1927,0,0,37.8592,48.5483,0,0.1839,72.5642,0.633,6.6721,0.0764,1.9233,0.7041,27.6642,0,3.871,0.0012,0.0296,0.7108,0,0.001,0.2242,0.1944,0.0118,0.8183,0.0006,0.117,1.0895,0.1562,2.8353,1.7938,24.1579,2.4,0,0.0001,0.0756,4.9066,11.4497,4.0351,6.1472,0.1384,0,0.0013,0,0,0.0048,0.5755,0.0023,0.0657,0,0,0.2782,0.0003,0,0,2.1432,0.0049,0.4757,0.1437,0.3833,0.2959,0.0189,0,0,0.0328,0.0411,0.0078,0.0057,0,0,0,0,0.0275,0,0.0037,0,0.0009,0.068,0.1796,0.3817,0,0,0,0.4191,0.02,0,0.0077,0,0.2841,0.326,0.9558,0.0798,0.12,0.0752,6.2601,0,0.924,5.186,1.4448,1.6396,14.3985,57.5943,0.08,3.1852,0.5439,0.7444,9.1991,1.0698,0.0627,9,0,0.0198,0.0008,27.2063,147.2602,0.0148,53.4668,12.0903,72.2267,217.5715,14.4893,9,0.0393,0.1182,0.0074,0.7693,9,0.0004,14.2671,0.0028,0,0.3825,2.7349,8.6287,0,1.1537,9.1353,5.2071,0,25.4556,0,0,0,0,0,0,0,0,0,0,0.0016
"Honduras",1800.27,72.4676,0.3899,2.4543,4.0684,2.6069,1.4565,32.7691,25.5386,0.0356,0,0,0.564,0.01,0.021,133.8321,2.5487,100.2864,0,13.892,7.9843,74.4749,124.7822,29.0312,13.3543,0,0,13.0503,8.1861,32.2489,0.0464,0.09,17.28,8.5711,9.4115,34.8793,19.3073,9.8199,21.05,0.1,13.5034,0,0,1.7833,27.6102,0,2.2829,33.772,21.6486,1.6666,0.214,1.9166,1.7494,0.6849,0,0.02,0.003,0.0204,0.3184,0,0,0.0964,0.1488,0.0824,0.93,0.0635,0.79,9.7406,0.04,0.5017,0.0083,0.9244,4.2849,0,0.1473,0.1107,3.0888,4.5444,2.6095,2.1831,0.0089,0,9,0,0,0,0,0.0003,0.0173,0.02,0,1.0551,0,0,2.22,0,1.22,0.0034,0.07,0.58,0,0,0,0.4271,0,0,0,0.0059,0,9,0,9,0.0102,9,0,0.02,0.046,0,0,0.3497,9,0,0,0,0.0572,9,0.0001,0,0.1724,0.2883,0.0261,0,0,0.08,0.1039,0,0.1567,0.1975,0.226,0.008,2.14,2.0205,0.01,0,0.0311,0,0.5125,0.0291,0.06,0,9,0,0,0.0004,31.9624,0,16.3667,4.5281,4.0827,63.7071,6.8346,0.0443,0.4393,0.1862,0,0.28,9,0,2.9754,9,0,68.2516,2.2582,0.342,0,0.7307,3.0996,3.6411,0,11.4866,0,0,9,0,0,9,9,0,0,0,9
"El Salvador",550.6746,4.991,8.5485,0.6137,0.229,15.8015,0.6604,10.665,0.2104,0.0011,0,0,0.0029,0,0,280.9003,7.4847,50.1707,13.892,0,16.8174,85.2455,108.7539,33.8865,74.9034,0.0022,0.0282,112.3768,12.9666,52.4237,0.052,0.0422,13.3746,11.4143,1.2766,3.7806,1.294,9.6642,8.99,0.1687,21.5686,0,0,22.8738,48.6744,0,2.2607,34.9577,0.4269,8.5412,0.1603,24.4694,0.0459,38.6481,0,0.0039,0.0131,0,0.0901,0,0,0.2032,0.5307,0.0016,0.5177,0,0.2863,17.4834,0.83,0.0828,0.0245,5.9942,21.8272,0,0,9,27.1288,18.9156,0.6026,6.0084,0.0002,0,9,0,9,0,0,0,0.1849,0,0.0189,0.0119,0.0082,9,9,9,0,0,0.0264,0.1854,0,0,9,9,0,0.0285,0.038,0.0001,9,9,9,0,9,0,0.0611,0,0,0,0,2.3249,0,0,0,0,0,0,0.0006,0,0.0597,0.0391,0,0,0,0.0324,2.9742,0.0378,0.0268,0,0.0351,0.09,1.6465,13.0329,0,0.0793,0,0,0,0,0.1531,9,0,9,0,6.9978,77.0476,0,0,0,41.9807,112.5879,3.4977,9,0.8536,0.3939,9,0.4131,0,9,8.715,0.0136,0,0.0519,3.3,3.2405,0,0.3844,3.9312,5.8827,0,15.3348,9,0,0,0,0,0,0,0,0,0,9
"Nicaragua",137.6216,0.5836,0,0.5604,0.0065,2.7247,0.0482,7.9808,0.0032,0,0,0,0,0,9,96.0867,0,99.644,7.9843,16.8174,0,120.5255,25.0042,7.8099,194.0582,0,0.101,15.4761,1.8762,12.9812,0.0774,0.0541,7.0014,5.5198,1.3611,7.6916,1.2995,8.8574,2.8387,0.7033,0.2164,0,0,3.7128,14.959,0,0.422,1.773,0.139,0.3886,0.264,0.4811,0.0354,5.4059,0,0,0,0.0007,0.0238,0,0,0.0328,0.0554,0.0016,0.023,0,0.1,34.5329,0.03,0.6147,0.168,2.7885,11.8533,0.3945,9,0,2.457,2.5094,0.2934,0.3965,0.0058,0,0,0,0,0,9,0,0,0,0,0,9,9,9,0,0,0,0,0.0046,9,0,9,0,0,0.0265,0.0315,0.0593,9,0,0,0,0,0,9,0,0.0682,0,9,1.5679,0,0,0,0,0,9,0,9,0.3233,0.1747,0,0,0,0,1.5031,9,0,0,0.0074,0.0142,2.1,0.1859,0,9,0,0,0,0.0052,0,0,9,0,0,3.227,48.1463,9,19.4201,0,59.3149,80.8032,5.0188,9,1.6791,0.0474,0,0,9,0,4.7228,0,9,0,0.3572,0,0,0.0203,21.2767,2.4486,9,0.6625,0,0,0,0,0,9,0,0,0,0,9
"Costa Rica",1585.702,64.8169,3.1353,7.6564,5.4526,93.2395,32.316,6.512,1.9686,0.7578,0.1105,0.3179,0.1076,0.1386,0.0516,162.758,0.4448,94.1363,74.4749,85.2455,120.5255,0,0.3598,128.517,255.8266,1.4068,0.3253,4.2722,3.0243,64.8143,0.369,0.0708,52.5995,22.1225,2.8308,149.6432,8.029,867.2231,170.83,0.2048,32.0448,0,0,9.9053,45.2794,0,38.5157,142.5243,21.4351,6.4494,1.7707,33.7387,2.2024,18.3998,0,0.0514,0.0399,0.04,1.9219,0,0.0001,1.5957,0.7336,0.1142,0.5173,0.0748,1.1294,11.9973,0.63,3.289,1.0934,4.722,3.2174,0.0004,0,0.0151,11.7386,29.1296,11.234,12.2588,0.9025,0,0.0452,9,0.1518,9.0003,0,0.0052,0.2586,0,0.0014,0.0065,0.0021,0,0.0015,0.0214,0.0028,0,1.5003,0.0715,0,0.0115,0,0.0339,0,0.0501,0.0522,0.0055,0,0,0,0,0.005,0,0.004,0.0103,0.0023,0.0044,0.266,7.284,0.155,0,0,0,0.0019,0.005,0.0031,0,0.3359,1.0297,0.3541,0,0,0.0267,9.3068,0,0.258,0.0126,0.8833,0.0698,14.4362,5.8406,0.001,0.0522,0.1688,0.0876,0.3703,0.1762,1.0613,9,9,0.01,0.0004,0.0744,46.4345,0,11.3074,132.0484,30.6847,45.0728,7.3585,9,0.9441,0.3701,0.3083,0.3199,0,0.0035,7.3721,0.0011,0.002,0.4202,56.1332,16.1708,9,50.2473,5.3815,3.8939,0.0033,1.0715,3.4536,0.0808,0.0199,9,0,0,0,0,0,0,0
"Panama",673.6155,19.1814,0.3149,1.2029,22.0953,154.1152,26.0807,0.7564,1.0883,1.2107,0,0.9339,1.5443,0,10.0455,69.6136,0.5028,11.5776,124.7822,108.7539,25.0042,0.3598,0,110.2493,297.3496,0.1456,2.273,17.9525,6.4311,6.9884,6.844,2.2471,15.0827,10.593,2.6804,6.229,5.9842,7.7037,1.81,1.7679,19.3954,0,0,16.8895,21.5254,0,12.8163,36.6758,43.793,1.2824,0.5005,11.2094,6.5305,31.2304,0,0,0.3012,0.3621,0.4342,0,9,0.3075,60.9252,0.0366,0.7343,0.0332,0.7692,170.9758,7.7,1.9461,0.9968,2.2166,0.097,19.2966,0,0,0.8011,41.3175,2.2343,70.5997,2.459,0,9,9,9,0,0,0,0.0066,0.1052,0,123.4412,0,9,9,0,0.5133,0.0092,1.5115,8.4632,0,9,0,0.7115,0,0.0442,0.0143,0.0384,9,0,9,0,0,0,0,0,0.0008,0.0417,0,0.1886,0,0,0,0,0.4321,0,0.4749,0,2.9265,0.3146,0.7703,0,0,0.0571,3.9454,0,0.0075,0,0.103,0.2386,4.909,9.1739,0.0263,0,0,0.256,0.6677,0.1729,0,0.1,0,0,0,12.0156,25.3706,0.0007,12.7255,0,87.1038,73.227,5.6661,9,0.113,0.5028,9,0.1572,0.043,9,1.7674,0.0894,9,6.5231,1.2752,1.6331,0,2.147,54.9046,0.1907,0,14.0457,9,0,0,0,0,0,0,0,0,0,0
"Colombia",1624.7183,49.023,9.781,12.967,25.8198,92.894,25.8928,116.1506,4.3494,0.479,0.2821,2.0069,0.5404,0.1463,0.8605,217.3328,0.3857,87.0211,29.0312,33.8865,7.8099,128.517,110.2493,0,800.1279,1.9293,1.9964,420.5491,236.2752,375.2319,83.3277,42.3411,73.2861,152.3987,17.6981,281.8735,37.2335,192.6167,143.5993,0.8456,207.1108,0,0,84.8797,77.931,0,69.0144,78.1388,11.9018,25.0919,6.0557,19.9715,1.2698,133.7298,0,0.0241,0.7152,2.6134,5.194,0,0.5587,0.2288,10.8183,0.2847,2.492,0.0648,5.3235,14.8629,1.4093,0.1085,1.3865,20.1832,6.6663,0.0512,0.0181,0.0014,0.8734,100.0833,10.2706,0.9329,0.0967,0,0.0182,0,0.0124,0.0421,0,0.6092,0.3752,0.006,0.0008,0.4218,0.3535,15.3352,0.7622,0.033,0.041,6.3175,0.5307,7.9137,0.0067,0.0051,0,0.295,0.0123,2.4122,3.1676,0.1602,0.0018,0,0.0022,0,0.055,0.1449,0.2941,0.0191,0.0429,0.4161,0.0039,19.0756,0,0,0.0165,0.0039,0.0715,0.0015,0.1196,0.0156,0.934,9.3126,1.3793,0,0.0881,0.1087,11.0907,0.0739,1.1331,0.6467,2.4493,0.4119,28.2638,5.3562,0.0092,0.8371,2.3705,0.2316,1.35,0.03,0.3071,0.0001,0,0.0275,0,0.3016,480.4928,0.0312,142.1991,5.7414,223.9994,362.6183,61.8658,0.0273,12.6046,0.2964,0.116,2.6571,0.0044,0.0076,46.5621,0.0257,0.0233,5.2707,31.9115,22.143,0.0778,0.2718,60.7757,9.3491,0.0646,9.9383,0.0081,0,0,0.0112,0.4547,0,0.0002,0,0.0008,0,0.0048
"Venezuela",9882.8122,538.2477,8.6504,504.9088,16.6549,832.6962,95.7121,387.8255,3.2824,2.0334,1.9954,57.1615,0.0767,5.1903,0,281.4563,0.1727,261.01,13.3543,74.9034,194.0582,255.8266,297.3496,800.1279,0,6.0236,0.1338,85.4537,231.0747,254.584,91.8377,5.6414,133.7717,273.7618,66.9255,131.0328,27.1817,0.0354,19.1378,1.4031,39.2988,0,0,131.7421,88.3569,0,124.9786,294.1017,9.8037,23.3064,1.3963,5.3051,0.2768,258.4576,0,0.2486,0.0106,0.0355,3.1202,0,0,2.0866,3.3282,2.4859,4.2954,0,10.9398,27.3903,0.7282,0.0175,0.8084,10.6655,4.7799,0,0,0.0712,78.7062,74.3163,18.6246,27.1146,10.7966,0,9,0,0,0,0,2.1481,0.5086,0,0,21.6435,0.051,0,0.0715,0,15.3978,0.7182,3.0619,209.4894,0,0,0,0.0082,0,0.8762,0.8722,0.9993,9,0,0,0,0,0,0.011,0.0022,0,0.0126,0,21.3142,0.022,0,0,0,0.0041,0,0.0047,0,4.1487,1.5114,1.059,1.8612,0,0.2362,11.5085,46.1791,1.4353,1.3838,0.3462,0.0337,24.4408,1.9843,0.0001,0.0176,0.0297,4.3943,0.3171,0.1533,0.0088,0,8.3,0,0,0.2059,501.8498,9,0,2.1604,512.4278,537.7849,50.5532,0,6.8738,0.04,0,0.3632,0,9,8.9209,0.0088,0,4.5081,4.5471,78.4967,0,1.938,21.4633,7.9755,4.3956,56.37,0,0,0,0,0,0,0,0,0,0,0
"Guyana",5.39,142.9113,0.0084,15.0175,0.2973,0.0715,26.509,85.6495,3.2473,1.7014,2.4811,3.8686,1.8699,3.294,0.1419,0,0.1367,0.2941,0,0.0022,0,1.4068,0.1456,1.9293,6.0236,0,1.5911,0.392,0.804,6.7573,0.018,0,102.785,0.0936,0,51.6601,0.5612,0.3186,35.209,2.3361,0.0189,0,0,0.3017,0.8091,0,21.8551,0.6768,0.215,0.364,0.004,0.0868,0.0065,2.6229,0,0.1004,0,0,0.0149,0,0,0.0043,0.0554,0.0689,0.003,9.0011,5.756,0.1612,0.044,0,0.0388,14.5453,0,0,9,9,7.2216,1.0769,0,0.8146,0,0,0,0,0,0,9,0,0.0921,9,0,0,9.0046,9,0,0,0.2622,0.1741,0,0.3961,0,0,0,0,0,0.0063,0.011,0.0948,9,0,0,0,0,0,0,0,0,0,0,0.3187,0.3571,0,0,0,0.0264,0,0.0013,0,0.089,0.0006,0.112,0,0.0053,0,2.8784,0,0.0368,0,0.0091,0,0.1,0.0223,0,0,0.0005,0,0,0.0217,9,0,0,0,0,0.0194,11.5254,0,1.3772,5.2903,0.8553,9.7384,2.365,0,0.0478,0,0,0,0,0,2.3272,9,0,0,0.0821,1.3093,0,0.0292,1.0037,0.7368,0.0048,3.4293,0,0,0,0,0,0,0,0,0,0,0
"Suriname",93.8747,36.9334,0.3171,0.0591,0.144,0.2309,6.6462,21.8386,5.9723,0.1915,0.0077,0.0933,0.029,0.1181,0,3.2959,0.0067,0.451,0,0.0282,0.101,0.3253,2.273,1.9964,0.1338,1.5911,0,0.0103,0.0327,3.258,0.0071,0.0184,0.116,4.5851,0.0045,30.4313,0.1774,1.3152,1.9843,0.0096,54.8923,0,0,0.3066,0.2114,0,3.6497,1.3709,1.1167,0.019,0.0336,0.0236,0.0409,0.4009,0,0.0033,0,0,0.0588,0,0,0.0222,0.003,0.0664,0.0898,9,0,0.0041,0,0,0.0124,0.0035,0,0,9,0.0065,0.0117,0.1384,90.2705,0.3459,35.493,0,0,0.147,0,0,0,0.0061,0.0114,9,0,0.0121,0,9,0.0073,0.0563,0.0002,0.0041,2.8551,0.5882,0,0,0,0,0,0.0015,9,0.4993,0,0,0,0,9,0,0,0.0173,0,0.0214,0,0,0.0467,0,0,0,0.1286,0,0.0003,0,0.1159,0.0413,0.0325,0,0.0079,0,0.3422,9,0.0084,0,0.078,0,0.0219,0.107,0,9.0026,0,0,0.0006,0.002,9,0,0,0,0,0.0018,1.6342,0,0.8477,0.7774,0.0384,6.2363,0.3254,9,0.078,0,0,0.0551,9,0,0.9316,0,0,0,0.1907,0.392,9,0.0131,0.6635,0.069,0,0.0106,9,0,0,0,0,0,0,0,0,0,0
"Ecuador",1086.6484,18.228,7.4269,5.5823,0.2049,26.2869,8.4831,0.6229,0.5173,0.0702,0,0,0.0064,0,0,35.371,0.0443,33.543,13.0503,112.3768,15.4761,4.2722,17.9525,420.5491,85.4537,0.392,0.0103,0,274.6357,158.0962,0.5183,2.2803,117.8013,32.4349,5.4126,6.14,1.3674,54.896,18.329,3.5283,1.485,0,0,8.3075,0.6082,0,29.6748,106.9274,85.1066,0.3306,4.4833,16.8161,8.8579,100.2787,0,0.0433,4.6263,0.563,13.7517,0,0,5.6762,5.2856,0.0762,3.5676,0.47,14.8811,123.1777,2.6344,0.4634,13.083,13.0256,2.1664,0.0081,0.5559,0.8262,0.4467,15.2224,1.5898,2.7348,0.5112,0,0,0,0,0,0,0.0479,0.0005,0,0.001,0.0968,0,0,0.0381,0,0.0188,1.0383,2.8518,0.5618,0.0027,0.0767,0.0219,7.1928,0,0.0119,0.0122,2.4997,9.0191,0,0,0,0,0,0.014,0.0015,0.0178,0.0062,0,0.1763,0,0,0,0,0.0504,0,0.0078,0,0.042,3.3819,3.1889,0.0067,0,0.2715,4.5067,1.307,1.6138,0.9323,0.3899,1.0787,4.2362,15.8374,0.0064,0.0887,0.0096,0.0566,0.9,0.5016,1.089,0,0,0.2,0,1.1775,136.4175,9,36.9807,1.6754,173.1904,100.431,6.4806,0,2.0998,0,9.0035,1.3683,0,0,13.6248,0.0209,0.0331,1.3516,9.4232,11.2993,0.0894,0.2559,5.8395,5.2178,0,28.8051,0.0853,0,0,0,0.0071,9,0,0,0,0,4.9884
"Peru",84.2828,16.9677,4.9121,2.7536,6.1865,12.8211,1.7769,2.5026,0.3033,0.115,0.0097,0.088,0.0559,0.0367,0.0124,134.0631,0.0371,6.3712,8.1861,12.9666,1.8762,3.0243,6.4311,236.2752,231.0747,0.804,0.0327,274.6357,0,90.1312,45.0994,42.3963,231.6305,423.0553,18.1082,141.4105,12.7602,60.4235,24.7,0.1068,33.8877,0,0,54.3324,48.4464,0,0.843,13.4888,14.9296,16.0828,12.9841,3.6389,7.8773,9.3216,0,0.0476,0.0389,0.8885,6.1345,0,0.0156,0.8947,6.0016,1.1468,0.1009,0.0006,4.3394,4.9064,1.5484,16.6207,6.9396,10.2443,4.6525,0.0012,0.0047,0.0073,31.6081,49.9873,31.3385,2.9072,0.063,0,0,0.0033,0.0011,0.0144,0.5005,0.0025,1.7734,0.0104,0.018,0.5058,0.0135,0.343,0.0323,0.0317,0.7303,0.0119,1.7319,125.8001,0.0992,0.0003,0,0.028,0.0406,0.0008,0.1899,0.0242,0.0006,0.0002,0.0003,0.0961,0,0,0.0267,0.0552,0.0025,0.1517,0.3796,17.9679,0.0004,0.0001,0,0.1457,0.584,0.0016,0.7683,0.0815,0.9251,3.6286,0.0981,0,4.21,21.9046,7.3019,0.0122,0.6039,1.1903,1.5126,0.6697,11.0913,8.086,0.0003,0.6039,0.0007,1.0518,16.0225,6.6415,0.0683,0.0098,0.0002,0.049,0.0138,17.496,98.0139,0.0007,33.7142,10.2023,152.907,5.5055,18.3752,0.0607,2.6407,0.4696,0.0072,2.5783,0.0036,1.0284,68.8048,0.0046,0.0654,4.6704,20.0126,17.3201,0.0187,12.2583,1.2616,9.5709,0.118,35.2555,0,0,0.1632,0.0001,0.223,0.0546,0.0025,0,0,0,0.9096
"Brazil",916.589,66.8603,9.4908,111.485,24.4059,125.4841,68.7712,184.5393,5.4978,0.9116,1.5719,193.1149,1.9986,1.1654,0.1278,1546.576,3.2733,83.4772,32.2489,52.4237,12.9812,64.8143,6.9884,375.2319,254.584,6.7573,3.258,158.0962,90.1312,0,5.3151,289.7188,543.6607,1597.3116,72.6609,552.513,178.46,2275.3717,1185.0275,25.0422,326.1623,0,0,655.4649,116.984,0,281.9757,1640.3049,270.1245,242.2465,116.9245,59.4017,17.3427,349.1541,0,21.0228,3.1337,10.683,64.1971,0,2.6977,12.1283,145.3988,14.5799,70.0727,10.9823,203.6414,407.4814,6.1242,260.1392,17.6344,47.234,3.299,0.1713,3.193,5.8734,264.5281,695.809,4.5544,82.3505,2.3991,0,0.184,0.3014,11.1002,29.5416,7.9079,25.5313,12.4912,5.3525,1.1111,0.0343,1.2006,0.0611,2.1442,2.8237,25.2076,1.0949,7.769,1334.4975,61.9905,0.3773,0.1694,78.3914,4.1063,3.6207,10.9399,4.4119,0.1645,0.1925,33.9922,2.2528,9.0473,0,36.4298,3.3668,0.9427,4.8788,1.5482,439.319,1.9121,0.261,0.628,0.2124,6.8805,0.2394,6.1918,0.3068,164.1212,1154.9348,34.6027,29.7792,8.822,813.429,114.8118,21.4973,200.3537,58.9633,56.7789,32.9179,333.2224,249.2822,55.1797,11.6996,56.4289,35.2109,66.5261,40.4239,1.6203,0.7647,0,1.6536,3.8315,64.7281,1060.8174,0.1774,497.0441,160.3723,605.7369,828.6584,330.294,0.0012,95.5498,17.8538,0.9669,1.0135,0.7144,0.0136,34.2852,0.0421,0.0011,6.9327,188.6642,64.3073,0.0468,39.6891,84.4073,6.4858,0.8954,5.2051,0.0165,0,0.0099,0,0.4048,0.0132,0,0,0.0713,0,2.42
"Bolivia",141.1454,12.2992,0.0589,0.5169,0.0142,0.3024,0.0214,0.0424,0.1014,0,0,0,0.0505,0,0.0394,22.3792,0,0.0777,0.0464,0.052,0.0774,0.369,6.844,83.3277,91.8377,0.018,0.0071,0.5183,45.0994,5.3151,0,19.5505,119.7823,287.3723,2.78,3.8977,0.8465,2.8074,4.2412,0.0103,11.5177,0,0,12.2171,13.4665,0,0.0891,26.1202,0.4682,1.0668,0.3302,0.6638,0.0251,14.5824,0,0.001,0.001,8.5505,0.0458,0,9,0.0575,0.0276,0.0027,0.0021,0,0.1806,0.4582,0.0143,0,0.1363,0.4676,0.0045,0.0026,9,0.0166,3.5724,10.6938,1.4106,1.4044,0.003,0,9,9,0,9,9.0064,0,0,9,0,0.1537,0.0013,9,0,0,0.0399,0,0.0076,0.1526,0,0.0062,9,0,9,0.0003,0.0013,0,0.0219,0,0,9.0157,0.0003,9,0,0.0017,0,0.0109,9.0032,0.7595,0,0,0,0,0,0,0.0002,9,0.0143,0.0055,0.0026,0,0,0.0123,0.2198,0.0127,0.7297,0.1287,0.084,0.003,3.3148,0.1996,0.0075,0.0133,0,0.0051,0.0311,0.0006,9,9,9,9,0,0.0152,77.8497,9,20.7656,1.0226,7.4749,29.8633,2.1879,9,0.5548,0.0106,0,0.8714,0,0,0.5944,9.0171,9,0.1605,1.9433,0.4131,0,0.5781,3.635,0.1413,0,2.1252,9,9,9,9,0,9,9,0,0,0,9
"Paraguay",93.7313,1.5922,47.0616,0.354,0.0317,0.2485,0.0117,0.016,0,0,0,0,0,9,9,17.1115,0.9606,0.4955,0.09,0.0422,0.0541,0.0708,2.2471,42.3411,5.6414,0,0.0184,2.2803,42.3963,289.7188,19.5505,0,44.0501,223.6145,57.926,35.4813,1.1532,64.8032,5.6623,0.0114,14.2514,0,0,38.1466,32.1964,0,4.4121,19.614,4.1445,1.6235,0.7397,0.6326,0.6395,12.0673,0,0,0.0426,0,0.6729,0,0,0.8616,0.7543,0,1.2477,0,9.6752,2.8563,0,0.008,0.0071,0.5341,0.0001,0,0,0,0.653,8.6324,0.6261,1.4448,0.0509,0,9,0,0,0,9,0.3732,0.0142,0,0,0.0182,9.02,0,0,0,0.194,0.0009,0,0.4248,0.1438,0,0,0,0,0,0,0,0,9,9,9.0584,0,0,0.1563,0,0,4.8434,0,2.4067,0,0,0,0,0.1011,0,0,9,3.1429,0.0001,0.16,0,9,12.8414,4.2754,0,0.1916,0.1283,0.0536,0,2.7339,0.3979,0,0,0,0.0416,0.2824,0.002,0,0,9.131,0,0,0,233.6865,0,8.6519,4.2594,26.1818,73.5612,8.6274,0,1.6231,0.7505,0,0.0948,0,0,2.9611,0.0311,0,0.1025,9.9789,8.5543,0,0.9163,1.2307,0.3199,0,0.2197,0,0,9,0,0,9,9,0,0,0,0
"Chile",1216.3601,30.3289,1.467,39.404,4.2023,31.4316,6.008,3.8919,0.6957,0.0548,0.154,0.363,0.0493,0.15,0,540.0286,0.22,38.6784,17.28,13.3746,7.0014,52.5995,15.0827,73.2861,133.7717,102.785,0.116,117.8013,231.6305,543.6607,119.7823,44.0501,0,2551.2465,11.3528,498.7194,18.1624,454.2762,29.88,4.0483,191.9925,0,0,66.9604,47.4748,0,22.0089,83.114,6.0685,3.387,6.458,1.7732,0.2888,441.2114,0,0.05,0.1,0.0584,0.5473,0,0,2.52,37.4443,0.3229,42.078,0.0155,14.84,17.2278,0.96,9.0775,2.1762,23.0061,0.1538,0.01,0.04,0.0323,17.8273,65.3112,1.9351,8.2798,36.3979,0,9,0,5.26,0.022,0,0.5585,0.2334,0.022,0.0006,2.7639,0.0415,0.1,1.474,0,1.927,0.0239,1.1145,118.1685,0.018,0,0,22.2745,0,0,0.4733,1.0777,0.03,0,0,0,0,0,0.088,0.23,0.2166,1.0654,0.01,54.9453,9,0.02,0,0.1,0.0469,9,0.0535,0,8.9419,14.2031,1.2041,1.1,0,0.6839,52.9937,0,8.536,0.817,2.3551,0.7187,53.55,58.3709,0.1123,1.76,1.243,1.96,30.78,8.4909,1.443,0,0,1.51,0,0.8509,396.3549,0,178.46,27.646,156.1591,1961.0625,5.7874,0,36.5492,2.3357,1.747,0.4842,0,0.04,27.2038,0.041,0.039,23.5,55.8015,4.194,0,15.5879,29.3031,38.7871,0,16.517,0.352,0,0,0,0,0.22,0,0,0,0,1.1
"Argentina",524.7068,47.8931,8.3187,50.3099,26.2813,43.4665,5.3434,5.3553,0.7881,0.07,0.8486,0.0325,0.1056,0.1207,0.1878,48.136,1.5604,52.6219,8.5711,11.4143,5.5198,22.1225,10.593,152.3987,273.7618,0.0936,4.5851,32.4349,423.0553,1597.3116,287.3723,223.6145,2551.2465,0,377.1153,97.8455,52.4698,537.3035,149.2091,5.733,358.122,0,0,149.858,481.8676,0,133.3332,315.8378,42.3002,73.6832,1.6383,21.9153,15.7022,59.8557,0,1.3175,1.9202,7.0268,7.708,0,0.0192,3.2036,62.2508,19.4795,6.529,0.1733,4.3974,8.7597,1.5507,5.7547,9.236,4.2238,6.5175,0.0398,3.7179,14.6208,28.9425,141.2933,14.9454,195.3806,0.0257,0,0,0,1.4121,0,0.1065,10.4629,0.1172,0.6212,1.2736,6.0915,0.0083,0.0021,0.0564,0.4097,2.4807,0.5106,1.0378,91.7036,5.118,0.0205,0.3621,2.6708,1.8526,0.2731,41.8428,3.0297,0,0.0738,0.0035,0.0006,0.0456,0,20.0574,9.9078,7.8538,10.3099,0.9076,119.2557,4.5856,0,0.0001,0.0393,5.1914,0.0004,24.5459,0.0019,139.5951,177.9917,91.64,20.8262,5.6259,336.7172,38.8981,59.3435,249.5392,111.1631,24.8155,102.9216,17.4686,47.8912,39.7078,27.4416,18.3101,4.2794,16.3476,13.4813,0.0008,0,0,0.0573,0.0571,2.2945,343.59,0,199.1181,0,35.6483,367.5419,294.7209,0,0.6247,37.0905,1.8763,3.7551,0.0008,6.6429,252.4264,0.1466,0.0029,49.0909,158.4962,59.4708,0.1227,59.391,75.0432,31.1297,0.0139,12.2488,0,0,0,0,0.1336,0,0,0,0,0,0
"Uruguay",33.1958,79.2633,0.6513,0.4482,5.1827,11.8883,0.3103,1.8109,0.0495,0.0021,0.0568,0,0.5673,9.0071,0,55.9282,0.1614,2.649,9.4115,1.2766,1.3611,2.8308,2.6804,17.6981,66.9255,0,0.0045,5.4126,18.1082,72.6609,2.78,57.926,11.3528,377.1153,0,12.478,4.2944,18.1345,5.5766,0.8662,103.3648,0,0,21.2045,7.63,0,2.2126,20.1952,19.7917,6.1049,2.1546,0.9505,0.5657,4.9368,0,0.1144,0.0092,0.3085,0.8133,0,0,0.0114,4.8144,0.4508,0.4598,0.0362,6.2298,21.3979,0.2605,0.8721,1.6632,2.8442,0.103,0.021,4.7461,0,6.9112,10.0761,15.2614,6.6905,0.0547,0,0,23.0904,10.964,0,9,1.8068,0.0433,0,36.7418,0.0398,0,0,0,0,0.7906,1.8123,0,31.0055,0,0,9,0.0491,0.1761,0,0.0676,0,0,9,9,0,9,9,0.4188,0,0.0058,0.1474,0,5.9907,9,0,0.0905,0,0.0038,0,0.0026,0,1.9562,0.0677,0.3487,0,0.0009,27.0942,9.794,0,22.4773,0.0016,0.6716,0.164,36.099,3.7183,0.0005,2.5515,0.9937,0.1416,3.2773,0.0036,0.0266,0,0,0,0.0062,0.065,14.6535,9.0009,20.0311,1.1332,36.9982,3.8959,20.6784,9,2.7472,0.019,0.0323,1.0199,0,0,6.6064,0.004,9.0015,1.5153,1.1312,5.6338,0,0.4479,4.2242,5.2072,0,3.1024,0,0,0,0,0,0,0,0,0,0,9
