"","United States of America","Canada","Bahamas","Cuba","Haiti","Dominican Republic","Jamaica","Trinidad and Tobago","Barbados","Dominica","Grenada","St. Lucia","St. Vincent and the Grenadines","Antigua & Barbuda","St. Kitts and Nevis","Mexico","Belize","Guatemala","Honduras","El Salvador","Nicaragua","Costa Rica","Panama","Colombia","Venezuela","Guyana","Suriname","Ecuador","Peru","Brazil","Bolivia","Paraguay","Chile","Argentina","Uruguay","United Kingdom","Ireland","Netherlands","Belgium","Luxembourg","France","Liechtenstein","Switzerland","Spain","Portugal","Germany","German Federal Republic","German Democratic Republic","Poland","Austria","Hungary","Czechoslovakia","Italy","Malta","Albania","Yugoslavia","Greece","Cyprus","Bulgaria","Romania","Russia","Finland","Sweden","Norway","Denmark","Iceland","Cape Verde","Sao Tome and Principe","Guinea-Bissau","Equatorial Guinea","Gambia","Mali","Senegal","Benin","Mauritania","Niger","Ivory Coast","Guinea","Burkina Faso","Liberia","Sierra Leone","Ghana","Togo","Cameroon","Nigeria","Gabon","Central African Republic","Chad","Congo","Democratic Republic of the Congo","Uganda","Kenya","Tanzania","Burundi","Rwanda","Somalia","Djibouti","Ethiopia","Angola","Mozambique","Zambia","Zimbabwe","Malawi","South Africa","Namibia","Lesotho","Botswana","Swaziland","Madagascar","Comoros","Mauritius","Seychelles","Morocco","Algeria","Tunisia","Libya","Sudan","Iran","Turkey","Iraq","Egypt","Syria","Lebanon","Jordan","Israel","Saudi Arabia","Yemen Arab Republic","Yemen","Yemen People's Republic","Kuwait","Bahrain","Qatar","United Arab Emirates","Oman","Afghanistan","China","Mongolia","Taiwan","North Korea","South Korea","Japan","India","Bhutan","Pakistan","Bangladesh","Myanmar","Sri Lanka","Maldives","Nepal","Thailand","Cambodia","Laos","Vietnam","Malaysia","Singapore","Brunei","Philippines","Indonesia","Australia","Papua New Guinea","New Zealand","Vanuatu","Solomon Islands","Fiji","Samoa"
"United States of America",0,11002.789,354.78,1.54,52.1704,917.89,294.9927,573.9098,203.5435,30.788,25.4212,63.94,40.6763,65,41.2,8966.619,73.0235,208.9655,213.2,286.249,63.5,282.4582,269.1446,1430.0205,6820.5193,31.5,140.9766,963.5469,28.4379,3630.167,53.7634,110.8171,197.3,787.821,198.315,4104.304,1210.193,4419.3789,468.9839,27.9255,5362.325,0,1296.7808,3722.6125,84.7199,6158.379,0,0,296.7775,421.0015,149.4623,10.5827,4141.108,24.3959,8.72,57.759,176.5468,163.5769,40.03,218.2074,2227.9601,480.4662,496.8765,145.5524,194.2299,64.1351,0,14.3,1.22,0,0,7.6,81.3487,1.5777,0.2112,23.6329,123.3371,94.01,32.4834,3.86,29.2252,25.85,27.211,97.2458,6021.7802,751.21,0.66,7.5,406.3348,239.9494,12.9,109.399,0.5544,5.8024,28.9,12.65,6.9941,15.403,1934.7299,26.43,95.0617,8.8256,40.3058,19.6,11.1,22.3,4.8,26.3,28.4777,4.8,77.9675,2.9477,316.6999,1724.5111,264.7978,69.961,30.83,59.9,1126.415,2543.63,865.354,200.4112,83.22,439.1201,678.0999,6711.4383,0,277.29,0,184,174.769,102.5769,96.6,68.399,0.06,9704.778,2,12357.3,0,2340.7,40227.977,786.5593,0.4,290.1404,407.8325,3.3088,318.7802,16.245,36.3809,1988.5579,0,1,0.561,552.0532,295.8453,60.4932,1084.2,1161.8755,5469.431,104.9686,376.8158,5.49,3.205,64.6824,6.919
"Canada",11002.789,0,8.1285,26.9897,2.2647,2.2845,35.5041,49.9324,25.7558,2.9049,5.0706,1.743,5.0259,5.2178,4.7994,1201.0451,5.6845,11.4671,4.5766,3.9862,39.5717,24.9685,7.1591,72.192,335.0884,12.9384,0.0917,98.5294,93.3641,209.9572,15.1025,1.6228,54.5987,107.1455,29.8011,578.4038,94.1425,209.4085,138.9842,8.2758,735.4605,0,391.4709,32.1368,27.2322,832.1352,0,0,63.4526,140.4194,32.1204,48.3067,389.2722,0.4498,0.3112,9.6922,1.4394,10.0372,14.6788,61.2884,886.9275,124.8794,495.8146,961.593,92.7452,1.358,0,0.7081,0.0087,0.0511,0.1775,8.1564,9.7044,0.387,1.2566,0.8063,10.2622,6.964,7.2483,1.7778,3.1812,10.9493,26.6813,28.8722,511.0143,5.2823,0.0369,0.1118,1.7593,0.5993,1.9061,2.0735,19.0928,0.1954,1.5041,2.8135,0.5683,4.2674,43.7309,20.6972,8.3651,0.1799,1.9675,23.7249,10.0238,2.1808,1.9967,25.7641,0.6839,0.0019,5.0415,0.0493,126.4227,258.467,47.1165,55.988,6.3522,394.2556,103.1106,76.4102,57.8889,8.1228,3.8304,15.6205,16.4205,426.6342,0,1.3416,0,32.4718,4.5224,3.6398,20.7278,5.8509,0.5116,171.9179,0,1309.7979,0.5753,657.507,406.6924,97.7337,0.0034,2.2683,84.6388,0.3911,20.777,0.5888,0.152,10.7235,0.0171,1.0041,10.5544,73.6472,160.0887,1.0787,5.1477,217.2129,168.6789,24.6534,15.3685,0.0028,0.049,8.3102,0.1661
"Bahamas",354.78,8.1285,0,0.0435,0.0173,0.0448,0.34,2.8045,1.0891,0.0185,0,0.054,0.0012,0.0184,0.0081,22.726,0.0165,0,0,0.2269,0,0.8594,0.1351,34.4961,0,0.0265,0,0,4.2284,34.2331,0,40.05,0,3.5912,0.2991,15.4371,9.5293,0.8781,1.4912,0.0888,7.7512,0,7.365,0.3382,0.1309,196.834,0,0,1.5116,1.8277,0,0,3.3849,0.0078,0,0.0562,8.2155,0.0272,0,0,5.0186,3.113,67.3319,32.0589,52.1157,0,0,0,9,0,0,9,0.8614,9,0,9,0,0,0,0,0.001,0.0001,9,0,0.0007,32.4263,0,0,0,0,0,0,0,0,0,0,0,9,0.632,0,0.0052,0.0411,0,0,0,0,0,0,0.0979,0,0.0044,0,0,0,0.3313,0,0,0,2.528,22.3929,0,0,6.0078,0,1.6,0,0,9,0,0,0,9,0,9,0,0.5189,0,1.4746,0.0207,69.5576,456.1047,0.4236,0,0.0928,0,0,0.004,9,0,0.6668,0,0,0,0.3209,34.2109,0,0.0408,0.2624,3.6092,9,0.1724,9,0,0,0
"Cuba",1.54,26.9897,0.0435,0,0,0,0.0008,41.5468,0.223,0,0.0001,0,0.0007,0,0,55.5544,0,0,0,0,2.5875,0.4161,1.647,21.4177,501.8244,3.6191,0.0022,0,6.7122,19.5668,0.2736,0,0,178.941,17.3833,26.6759,9.9678,36.2455,44,2.62,23.0948,0,23.3644,252.5571,18.1371,248.3117,0,0,4.4582,3.2192,29.1316,38.355,68.6682,0.124,0,6.9552,0.553,0.1838,0,9.4143,0,13.7816,8.8821,0.9143,18.7603,0.0017,0,0,0.7118,0,0,0,0.001,9,0.0051,0,0.0184,9,9,0,9,5.6651,0,0.0367,0.0053,0.0142,0,0,0.0419,9,0,0,0,0,9,0,0,7.4511,9,9,0.0001,0.011,0,0,0,0,0,0,9,9,0.0004,0,0,70.019,10.3411,56.462,0,0,5.3,0,56.313,21.9188,0,5.171,0,0.9068,0,4.0796,0,0,0,0,0,9.013,0,32.7367,0,0.0051,0,0,15.0769,2.4837,0,0.0005,9,9,0.0142,0,0,33.4322,9,0,5.7311,0.0076,0,9,0,0.0606,0.4633,9,20.8964,0,0,0,0
"Haiti",52.1704,2.2647,0.0173,0,0,0.8798,0.759,10.006,0.1424,0.0003,9.0106,0,0.0864,0,9.0004,0.6663,0.052,3.0612,0.0019,0.0228,0.0509,0.4219,0.9317,3.8824,4.5873,0,0.1449,0.0323,0.052,3.9396,0.0002,0,0.0281,1.1019,0.2057,7.1224,1.8374,11.535,0.5568,0.0332,5.0651,0,1.361,2.2848,0.0069,4.671,0,0,0.0405,0.0252,0.0375,0.7184,17.1043,0,0,0.0044,0.3001,0.0322,0,0.1103,0,0.0208,0.0356,1.5613,0.6032,0,0,0,0,0,0,9,0,9,9.0084,9,0,9,0,0,9,0,0,0,0,0,9,0,0,0,0,9,0,9,9,0,9,9,0,9,0.2867,0,0,0,0,0,0,0,0.0025,9,0.0068,0,0,0,4.699,0,0,0,0.1145,0,0,0,0,0.0236,1.43,9,0,9,0,9,0,0,0,0,0,2.7598,0,8.8009,0,5.0997,16.9319,0.1335,0,0.9057,0,0,0,0,0,0.1592,0,0,0,7.826,0.1886,0,0.1089,0,4.6756,0,0.3335,9,0,9,9
"Dominican Republic",917.89,2.2845,0.0448,0,0.8798,0,0.3164,6.4128,0.8363,0.015,0.7623,0.9163,0.2641,0.06,0,155.6896,0.0379,6.5828,2.1781,2.8504,0.0642,5.9407,21.2431,13.1456,301.7163,0.1004,1.3187,0.0322,1.6187,19.5391,0.0003,0.7858,14.9304,11.5354,0.6555,6.9063,0.2772,16.7312,4.8228,0.2872,6.9944,0,6.6282,3.2992,0.2519,26.3197,0,0,0.016,1.1062,0.0321,0.2099,34.3003,0.0892,9,0.5421,1.9034,0,0,0.0241,8.0836,18.7978,2.6238,4.5665,9.4735,0.2245,0,9,0,0,0,0,0.1909,9,0,0,0.0477,0,0,0,0,0,9,0,0,0,0,0,9,9,0,0,9,9,0,0,9,9,9,0,0,0,9,4.9714,0,0,0,0,0,0,0,9,5.211,0,0.0438,0,9,0,0.0141,0.1123,0,9,0,0,1.9485,0.0283,0,9,0,9,0,9,0,0,0,2.822,9,26.6735,1.1794,26.6597,205.4401,0.3408,0,0.1076,0,0,0,0,0,1.8548,0,9,0,1.6661,0.3368,0,0.0395,0.0962,1.2583,0,8.8128,9,0,0,9
"Jamaica",294.9927,35.5041,0.34,0.0008,0.759,0.3164,0,21.2477,3.313,4.5668,1.105,0.4563,0.9777,2.754,1.6648,96.2594,5.3179,1.1468,0.1283,0.1958,0.0436,3.2999,9.659,1.6483,99.2212,2.1493,2.55,4.7105,1.2409,53.8384,0.0231,0.0121,0.5253,4.1725,0.3785,136.9341,1.0147,10.8051,7.2861,0.4339,0.5158,0,9.6777,2.0636,0.3641,26.8473,0,0,1.5205,4.3664,0.3138,0.151,6.0649,0.0008,0,0.0224,0.4217,0.0176,0,0.0138,48.4826,5.2675,22.378,115.7092,2.6064,0.1057,0,0,9,0,0,0,0,0,0.0155,9,0.1503,0,0,0,0.0031,58.2771,0,0,0.1126,0,0,0,0.0148,0.0017,0,0.086,0.0205,0,9,0.0019,0,0.015,0.007,0,0.0024,0.0058,0.0361,0,0,0,0.0021,0,0,0,0.0224,0,0.0004,0.0033,0.0403,0.043,0.071,0.0057,0.4682,0,0.018,0.0296,0.0003,0.0687,1.1844,2.1582,0,0.0237,0,0,0.0014,0,0.0438,0.0052,0,6.3695,0,12.2426,1.0018,12.4923,79.8114,0.4598,0,0.3395,0.1094,0,0.1166,0,9,3.1324,0,0,0,1.2383,1.4362,0.0089,0.8943,1.036,0.489,0.0013,11.6975,0,0,0,0.0078
"Trinidad and Tobago",573.9098,49.9324,2.8045,41.5468,10.006,6.4128,21.2477,0,59.6761,9.4636,12.6933,0,6.7456,0,0,0.79,2.0144,1.1613,0.6843,0.0051,0.0093,0.0574,3.7421,11.601,41.0931,26.3874,34.193,3.4071,0.1904,44.7195,0.0001,0.0235,2.894,14.1284,0.0726,15.2925,8.0745,20.5876,21.4998,1.2802,10.1388,0,3.5958,0.5528,4.8195,9.9995,0,0,0.9586,3.1841,0.1473,0.8386,32.6829,0.001,0,0.3941,0.0052,0.0789,0,0.0266,0.0098,0.895,2.6703,2.6819,1.7875,0.0309,0,0,0,0,0.0007,9,0.8195,0.0005,0,0,0,0.1082,0,8.5401,0.0015,0.0075,0,0,15.1837,0.0002,0,0,0,0,0.0397,0.133,0.0051,9,0.0052,0,0,0.0064,14.2106,0.0078,0.0028,0.1003,0.0265,0.0266,0,0.0262,0,0.0095,0,0,0.0054,0,8.4567,0,3.9535,0.0074,0.0013,0.0962,2.0961,0,0.0526,0,0,0,4.8623,0.0255,0,0.0019,0,0,0.0012,0.0032,0,0,0.016,6.1328,0,13.0811,0.1871,7.8404,27.6473,1.2303,0,0.0579,0.0689,0.0334,0.0214,0,0,1.2842,0,9,0.046,0.1914,2.5912,0,0.7579,4.1939,2.8049,0,12.3329,9,0,0.0163,0
"Barbados",203.5435,25.7558,1.0891,0.223,0.1424,0.8363,3.313,59.6761,0,1.8981,3.2054,2.9614,4.8948,1.0432,1.5696,1.3573,0.1706,0.2771,2.3612,2.9234,0.1535,0.9514,0.071,0.699,27.9984,1.6111,0.2809,0.0129,0.2441,7.9461,0.0104,0.0359,0.4599,1.9541,0.3734,31.2604,3.0033,7.8643,2.9163,0.1737,8.3253,0,4.7719,1.9986,0.2813,13.4185,0,0,0.1715,0.6388,0.0925,0.2174,4.9903,0.0002,0,0.0861,0.0307,0.0114,0,0.004,0.1748,2.2758,9.5148,2.5721,12.7206,0.1068,0,0,0,0,0,0,0.005,0,0,0,0,0,0,0,0,0,0,9,0.0027,9,0,0,0,0,0,0.1349,0.0137,9,0,0,0,0,0,0,0,0.068,0.0364,0,9,9,0,0,0.0023,0,0.0001,0.0001,0.006,0,0.6525,0,0,0.0061,0.1486,0.0007,0.0018,0.0002,0.0017,9,0.1969,0.0065,0,0,0,0,0.0054,0,0.0003,0,0.0027,2.858,0,6.6464,0,5.9768,36.7712,1.3488,9,0.0385,0.0117,0,0.4165,9,0.0068,1.8516,0,0,9,0.284,0.9308,0,0.1349,0.0386,1.7843,0,10.3348,0,0,0,9.0002
"Dominica",30.788,2.9049,0.0185,0,0.0003,0.015,4.5668,9.4636,1.8981,0,0.0413,3.7595,1.7772,0.2576,0.1041,0.0072,0,0.091,0,0.0326,0,0.7426,0.0527,1.4164,0.8671,0.1549,0.0121,0.0034,0.323,0.6608,9,9,0.0428,0.1699,0.037,25.2946,0.0194,2.0093,0.1416,0.0084,1.6612,0,0.9345,0.2221,0.0168,3.5562,0,0,0.0387,0.1256,0.0388,0.1492,2.2799,0.0159,0,0.236,0.2694,0.3549,0,0.0016,0.0866,0.0501,0.0151,0.3017,0.866,0.0176,0,0,0,0,0,0,0.192,0,0,0,0,0,0,0,9,0.0188,0,0,0,0,0,0,0,0,0,0,0,0,0,0,0,0,0,0,0,0.1904,0.0165,0,0,0,0,0,0,0,0.0043,9,0,0,0,0,0,0.0001,0.2974,0,0.0455,0,0.0004,0,0.0074,0.0417,0,0.0006,0,0,0,0,0,0,0,0.6671,0,0.648,0.0035,29.0641,5.1804,0.3208,0,0.0024,0,0,1.3717,0,0,0.9133,0,0,0,4.9285,0.0911,0,0.0074,0.004,0.0325,9,0.0486,0,0,0,0
"Grenada",25.4212,5.0706,0,0.0001,9.0106,0.7623,1.105,12.6933,3.2054,0.0413,0,0.4201,0.316,0.072,0.0389,0.0278,0,9.1344,0,9.0009,0,0.0508,0.0299,1.0667,1.146,0.2441,0,9,0.0035,1.2578,0.0009,9,0.0041,0.1136,0.0253,7.441,0.4417,1.2465,0.0661,0.0039,0.0715,0,0.4446,0.0369,0.036,0.5444,0,0,0.0887,0.0167,9.0141,0.0868,0.4843,0.0029,0,0.0338,0.0349,0.038,9,0.0079,0.0105,0.0512,0.1848,0.4137,0.921,9.0712,0,9,0,0,0.0001,0,9,9,0,0,0,0,0,9,9,0.0314,0,0,9.0016,0,9,0,0,0,9,9,9,9,9,0,0,0,9,9,0.0003,0.0124,9,0,0,0,0,9.0105,9,0,0.0035,0,9,0,0.0462,0,9,9,9.0102,9,0,0,9,9.1103,0.0137,0.001,0,0,0,0,9.0005,0,0,9,9.0014,0.7354,0,1.3837,9.0096,0.7184,6.3433,0.0402,9,9.0015,0.034,0,0.0107,0,0,0.6454,0,0,9.0094,0.0377,9.1947,9.0224,9.0471,9.042,0.0426,0,2.2506,0,0,0,0
"St. Lucia",63.94,1.743,0.054,0,0,0.9163,0.4563,0,2.9614,3.7595,0.4201,0,4.0887,0,0,0.1309,0.0155,9,0,0,0,0.9741,0,1.4157,1.7366,0.2868,0.0022,0,0,1.7765,0,9,0,0.4411,9,64.7357,0.9506,3.6171,0.453,0.027,3.3629,0,0.5277,0.0342,0.0224,2.9548,0,0,0,0.1873,0,0,6.2378,0.0001,0,0.0033,9.7914,0,0,0,0,0.0724,0.2804,0.7032,0.9543,0,0,0,0,0,0,0,0,0,0,0,0,0,0,0,0,0,0,0,0,0,0,0,0,0,0,0,0,0,0,0.0095,0,0,0,0,0,0,0,0,0,0,0,0,0,0,0,0,0,0,0,0,0,0,0,0,0,0,0,0,0,0,0,0,0,0,0,0,0,0,0,0.077,0,1.353,0,4.6365,15.0068,0.0429,0,0,0,0,0.0559,9,0,0,0,0,0,0.0013,0,0,0.0088,0,0.148,0,0.9486,0,0,0,0
"St. Vincent and the Grenadines",40.6763,5.0259,0.0012,0.0007,0.0864,0.2641,0.9777,6.7456,4.8948,1.7772,0.316,4.0887,0,2.7267,1.9193,0.0556,0.0733,0.237,0.4652,0.003,0,0.0411,0.1993,1.5833,0.8841,0.5638,0.0241,9.0056,9.0011,1.2104,0,0,9.0059,0.3733,9,43.1609,0.3345,3.8979,0.1604,0.0096,0.9938,0,0.2004,3.7843,0.1179,0.4196,0,0,0.0841,0.0285,9.0181,9.0415,0.4879,0.0004,9,0.0133,0.4017,9.0504,9,9.0015,9.0111,0.0141,0.8375,0.5358,0.6915,0.0744,0,0,9,0,0,0,9,9,0,0,0,9,0,9,0,0.0159,0,0,9.0022,0,9,0,0,0,0,0,0.0052,0,9,0.0015,0,9,9,9,9.0022,9,0.0015,9,0,0,9,9.0011,9,0,0,9,9.0004,0,0,0,9,9,0.0136,0,0.0011,9,0,0,9.0033,9.0004,0,9,0,0,9,0,0,0,9,0.9389,0,2.0144,0.0419,0.9152,1.6413,0.0693,9,9.0026,9,0,0.0819,0,0,9.3067,0,0,0,0.0126,2.7849,0,0.0663,9.107,0.6108,9,0.053,0,9,9,0
"Antigua & Barbuda",65,5.2178,0.0184,0,0,0.06,2.754,0,1.0432,0.2576,0.072,0,2.7267,0,0,0.0017,0.0015,9,0,0,0,0.0661,0,0.1732,0,0.784,0,0,0.0104,9.945,0,9,0,0.278,9,26.6453,0.1639,1.7509,0.1699,0.0101,1.1353,0,0.4411,0.3626,2.7392,6.0335,0,0,0,4.0973,0,0,4.0297,0.032,0,0.152,1.5573,0,0,0,0,9.4045,1.8341,0.9146,1.0376,0,0,0,0,0,0,0,0,0,0,0,0,0,0,0,9,0,0,0,0.2535,0,0,0,0,0,0,0,0,0,0,0,0,0,0,0,0,0.0438,0,0,0,0,0,0,9,0,0.0001,0,0,0,1.2672,0,0,0,1.003,0,0,0,0,0,0,0,0,0,0,0,0,0,0,0,0,0.2603,0,0,0,0,0,0.0184,0,0,0,0,0.0452,0,0,0,0,0,0,2.0568,0,0,0,0,0.0434,0,0.2035,0,0,0,0
"St. Kitts and Nevis",41.2,4.7994,0.0081,0,9.0004,0,1.6648,0,1.5696,0.1041,0.0389,0,1.9193,0,0,0.3157,0,0,0,0,9,0.0092,0,0.0663,0,0.2587,0,0,0,5.6617,9,9,9,0.1427,0,8.0089,0.0425,0.6903,0.9816,0.0584,3.5261,0,0.073,0.0599,0.1649,0.4607,0,0,0,1.423,0,0,2.3701,0,0,0,9.2094,0,0,0,0,0.0415,0.3496,0.8119,0.6051,0,0,0,0,0,0,0,0,0,0,0,0,0,0,0,0,0,0,0,0,0,0,0,0,0,0,0,0,0,0,0,0,0,0,0,0,9,0,0,0,0,0,0,0,0,9.0056,0,0,0,0,0,0,0,0,0,0,0,0,0,0,0,0,0,0,0,0,0,0,0,0,0,0,0.6893,0,0.0542,4.1003,0.0098,0,0,9,0,0,0,0,0,0,0,0,0.0101,0,0,0,0,0.2291,0,0.2013,0,0,0,0
"Mexico",8966.619,1201.0451,22.726,55.5544,0.6663,155.6896,96.2594,0.79,1.3573,0.0072,0.0278,0.1309,0.0556,0.0017,0.3157,0,11.7317,70.0029,53.6775,93.9485,3.9486,37.0063,139.6873,82.0195,51.2088,0.3531,0.612,40.0292,0.4961,171.0434,1.1745,5.0996,59.9834,230.9042,0.5189,340.413,168.3301,65.2661,279.3747,16.6353,54.9599,0,407.8174,884.6168,80.5237,1239.2219,0,0,46.1898,9.4629,0.6137,12.9724,300.5321,8.8687,0.858,4.6677,26.1509,29.317,2.5916,10.7461,20.3544,53.4226,318.436,30.34,43.6664,0.315,0,0.0165,0,0.0165,0.0055,0.3729,0.1606,2.1489,0.0439,0.0715,1.604,0.1122,0.0268,7.7814,0.0047,0.3619,8.2071,0.1137,0.2016,1.7182,0.2959,0.1573,0.4874,0.1419,0,0.4081,0.0385,0.021,0.0019,0.0011,0.076,0.1841,2.0669,3.069,1.5509,20.4818,5.8828,12.2385,9,0,0,0,0.0445,0.1793,0.0242,0,2.7026,32.715,8.83,0.252,0.1837,7.2049,19.7895,3.289,1.2054,0.0639,1.8535,1.0707,12.0494,19.2896,0,2.2462,0,4.5628,0.0093,0.1691,2.4812,0.4317,0.7073,142.6101,0.4037,0,18.249,60.9367,501.9082,57.5966,0,1.4688,0.7458,0.5957,20.2763,0.0463,0.06,25.0136,0.1551,0,6.0928,8.2783,3.2951,0.7732,6.2514,40.7211,42.2351,0.2375,185.9152,0.0737,0,0.1,0.0027
"Belize",73.0235,5.6845,0.0165,0,0.052,0.0379,5.3179,2.0144,0.1706,0,0,0.0155,0.0733,0.0015,0,11.7317,0,3.0953,0.041,1.162,0,1.439,0.0801,0.1353,0.8635,0.0024,0,0.095,0.017,1.003,0.007,0,0.0035,0.013,0.044,23.5415,0.5599,7.2761,0.0094,0.0006,0.5904,0,0.4081,0.1695,0.1415,0.3393,0,0,0.002,0.105,0.096,0.1285,0.1761,0.003,0,0.0155,0.006,0,0,0.0115,0.0295,0.0434,0.1295,0.007,3.2955,0,0,0,0,0,0,0,9,9,0,0.008,0,9,0,0.007,0,0,0.0045,0,0,0,9,0,0,0.0005,0,0.017,0,0,0,0,9,0,0.0165,0,0,0.0007,0.0515,0,0,0,0,0,0,0,0,9,0.0005,0,0.0088,0,9,0.002,0.004,1.6566,0.0005,0,0.0085,0,0.011,0.266,0,0,0,0,0,0,0,0,0.0035,1.3948,0,3.7925,0,0.3875,0.7349,0.155,0,0.001,0,9,0.008,0,0,0.116,0,0,0,1.4385,0.44,9,0.2075,0.063,0.022,0.0026,0.536,0,0,0,9
"Guatemala",208.9655,11.4671,0,0,3.0612,6.5828,1.1468,1.1613,0.2771,0.091,9.1344,9,0.237,9,0,70.0029,3.0953,0,24.0648,65.3658,21.6047,42.8313,9.6406,8.1063,118.738,0,0.0022,21.6916,2.8357,24.4514,0.0557,0.1173,9.538,20.4292,0.0314,13.4452,3.0752,10.6191,2.1613,0.1287,0.2443,0,4.1406,18.0254,4.7968,27.2679,0,0,0,8.3407,0,0.7991,14.7357,0.0033,9,0.5333,0.4054,0.5802,0,4.7,8.1488,10.8983,2.4323,7.0499,0.3771,0.2284,0,0,0,0,0,0,0.2093,0,9,9,0.011,0,0,0,0,0,9,0,0,9,0,0,9,0,9,14.148,0,9,0,0,0,0,9,9,0.0518,0,0,7.4508,0,9,0,0,0,0,0.0001,0,0,0,4.6325,0,0,0.0417,0.0824,9,0.326,0,0,1.164,1.112,31.1508,0,0,0,0,0,9,0,0.4603,9,1.6058,9,22.96,0,11.6021,50.8312,0.9724,0,1.3566,1.7521,9,5.8553,0,0,0.288,0,0,0,6.2341,0.1386,0,0.2605,10.7536,0.239,9,1.4619,0,9,0,0
"Honduras",213.2,4.5766,0,0,0.0019,2.1781,0.1283,0.6843,2.3612,0,0,0,0.4652,0,0,53.6775,0.041,24.0648,0,1.709,3.3,10.8162,1.7493,11.6667,49.882,0,0.0011,0.188,2.538,21.9,0.0314,0,0,1.9,0.027,6.7341,0.902,44.8355,11.3539,0.6761,0.1503,0,1.0318,3.4313,1.3193,56.4606,0,0,2.4831,15.2535,0,9.9202,25.201,0.2266,0,6.845,4.4428,0.3083,0,0.2,0,5.6174,26.4009,2.8185,1.9104,0.1132,0,0,0,0,0,9,0,0,0,0,0,0,0,0,9,0,0,0,0,0,9,0,0,0,9,0,9,9,0,0,0,9,0,0,0.0052,0.0382,0,0,0,0,0,0,0,0,0.0751,0,0,0,0.0008,0,0,0,0.278,0,0,0,0,0.0547,1.3,4.6652,0,0,0,0,0,9,0,9.0052,0,6.0158,0,0,0,9.6,10.097,0.2403,0,0.1192,0,0,0,0,0,0.077,0,0,9,0.6891,7.6173,9,0.074,0.1348,0.073,9,0.8456,0,9,0,9
"El Salvador",286.249,3.9862,0.2269,0,0.0228,2.8504,0.1958,0.0051,2.9234,0.0326,9.0009,0,0.003,0,0,93.9485,1.162,65.3658,1.709,0,0.64,14.4034,1.3311,6.4118,79.5237,0,0.0335,0.8322,4.2061,9.2808,0.0595,0.0806,1.773,2.754,0.276,9.9682,0.6829,3.2894,9.9949,0.5951,19.3864,0,11.9954,5.5059,0.3346,54.2322,0,0,0.012,1.9288,0.002,0.163,4.1823,0.4298,0,0.762,0.0139,0.0044,0.0002,0.0826,0.1054,0.3424,3.3695,0.838,1.6687,0.0621,0,0,0,0,0,0,0,9.0023,0.0013,9,9,0,0,0,0,0,0,0,0,0,0,0,0,0,0,0,0,9,9,0,0,0,0.094,0.06,0,0.0374,0,0.246,0,0,0,0,0,0,0,9,0.091,0,3.7488,0.002,0,0,0.0098,0,0,0,0,0,0.1351,0.1052,0,9,0,0,0,0,0.072,9,0,0.0425,0,10.452,0,7.0615,37.582,0.2693,0,0.0612,9,0,0.2713,0,0,0.0321,0,0,9,0.6768,0.959,0,0.003,0.0571,0.2826,0,5.1158,9,0,0,9
"Nicaragua",63.5,39.5717,0,2.5875,0.0509,0.0642,0.0436,0.0093,0.1535,0,0,0,0,0,9,3.9486,0,21.6047,3.3,0.64,0,12.9094,32.0431,3.7511,62.9,0,0,47.8,1.3513,4.1534,0.0041,0.0242,0,2.4,0.198,2.2512,0.7925,8.5829,1.6705,0.0995,2.6059,0,2.7325,0.7594,7.8756,10.0767,0,0,0,9.2503,0,3.6428,18.4396,0,0,3.546,0.0976,0,0.9184,0,45.1998,4.7019,8.1655,0.2349,4.9934,0.0916,0,0,0,0,0,9,0,9.0002,0,0,0,9,0,9,0,0,0,0,0,9,0,9,0,0,9,9,0,9,0,0,0,0,9,0,0,0.0227,9,0,0,0,0,0,0,9,0.0774,9,0,0,0.001,0,0,0,0.285,9,0,0,0,0,2.5,0,9,9,0,9,0,0,0,0,0,10.2,0,0,1.8364,2.4,26.6784,5.0807,9,0.5352,9.1408,0,0,0,0,0.2272,0,9,0,0.0393,0,0,0,0.1765,0.6043,9,1.318,0,0,0,9
"Costa Rica",282.4582,24.9685,0.8594,0.4161,0.4219,5.9407,3.2999,0.0574,0.9514,0.7426,0.0508,0.9741,0.0411,0.0661,0.0092,37.0063,1.439,42.8313,10.8162,14.4034,12.9094,0,1.1315,15.1627,160.2803,0.0248,0.3943,10.9487,10.2985,49.4993,0.8407,0.3893,18.5663,20.3067,0.1146,0.0315,15.0007,43.4099,0.6323,0.0377,4.2555,0,13.5113,22.89,6.0144,177.051,0,0,2.6535,34.0807,9.0556,2.3978,63.2722,0.9866,0.0006,4.168,2.1936,0.1126,0.0107,0.5274,1.7765,28.2729,24.6239,15.0845,6.8285,0.9882,0,9.0228,9,9,9,0,0.0209,9,0.0084,0,0.0072,0,9,0,0.0032,0,9,0,0.0049,9.2398,0,9,0,0,9,0,0,0,0,0,9,0,0,0,0,0.0074,9,0.0108,0,9.8791,0,0,0,0,0.0679,0,0.1811,0,0.0259,0.02,0,0,0.8694,0,0.003,0,0.1069,0.0966,3.7928,0.0452,0,0.0015,0,0.0198,0.3076,0,0.0092,0.8583,9,0.0957,9,53.8539,0.0621,31.7751,146.48,1.1019,0,0.0356,9,0,0.1096,9,0,4.2789,9,0.0049,9,1.161,1.0385,9,0.4689,0.1913,0.611,0.0064,0.1855,9,9,0,9
"Panama",269.1446,7.1591,0.1351,1.647,0.9317,21.2431,9.659,3.7421,0.071,0.0527,0.0299,0,0.1993,0,0,139.6873,0.0801,9.6406,1.7493,1.3311,32.0431,1.1315,0,51.0171,39.0505,0.1001,2.5613,156.6026,45.2184,8.8426,7.1456,24.6349,4.2874,3.9271,5.9609,7.8982,1.2745,63.9325,26.3226,1.5674,11.0754,0,153.0656,33.116,20.8064,233.1738,0,0,2.4834,27.182,0.0192,0.9246,79.336,0.11,9,20.7453,7.6527,0.0148,0.1014,1.4938,0.0806,20.3881,45.8736,446.7163,53.1781,2.0336,0,0,9,9,0,0,0.0279,0,2.4204,0,1.392,0,0,9,0,0,0,0,0.4321,0,0,0,0,0,0,0,9,9,0,9,0,0,0,9,0,0.0461,0,1.0388,0,0,0,0,9.4123,0,0.7359,9,0,9.447,1.026,0.01,0,0,11.9616,0,0.4799,0,0.1431,0.0007,8.5565,0.1023,0,0,0,0,0,9,0.1288,9,0,0.591,0,21.8487,0,72.9457,38.9932,0.4216,0,0.2585,0.0989,9,0.1625,9.003,0,1.2685,0,9,0,13.8987,95.3361,0,0.2873,0.2993,0.1148,0.0035,6.263,9,0,0,9
"Colombia",1430.0205,72.192,34.4961,21.4177,3.8824,13.1456,1.6483,11.601,0.699,1.4164,1.0667,1.4157,1.5833,0.1732,0.0663,82.0195,0.1353,8.1063,11.6667,6.4118,3.7511,15.1627,51.0171,0,173.9863,0.0584,3.7686,12.1766,21.4828,148.9373,1.8404,1.0742,70.788,108.1463,29.0022,4.6972,42.7784,174.5454,23.8971,1.4229,55.8143,0,102.3368,18.5515,30.9405,208.1528,0,0,3.9514,26.8697,2.2301,19.9811,22.6152,0.5005,0,33.1503,7.7819,7.807,5.7594,6.2947,6.3003,62.0736,50.4511,20.2102,98.5062,0.522,0,0,0,0,0.1285,0.0057,0.0351,0.0135,9,0.0144,0.0869,0.1264,0,0.0104,0.4036,0.1586,0.0059,0.1432,0.0914,0.109,0.0709,0,0.0037,0.0342,0,0.0309,0,0.0083,0.0801,0,0,0,0.0101,0,0.0065,2.921,0,1.292,0,0.0503,0.0956,0.1078,0.0001,0,0.8111,0,3.118,0.191,0.0099,2.698,0.2586,0.1349,11.3376,0,0.0722,0,0.1911,0.0404,60.4309,9.2134,0,0.0041,0,0.1226,0.1083,0.0781,0.1279,0,0.0044,2.6055,0,20.3409,0.5319,11.8535,219.1856,23.1636,0,0.1484,1.5774,0.051,11.9071,0.015,0.0504,11.4688,0,0,0.682,1.709,8.1591,0,0.0529,4.6726,1.9527,0.2102,0.4956,0.5631,0,0,0.2272
"Venezuela",6820.5193,335.0884,0,501.8244,4.5873,301.7163,99.2212,41.0931,27.9984,0.8671,1.146,1.7366,0.8841,0,0,51.2088,0.8635,118.738,49.882,79.5237,62.9,160.2803,39.0505,173.9863,0,4.4782,1.9843,90.2553,11.9739,170.7117,0.4202,0.6624,161.7267,119.2947,3.2315,20.8415,1.0506,20.6071,134.9636,8.0364,1.6581,0,56.2613,55.9688,2.3115,228.1917,0,0,0.7498,20.4717,4.7203,5.5777,96.8336,0.147,0.0445,1.9714,5.7006,0.0858,0.0911,8.267,3.1403,12.7029,102.785,14.1155,15.0612,0.0339,0,0,0,0,0,0,0.0508,0.0048,0,0,19.6464,2.53,9,0,0.0041,0,0,0.2277,0.0354,0,0,9,0,0,0,0,0,9,0,0,0,0.0188,0,0,0,3.777,0,0,0,0,0,0,0,0,0.0027,0,0.7718,10.418,14.2864,0.034,0,6.1367,26.2548,0.2958,3.8699,0.1405,0.0721,0.7923,19.2079,2.0968,0,0,0,0.01,0,0,0,0.1743,0,28.1916,0,4.55,0.0171,17.4863,323.611,13.8451,0,7.2439,0,0,0.0074,0,0,60.4755,0,0,13.891,8.6371,85.3848,0,1.7047,3.0782,18.0251,0,37.1604,0,0,0,9
"Guyana",31.5,12.9384,0.0265,3.6191,0,0.1004,2.1493,26.3874,1.6111,0.1549,0.2441,0.2868,0.5638,0.784,0.2587,0.3531,0.0024,0,0,0,0,0.0248,0.1001,0.0584,4.4782,0,4.7905,0.0578,0.0231,2.1109,0,0,0.3828,0.1088,0,66.5573,0.0814,5.2922,0.84,0.05,1.1738,0,0.7672,1.7222,0.3827,2.9948,0,0,0,0.3777,0,0,4.2101,0,0,0.6132,0.0176,0,1.6573,0,5.0284,0.2023,0.1286,1.7895,0.2499,0,0,0,0,0,0,9,0,0,9,0,0,0,9,0,0,0,9,0,0.0705,0,0,0,0,0,0,0,0,9,0,0,0,0,0,0,0.0741,0,0,0,0.1089,0,0,0,0,0,0.0014,0.0187,0.3567,0,0.0005,0,0.0013,0,0.014,0,0,0,0,0,0,3.9464,0,0,0,0,0,0,0,0,9,0.7243,0,2.0316,1.2749,0.9777,3.518,0.1389,0,0.126,0,0,0.0535,0,0,0.3464,0,0,0,0.135,0.0066,0,0,0.0209,0.792,0.0012,0.2828,0,0,0,0
"Suriname",140.9766,0.0917,0,0.0022,0.1449,1.3187,2.55,34.193,0.2809,0.0121,0,0.0022,0.0241,0,0,0.612,0,0.0022,0.0011,0.0335,0,0.3943,2.5613,3.7686,1.9843,4.7905,0,0,0.1408,5.2759,0,9,0,1.1164,0.067,12.2705,0.0599,3.1084,16.2617,0.9683,44.2871,0,1.1119,0.4645,0.3358,41.4554,0,0,0,0.1007,0,0,1.0309,0,0,14.819,0.0373,0,0,0,0,0.0041,0.0274,216.9939,0.1784,0,0,0,0,0,0,0,0,11.7562,0,0,0,0,9,9,0,0,0,0,0,0,0,0,0,0,0,0,0,0,0,0,0,0,9,0,0,0.0058,0,0,0,0,0,0,9,0,0.0001,0,0,0,0,0,0,0,0,9,0,0,0,0,0,0,0,0,0,0,0,0,0,0,0,1.563,9,4.4493,0,1.3608,4.2855,0.7525,0,0.2311,0,0,0,0,0,1.1777,0,0,0,0.3573,0.2258,9,0,0.6636,0.0071,0,0.0024,0,0,0,0
"Ecuador",963.5469,98.5294,0,0,0.0323,0.0322,4.7105,3.4071,0.0129,0.0034,9,0,9.0056,0,0,40.0292,0.095,21.6916,0.188,0.8322,47.8,10.9487,156.6026,12.1766,90.2553,0.0578,0,0,21.9565,128.4467,0.6749,0.2223,46.3745,13.8966,0.386,3.5941,10.1177,8.0081,6.3895,0.3805,8.6091,0,43.9161,56.2441,4.1103,20.4955,0,0,2.6479,1.19,0.2755,1.8423,44.962,0.5089,0,39.0663,10.2909,0.0413,1.5105,6.2646,1.0378,16.4,0.8425,0.5134,0.1413,0.0033,0,0,0,0,9,0,0,6.0827,0,0,0,0,0,0,0,0,0,0,0,0,9,0,0,9,9,0,9,9,9,9,0,0,0,0,0.0122,0.3115,9,10.5489,0,0,0,0,9,0,0.0054,0,0,0,3.7512,1.6498,0,0,7.515,0,0.088,0,0,0,15.6,2.8774,0,0,0,0,0,9,0,0,0,0.1891,0,29.9736,9,9.6,62.097,0.0807,0,0.4439,9,0,0,0,9,5.2729,0,0,9,1.1171,0.0358,0,0.004,1.6932,1.0772,0,26.2625,9,9,0,0
"Peru",28.4379,93.3641,4.2284,6.7122,0.052,1.6187,1.2409,0.1904,0.2441,0.323,0.0035,0,9.0011,0.0104,0,0.4961,0.017,2.8357,2.538,4.2061,1.3513,10.2985,45.2184,21.4828,11.9739,0.0231,0.1408,21.9565,0,5.3647,46.1648,3.9996,25.2568,212.7426,32.7934,91.3929,1.9331,35.3256,40.3003,2.3997,83.7458,0,144.5332,24.3958,14.7034,94.5772,0,0,0.2816,14.3747,32.5201,42.8257,167.1505,0.1016,0.0319,56.2197,1.7936,0.064,7.0301,2.8056,64.2708,0.2144,45.5269,2.1338,2.6917,0.0332,0,0,0,0,0,0.8162,0.6848,0,0,0,0.538,0,0,7.5779,0,0.7128,0,0.2314,0.4242,0,0,0,0,0.3178,0,0.118,0,0,9,0,0,0,0,0,0,0.7246,0,9.6707,0,0,9,0,0,0.0044,0.0066,0,2.428,10.242,4.8294,0,0,11.522,22.846,0.0671,0.001,0,0,0.2667,31.1562,0.4516,0,0.0297,0,0.133,0.0044,0.069,0.006,0.0231,0.0275,80.2491,0,50.211,0.9878,87.0495,492.687,19.7201,0,2.7877,0.3589,0,0.914,0.039,0.6684,15.1576,0.1749,0.4312,3.4584,2.24,6.8171,0,19.2496,3.1365,7.5336,0,30.5999,0,0,0.356,0.011
"Brazil",3630.167,209.9572,34.2331,19.5668,3.9396,19.5391,53.8384,44.7195,7.9461,0.6608,1.2578,1.7765,1.2104,9.945,5.6617,171.0434,1.003,24.4514,21.9,9.2808,4.1534,49.4993,8.8426,148.9373,170.7117,2.1109,5.2759,128.4467,5.3647,0,78.32,140.261,13.2142,947.9981,350.5045,763.8409,9.4079,799.8088,295.2778,17.5822,1036.8334,0,201.5082,702.7378,340.1195,953.508,0,0,150.1244,103.3144,109.2753,82.76,1187.8446,7.9888,0.0825,167.1762,174.1893,13.0495,28.1666,32.8953,86.9396,15.8681,1.2707,9.0623,168.047,0.6075,0,0.0792,0.2948,0.1518,0.7491,0.3586,11.256,1.8615,3.846,0.5362,20.0832,5.3405,11.5857,10.9131,7.6492,16.489,1.707,8.7216,103.2408,30.5536,1.155,0.1936,1.5793,7.9808,1.1814,14.4059,2.7428,0.612,0.76,1.3057,0.01,1.6031,48.774,14.6542,0.4646,13.6152,1.314,65.8231,0.152,9.024,1.652,9,5.0816,0.0902,7.78,0.1051,90.9505,181.0834,15.7132,92.065,1.375,477.2717,157.693,983.7476,133.1691,9.9234,25.9963,16.6933,87.7689,1564.3799,0,13.0735,0,166.1272,0,329.4563,39.851,52.6698,0.9317,289.8999,0,312.1451,0.0143,601.7181,1413.821,207.2308,9.0561,21.6765,1.2654,0.002,2.2219,9.001,1.8744,329.8727,0.0231,0.1573,2.981,189.627,273.003,1.1584,230.8188,175.4321,138.8693,1.0689,18.9943,0.2519,0.0054,0.577,0.0256
"Bolivia",53.7634,15.1025,0,0.2736,0.0002,0.0003,0.0231,0.0001,0.0104,9,0.0009,0,0,0,9,1.1745,0.007,0.0557,0.0314,0.0595,0.0041,0.8407,7.1456,1.8404,0.4202,0,0,0.6749,46.1648,78.32,0,3.8996,66.3095,162.2902,0.8212,12.2415,0.5272,180.1796,14.242,0.848,45.1677,0,1.8119,5.5952,1.2977,35.837,0,0,0.0059,6.3446,0.0147,1.761,9.9193,0.4902,9.0948,0.7733,0.1682,0.0232,9.0335,0.0736,1.8935,1.9135,8.9157,0.2723,1.9977,0.0171,0,9.106,0,0.0003,0,9,0.0025,0,9.0008,9,9,0.0113,9.0027,0.0209,9,0.0001,9,0.0039,0.08,0,9,9,0,0,9,0.1496,0,0,0,0,0,0,0,0,0.0049,0.0017,9,0.5601,0,0,9,0,9,9,0,0,0.0108,0,23.16,0.0252,0,0.0313,0.0081,0,4.8574,0,0.0007,0.0165,0.2601,0.6708,0,0,0,0.0006,0,9,0.088,9.3875,9,4.0828,9,2.9004,0.7667,2.5117,49.6515,0.1938,0,4.2175,0.0356,0.0146,0.1331,0,9.0062,0.0322,9,9,0,9.7541,0.0415,9.0039,0.0218,0.1949,0.2298,0.009,0.0267,9,0,9,0
"Paraguay",110.8171,1.6228,40.05,0,0,0.7858,0.0121,0.0235,0.0359,9,9,9,0,9,9,5.0996,0,0.1173,0,0.0806,0.0242,0.3893,24.6349,1.0742,0.6624,0,9,0.2223,3.9996,140.261,3.8996,0,12.4523,124.6337,4.9966,33.377,0.6171,127.6575,33.9014,2.0186,12.2153,0,2.5354,64.35,66.3697,19.6944,0,0,0.5775,3.5517,0.0748,0.8458,42.627,0.0121,0.032,1.6026,1.6382,0.0484,0,0.2838,0.0957,0.2333,2.355,0.0822,2.2386,0.0017,0,9,0,0,9,9,0.1806,0,0,9,0.0955,0,0.022,0,0,0,0,0,0.0127,0,0,0,0,0.0022,9,0,0,0,9,9,9,0,0,0,0.0002,0,0,4.9752,0,0,0,0,0,9,0.3997,9,0.659,58.1638,3.7812,0,0,0,10.8374,0.257,0.305,0,0.012,0.0148,2.5975,0.1682,0,9,0,0.1155,0,0,0.073,9,0,11.6211,9,60.4764,0.985,43.9922,197.574,0.5955,0,0.7772,0.1036,0,0.1931,0,0,0.9946,0.0055,0,0,1.6771,8.6484,0,0.098,11.3093,0.1128,0,0.0409,0,0,0,9
"Chile",197.3,54.5987,0,0,0.0281,14.9304,0.5253,2.894,0.4599,0.0428,0.0041,0,9.0059,0,9,59.9834,0.0035,9.538,0,1.773,0,18.5663,4.2874,70.788,161.7267,0.3828,0,46.3745,25.2568,13.2142,66.3095,12.4523,0,391.226,3.847,212.8417,5.1231,176.9178,73.8053,4.3947,353.4423,0,51.7663,152.0539,42.6791,412.902,0,0,2.4309,4.1966,5.3165,3.1192,265.8756,0.3636,0,27.838,37.9941,1.0839,0,1.3,0,121.9082,89.549,19.0098,6.4764,0.5111,0,0,0,0,0,9,0.0757,0.0001,0.0168,0,0.0477,0,9,0.1586,9,0.0261,0,0.0331,258.7644,203.4,0,0,0,0,0,0,0,0,0,0,9.422,9,31.7,0,0.0775,1.0318,0,19.8,0,0,0,0,0,9,0.7106,0,0,0,11.722,1.57,0,0,45.84,0,23.683,0,0,0.4283,15.8,36.9418,0,0,0,9,0,3.8462,34,12.1782,0,19.9315,9,198.1,0,208.5,1048.0032,52.0788,0,0.9466,0.1425,0,3.2979,9,0,35.4618,0,9,0,36.1384,69.3598,0,37.3165,82.218,21.9572,5.1234,4.2869,0,0,0,0
"Argentina",787.821,107.1455,3.5912,178.941,1.1019,11.5354,4.1725,14.1284,1.9541,0.1699,0.1136,0.4411,0.3733,0.278,0.1427,230.9042,0.013,20.4292,1.9,2.754,2.4,20.3067,3.9271,108.1463,119.2947,0.1088,1.1164,13.8966,212.7426,947.9981,162.2902,124.6337,391.226,0,105.721,199.1215,7.8376,599.5281,158.5681,9.4419,355.1269,0,10.5273,375.3956,157.8217,816.4916,0,0,5.281,12.465,5.531,34.6776,440.9183,10.6356,0.0018,49.949,47.0146,3.2417,46.1952,70.6101,536.235,28.5704,15.9016,27.4766,124.3735,0.2692,0,0,0,0.0154,0,0.1133,4.6686,0.0432,0.0319,0.008,1.8957,0.1518,0.848,5.0094,0.0015,0.9317,3.128,0.5289,6.0067,3.9578,0.0209,0.0088,3.1697,2.1729,0.0209,4.021,5.5112,0,0.05,0.0033,9,0.046,24.7478,0.1265,0.0076,1.7292,0,63.413,0,0,0.298,0.027,0.012,0,6.0945,0.0187,21.2461,36.089,34.1265,2.688,0.0143,512.454,192.647,13.6103,27.779,34.0806,3.1152,2.8612,58.175,3.82,0,0.0033,0,16,0.176,4.011,5.033,1.6151,0,301.1683,0.0792,33.378,1.6346,10.53,409.382,51.6756,9.111,6.9222,13.3806,0.028,0.6971,0.001,0.0018,121.0577,0.2487,0.198,0.004,128.3976,7.9834,1.2135,25.167,115.3944,0.3319,0.0346,10.7478,0,0,0,0
"Uruguay",198.315,29.8011,0.2991,17.3833,0.2057,0.6555,0.3785,0.0726,0.3734,0.037,0.0253,9,9,9,0,0.5189,0.044,0.0314,0.027,0.276,0.198,0.1146,5.9609,29.0022,3.2315,0,0.067,0.386,32.7934,350.5045,0.8212,4.9966,3.847,105.721,0,52.3626,0.8986,17.5773,9.9665,0.5935,41.017,0,6.7014,4.228,8.2741,51.0102,0,0,5.896,9.8796,0.991,12.9137,46.2117,0.7849,9.189,6.574,4.6624,1.2202,2.0768,0.4454,53.2934,0.815,3.917,9.444,1.975,0.2109,0,0,9,9,9,9,0.1088,9.0011,0.0216,0,0.0258,9.0077,0,0,0,0.011,1.637,1.1076,8.432,0.9812,9,9.006,0.2057,0.1774,0,0,0,9,0,9,0,9,2.4763,0,0.0003,0.1712,0,0.028,0,0,0,0,0.006,0,0.002,0,0.588,10.637,0.6188,0.066,0,4.045,4.283,11.1111,15.881,9.052,0.11,0.4911,28.145,4.5391,0,0,0,0.584,0.165,9,9.837,9,0.024,64.0648,9,9.733,0.132,5.105,14.3221,0.792,0,0.0463,1.862,9,0.831,0,0,0.6786,0,0,0.059,0.0912,0.9829,0.011,0.515,0.4257,1.1525,9,0.5122,0,0,9,0
"United Kingdom",4104.304,578.4038,15.4371,26.6759,7.1224,6.9063,136.9341,15.2925,31.2604,25.2946,7.441,64.7357,43.1609,26.6453,8.0089,340.413,23.5415,13.4452,6.7341,9.9682,2.2512,0.0315,7.8982,4.6972,20.8415,66.5573,12.2705,3.5941,91.3929,763.8409,12.2415,33.377,212.8417,199.1215,52.3626,0,750.8985,8388.837,283.1319,16.8589,3865.389,0,3824.0852,982.4116,184.4395,12446.623,0,0,125.0439,441.2666,7.1902,157.4405,2363.547,201.0763,8.997,89.145,328.6703,52.801,22.3808,72.5002,433.9414,1081.5447,2033.9834,4721.71,1687.8447,327.5569,0,1.4658,0.0791,2.3409,29.488,13.0054,12.627,8.3217,20.8355,10.3798,83.0193,1.6793,8.0045,7.4008,17.5436,131.7809,15.6336,30.2981,237.0777,31.3623,2.8217,2.3947,7.9352,24.5442,55.9466,43.3175,128.5349,2.9094,2.756,22.3989,5.3102,46.6527,48.2414,33.5095,163.1987,59.5455,89.1046,67.9246,7.1527,1.1345,9.678,55.1218,5.5175,0.3901,309.7908,11.684,38.8311,370.4813,18.8474,177.2758,109.6688,529.2953,34.4572,377.0948,71.6443,88.2392,93.6751,108.6624,420.7664,1474.1751,0,71.4518,0,152.492,125.3302,236.987,817.679,147.7715,1.3392,339.4619,0.4585,1395.2066,8.6381,497.4252,6805.9322,237.6089,1.2065,63.0859,11.2663,17.6881,32.5992,8.1889,4.3472,39.0823,0.8545,2.2816,1.9873,213.2802,32.8927,222.3896,125.4557,142.1367,1262.7395,30.2919,155.2317,3.3028,9.5373,87.9339,0.8321
"Ireland",1210.193,94.1425,9.5293,9.9678,1.8374,0.2772,1.0147,8.0745,3.0033,0.0194,0.4417,0.9506,0.3345,0.1639,0.0425,168.3301,0.5599,3.0752,0.902,0.6829,0.7925,15.0007,1.2745,42.7784,1.0506,0.0814,0.0599,10.1177,1.9331,9.4079,0.5272,0.6171,5.1231,7.8376,0.8986,750.8985,0,223.5925,258.4318,15.3882,1045.7933,0,259.4242,381.319,0.267,1204.5388,0,0,70.6677,102.1412,2.7504,6.4542,697.1728,10.2845,0.6553,3.8507,95.8081,4.2013,3.0733,9.3438,94.2619,36.4766,26.6913,59.0946,29.9311,5.3731,0,0.0327,0,0.0291,0.5662,4.4735,2.173,0.043,0.0528,0.527,21.2192,76.6874,0.4554,1.1282,0.4039,28.9883,0.9221,8.8746,24.7292,1.9479,0.0396,0.2253,1.1055,11.0302,0.4423,11.4294,25.8735,0.2712,2.1363,0.0226,0.8103,2.309,2.0553,0.587,1.066,4.0972,0.4664,17.0348,0.598,0.0536,0.3251,5.2389,0.485,0.1114,3.7273,0.1662,13.8371,15.603,1.8003,53.5351,4.2715,17.545,17.7153,35.6232,49.0834,0.3577,8.3512,7.5768,4.6217,109.3178,0,13.2695,0,13.8981,7.3887,4.0504,26.2782,5.7754,1.5997,75.4287,0,116.7383,0.6829,7.9822,518.79,23.4213,9,5.3853,0.1594,0.007,2.1486,0.085,1.0486,10.2293,0.0039,0.0247,0.0944,21.8702,8.5872,0.8274,7.0757,42.7237,130.2703,0.1714,12.9918,0.0285,0.0357,0.0024,0.0068
"Netherlands",4419.3789,209.4085,0.8781,36.2455,11.535,16.7312,10.8051,20.5876,7.8643,2.0093,1.2465,3.6171,3.8979,1.7509,0.6903,65.2661,7.2761,10.6191,44.8355,3.2894,8.5829,43.4099,63.9325,174.5454,20.6071,5.2922,3.1084,8.0081,35.3256,799.8088,180.1796,127.6575,176.9178,599.5281,17.5773,8388.837,223.5925,0,3267.82,194.5809,2109.9994,0,1113.6933,1339.6924,661.0085,5023.495,0,0,308.0553,264.2513,5.2275,32.1182,5695.5346,39.9554,0.0008,71.7414,1063.4163,46.904,34.2928,56.9293,919.852,501.0917,499.2283,690.8273,329.8577,157.3406,0,0.6284,6.5124,2.7501,9.1801,23.3532,31.8017,7.578,12.3155,13.7838,193.2103,19.5123,17.9251,1.4278,4.8026,8.1959,46.7867,159.9087,380.2636,123.6296,6.1581,3.9313,14.7642,35.67,34.2539,16.5302,22.7683,1.8878,1.2151,4.0386,6.0155,21.0652,83.3768,22.7511,11.3471,9.8748,2.2373,44.4546,23.3728,0.2847,5.42,2.5882,6.578,2.3044,8.1442,3.2888,46.3068,875.815,72.7854,216.2692,56.9214,434.7729,183.6853,670.1836,204.7155,38.0057,50.5539,62.659,74.3354,949.3131,0,84.4442,0,927.1127,34.8801,32.3638,17.0563,88.666,4.9543,327.1708,3.3691,495.6339,3.8722,95.3539,2835.6286,125.9745,0,18.8919,92.5626,14.1594,52.6691,0.1237,0.5057,380.8776,1.4408,1.1241,5.1837,294.3628,29.7155,19.9704,0.4498,54.2918,32.0223,1.2271,53.5386,0.161,0.6415,1.0544,0.8604
"Belgium",468.9839,138.9842,1.4912,44,0.5568,4.8228,7.2861,21.4998,2.9163,0.1416,0.0661,0.453,0.1604,0.1699,0.9816,279.3747,0.0094,2.1613,11.3539,9.9949,1.6705,0.6323,26.3226,23.8971,134.9636,0.84,16.2617,6.3895,40.3003,295.2778,14.242,33.9014,73.8053,158.5681,9.9665,283.1319,258.4318,3267.82,0,0,1544.72,0,514.5609,1056.076,547.7918,0,3734.629,0,159.7101,504.0283,20.5183,1.0853,3613.2973,2.5483,1.8782,20.0841,524.4423,11.5993,21.7829,14.5912,873.7906,120.8349,1015.229,506.5384,275.8449,11.8541,3.5959,5.2759,1.2458,2.8314,67.2553,4.804,24.7842,0.8777,36.0249,5.5967,82.3939,27.8138,8.6641,333.615,61.5547,4.8323,2.52,26.5208,34.194,8.5508,65.1789,6.5877,94.8143,542.8936,3.4354,30.6358,17.0639,2.133,28.5217,8.2394,5.7761,14.9215,232.1563,12.024,70.1433,9.9193,0.5097,258.6677,17.1206,1.293,4.0489,7.6165,0.2737,9.6551,6.9841,0.991,29.1823,126.3751,30.1639,109.1318,10.6461,163.2682,258.8376,86.2918,101.7701,72.937,67.6706,65.783,1143.8409,66.236,0,64.9147,0,53.3248,60.2995,16.5826,40.5835,19.1309,17.583,35.9022,0.6323,88.2559,8.6452,231.2503,831.9898,1156.1758,0,31.2398,47.3128,0.9249,45.1326,0.151,5.8893,146.0911,0.1699,0.387,6.2763,28.2103,107.6595,2.4161,48.1244,46.5767,28.2952,1.2741,122.9019,0.0189,0.4058,4.3981,0.0283
"Luxembourg",27.9255,8.2758,0.0888,2.62,0.0332,0.2872,0.4339,1.2802,0.1737,0.0084,0.0039,0.027,0.0096,0.0101,0.0584,16.6353,0.0006,0.1287,0.6761,0.5951,0.0995,0.0377,1.5674,1.4229,8.0364,0.05,0.9683,0.3805,2.3997,17.5822,0.848,2.0186,4.3947,9.4419,0.5935,16.8589,15.3882,194.5809,0,0,91.98,0,30.6393,62.8838,32.6181,0,222.377,0,9.5099,30.0122,1.2218,0.0646,215.1528,0.1517,0.1118,1.1959,31.2278,0.6907,1.2971,0.8688,52.0296,7.1951,60.4515,30.1617,16.4251,0.7059,0.2141,0.3141,0.0742,0.1686,4.0047,0.286,1.4758,0.0523,2.1451,0.3333,4.9061,1.6562,0.5159,19.865,3.6653,0.2877,0.15,1.5792,2.0361,0.5092,3.8811,0.3923,5.6457,32.3264,0.2046,1.8242,1.0161,0.127,1.6983,0.4906,0.3439,0.8885,13.8237,0.716,4.1767,0.5906,0.0303,15.4023,1.0194,0.077,0.2411,0.4535,0.0163,0.5749,0.4159,0.059,1.7377,7.525,1.7961,6.4982,0.6339,9.7218,15.4124,5.1382,6.0599,4.343,4.0294,3.917,68.1096,3.944,0,3.8653,0,3.1752,3.5905,0.9874,2.4165,1.1391,1.047,2.1378,0.0377,1.7764,0.5148,13.7697,49.5406,68.8442,0,1.8602,2.8172,0.0551,2.6874,0.009,0.3507,8.6989,0.0101,0.023,0.3737,1.6798,6.4106,0.1439,2.8656,2.7734,1.6848,0.0759,7.3182,0.0011,0.0242,0.2619,0.0017
"France",5362.325,735.4605,7.7512,23.0948,5.0651,6.9944,0.5158,10.1388,8.3253,1.6612,0.0715,3.3629,0.9938,1.1353,3.5261,54.9599,0.5904,0.2443,0.1503,19.3864,2.6059,4.2555,11.0754,55.8143,1.6581,1.1738,44.2871,8.6091,83.7458,1036.8334,45.1677,12.2153,353.4423,355.1269,41.017,3865.389,1045.7933,2109.9994,1544.72,91.98,0,0,1658.649,1887.738,96.7278,3535.165,0,0,347.9512,15.5937,231.8549,88.9023,1034.979,59.8768,4.1014,308.4343,809.8631,139.8516,43.7783,161.0235,1724.8456,694.4619,910.1626,1987.7662,389.2909,111.2964,0,4.4769,7.5075,10.092,16.8001,135.2662,159.4123,41.207,85.9969,93.3652,35.0011,114.9563,96.2237,262.998,0.0658,5.4399,146.4489,263.3896,254.9499,493.6164,59.2114,59.9887,58.3356,66.3744,13.3017,63.6911,31.1195,13.0297,19.5364,5.5788,62.3572,9.6997,356.8797,24.1939,176.8801,8.6552,1.2234,240.9193,17.7741,12.1147,4.4214,40.2298,79.1192,38.8228,38.7493,14.3377,302.9527,385.2835,577.1296,353.7561,10.9438,870.1465,457.51,171.5091,621.9422,169.4488,177.1064,134.9296,85.7601,1906.7274,0,76.0037,0,42.519,57.7332,56.2274,27.7788,104.4057,13.0037,539.1505,0.8957,964,2.2826,137.0175,1725.3149,56.9451,0,87.0464,44.5729,8.5332,28.742,0.885,23.9987,39.2254,1.9486,0.4008,90.7196,199.9138,500.184,13.9195,53.233,123.2585,315.0588,6.9382,24.7997,5.0438,0.3195,6.908,1.0491
"Liechtenstein",0,0,0,0,0,0,0,0,0,0,0,0,0,0,0,0,0,0,0,0,0,0,0,0,0,0,0,0,0,0,0,0,0,0,0,0,0,0,0,0,0,0,0,0,0,0,0,0,0,0,0,0,0,0,0,0,0,0,0,0,0,0,0,0,0,0,0,0,0,0,0,0,0,0,0,0,0,0,0,0,0,0,0,0,0,0,0,0,0,0,0,0,0,0,0,0,0,0,0,0,0,0,0,0,0,0,0,0,0,0,0,0,0,0,0,0,0,0,0,0,0,0,0,0,0,0,0,0,0,0,0,0,0,0,0,0,0,0,0,0,0,0,0,0,0,0,0,0,0,0,0,0,0,0,0,0,0,0,0,0,0,0,0,0,0
"Switzerland",1296.7808,391.4709,7.365,23.3644,1.361,6.6282,9.6777,3.5958,4.7719,0.9345,0.4446,0.5277,0.2004,0.4411,0.073,407.8174,0.4081,4.1406,1.0318,11.9954,2.7325,13.5113,153.0656,102.3368,56.2613,0.7672,1.1119,43.9161,144.5332,201.5082,1.8119,2.5354,51.7663,10.5273,6.7014,3824.0852,259.4242,1113.6933,514.5609,30.6393,1658.649,0,0,431.4464,240.904,8945.605,0,0,503.6769,525.6565,108.2409,526.3413,962.7994,13.1053,5.8727,268.7774,259.0207,28.7452,89.2236,192.9062,520.9019,0.3044,303.1629,1.4478,54.2028,47.0581,0,1.4125,0.0852,0.0681,4.195,2.0269,1.7511,4.5352,2.7907,1.3105,2.9717,3.8793,3.4291,7.154,0.0232,0.7186,7.733,10.0635,61.6479,3.6197,0.5616,0.2571,1.08,13.9329,3.0405,3.5624,9.9297,1.0347,4.3667,0.6303,3.0666,18.2138,37.7943,6.2847,8.4415,15.7742,1.3852,45.8637,277.7701,0.0145,16.7337,7.8421,6.7093,0.0621,20.0567,0.5459,87.6007,97.2777,54.2521,11.8771,18.5711,496.8868,363.9507,97.0491,235.657,18.0206,37.3299,31.914,1144.2905,1190.2272,0,12.0583,0,55.4853,10.6787,20.6743,147.5416,47.6317,3.5592,103.4967,3.4369,71.8608,3.3524,280.1172,1037.6675,22.7609,0.1514,144.5508,44.1023,15.4913,3.0045,0.0319,7.9131,363.5312,0.1204,0.0501,8.7142,320.4613,512.0552,7.1534,60.8758,186.1146,477.5615,1.0263,68.7024,0.6952,0.188,0.645,0.2102
