"","United States of America","Canada","Bahamas","Cuba","Haiti","Dominican Republic","Jamaica","Trinidad and Tobago","Barbados","Dominica","Grenada","St. Lucia","St. Vincent and the Grenadines","Antigua & Barbuda","St. Kitts and Nevis","Mexico","Belize","Guatemala","Honduras","El Salvador","Nicaragua","Costa Rica","Panama","Colombia","Venezuela","Guyana","Suriname","Ecuador","Peru","Brazil","Bolivia","Paraguay","Chile","Argentina","Uruguay","United Kingdom","Ireland","Netherlands","Belgium","Luxembourg","France","Monaco","Liechtenstein","Switzerland","Spain","Andorra","Portugal","Germany","Poland","Austria","Hungary","Czech Republic","Slovakia","Italy","San Marino","Malta","Albania","Macedonia","Croatia","Yugoslavia","Bosnia and Herzegovina","Slovenia","Greece","Cyprus","Bulgaria","Moldova","Romania","Russia","Estonia","Latvia","Lithuania","Ukraine","Belarus","Armenia","Georgia","Azerbaijan","Finland","Sweden","Norway","Denmark","Iceland","Cape Verde","Sao Tome and Principe","Guinea-Bissau","Equatorial Guinea","Gambia","Mali","Senegal","Benin","Mauritania","Niger","Ivory Coast","Guinea","Burkina Faso","Liberia","Sierra Leone","Ghana","Togo","Cameroon","Nigeria","Gabon","Central African Republic","Chad","Congo","Democratic Republic of the Congo","Uganda","Kenya","Tanzania","Burundi","Rwanda","Somalia","Djibouti","Ethiopia","Eritrea","Angola","Mozambique","Zambia","Zimbabwe","Malawi","South Africa","Namibia","Lesotho","Botswana","Swaziland","Madagascar","Comoros","Mauritius","Seychelles","Morocco","Algeria","Tunisia","Libya","Sudan","Iran","Turkey","Iraq","Egypt","Syria","Lebanon","Jordan","Israel","Saudi Arabia","Yemen","Kuwait","Bahrain","Qatar","United Arab Emirates","Oman","Afghanistan","Turkmenistan","Tajikistan","Kyrgyzstan","Uzbekistan","Kazakhstan","China","Mongolia","Taiwan","North Korea","South Korea","Japan","India","Bhutan","Pakistan","Bangladesh","Myanmar","Sri Lanka","Maldives","Nepal","Thailand","Cambodia","Laos","Vietnam","Malaysia","Singapore","Brunei","Philippines","Indonesia","Australia","Papua New Guinea","New Zealand","Vanuatu","Solomon Islands","Fiji","Marshall Islands","Palau","Federated States of Micronesia","Samoa"
"United States of America",0,28417.48,556.05,6.38,467.98,2626.2939,668.18,176.6661,260.8279,31.8345,47.9423,80.3576,42.3829,93.9,40.53,3362.258,84.1113,154.3539,836.4,318.63,40.3,544.7883,691.1326,1426.0762,5833.3766,26.42,143.3871,866.2168,1118.7978,2070.7408,65.3025,319.885,1596,1790.3181,105.53,4430.386,1565.8433,7297.394,1966.7842,137.5364,3129.348,0,0,2766.8438,3210.8779,0,26.3319,6677.65,429.2979,770.2633,96.3,406.2534,112.4251,7417.6721,0,42.3734,8.1241,35.7993,102.75,0,27.53,24.87,405.1832,466.8362,81.4,17.2,178.8,1618.897,6.6116,60.5339,40.5433,226.62,49.823,96.0337,3.37,12.5382,555.6678,2958.4407,1067.5107,25.3823,100.6601,0,1.88,0.88,28.46,5.1353,19.72,62.6168,25.0661,39.89,15.1045,65.0286,70.9987,22.0608,36.09,9.3,29.99,9.0926,29.9674,4392.6999,1497.97,4.2496,8.15,178.5336,188.81,10.7,17.19,48.52,9.9637,40.44,8.91,10.67,113.4376,15.8,2104.31,18.89,4.6922,18.178,30.372,440.0999,14.6,63.4,14,32,39.8061,1.54,191.7528,6.5979,302.3326,389.128,314.8756,0,24.35,475.3,1798.1861,0.22,1556.5876,253.7678,613.088,312.7035,559.5996,3034.6352,76.7266,214.6187,157.2929,105.2033,1277.4,44.5543,1.4,52.155,15.1635,10.18,55.12,52.6,32397.541,10.84,10862.799,5.5,5529.4,51315.433,2746.6902,0.3,212.9704,951.2667,69.19,1170,11.5818,97.82,3347.7609,23.99,9.6,79.715,5323.887,172.996,221.43,2139.1768,3198.8916,10288.933,2.94,987.5052,1.21,2.23,0.7831,0,0,0,7.54
"Canada",28417.48,0,3.4856,63.2316,18.2552,37.3394,83.3846,72.1693,25.2077,5.4765,4.58,10.8198,4.1327,4.4235,2.7946,2639.8155,1.5448,24.4511,28.9547,18.3877,5.5467,91.1085,14.0719,67.5668,51.2781,131.4642,2.7883,25.7691,63.9384,408.5356,4.912,15.3298,92.8726,115.2943,1.5269,609.9316,226.1409,170.1049,386.8946,27.0554,361.1846,0,0,397.2297,84.0998,0,71.7991,88.1199,15.4037,136.6123,5.8294,14.708,1.5096,815.1172,0,34.7887,0.016,3.9298,0.1437,0,0.09,2.4424,42.2353,23.9264,31.145,6.9209,5.1391,180.6193,4.146,1.9301,0.0221,18.0454,18.8129,0.1206,0.3737,0.6866,182.79,779.0418,1145.927,116.0379,31.2106,0,0.0017,0.0568,0.0601,0.0794,1.2691,13.4228,2.6137,3.2766,6.3644,4.5382,8.5691,1.9708,0.1063,3.8431,11.8638,26.9639,3.2046,447.6754,0.5876,0.1428,1.082,0.5175,6.3725,1.1391,4.226,7.1058,0.3769,2.8274,1.2129,1.5483,2.6622,0,6.6233,11.7604,20.8214,18.199,1.8429,151.4194,33.7509,2.8607,3.7971,0.7991,10.3278,0.4852,14.443,0.1027,105.8152,174.259,76.7014,49.4529,1.6402,359.0157,172.1641,0.0874,53.7916,9.7573,61.7463,10.5626,38.9678,86.9311,4.8793,107.2204,16.8196,10.1946,123.1298,21.278,4.9414,0.921,5.2409,2.0857,3.9994,1.5263,1041.3223,2.09,1014.6073,0.3135,33.062,1244.593,111.0812,0.0044,35.5349,19.6916,10.2585,46.1371,0.5658,0.3286,333.007,1.3666,1.7911,36.3413,832.379,517.4151,6.6701,126.4008,331.5787,185.6794,2.361,0.7095,0.3403,0.0002,19.5391,0,0,0,0.0372
"Bahamas",556.05,3.4856,0,0.0916,0.344,0,1.1323,4.2201,1.6409,0.115,0.0306,0.0258,0.0106,0.0388,0.017,62.1808,0.0022,0,0,0.4122,0,0.598,0.5681,2.1157,49.9488,0.0559,1.6533,0,0.2013,0.506,8.459,0.6501,0.1,0,0.0544,1.0925,0.0291,4.9772,8.8884,0.6216,1.1958,0,0,5.4858,28.1348,0,0.1284,3.2825,53.6613,0.9739,0,0.0414,0.0019,7.2604,0,0.0102,9,0.0113,29.3714,0,0,0.0653,19.5148,0.0453,0.33,0,0.01,130.52,0.4885,0.0056,0.3408,0,0.031,0,9.666,0,246.9868,1.8799,25.3961,109.4178,0.9043,0,0,9,0,0.0018,9,0.2875,0.018,0,9,1.585,8.7008,0,0,0.0022,0.0765,9,0,0,0,0,0,0,0,0,0,0,0,0,0,0,9,0,1.3321,0,0,0.06,0,0.2986,0,0,0,0,0.006,0,0,0,0,14.5527,0,0,0,0,6.9172,0,0.2014,0,5.4125,0,0.8,0,0.0091,0,0.0032,9,0,9,0,1.3255,9,0,0,60.83,8.4893,0,0.5497,0.0436,10.56,105.7171,1.407,0,0.4463,0.2623,0,0,9,0,0.0192,0,0,0,2.329,33.8488,0,0.2618,0.4128,0.2707,9,1.712,9,0,0,0,0,0,0
"Cuba",6.38,63.2316,0.0916,0,0,0,0.0071,22.7709,0.0353,0,0.0029,0,0.0713,0,9,383.7482,4.5782,0,0,3.2269,2.19,0.2645,3.1805,2.8777,120.5795,7.6276,0.0001,0,0.1364,7.0389,0.3836,0.0055,18.75,64.7704,5.1236,19.0849,8.3071,89.9146,65.2566,4.5634,97.3384,0,0,1.1269,361.3304,0,11.4433,41.0567,1.7353,1.9674,0.12,2.3685,2.1223,35.8795,0,0.0766,0.0076,0,7.7786,0,0,0.0198,1.1132,0.1684,46.74,0,3.21,64.49,0.002,0.0222,0.3832,0,2.2818,0,9,0,0.3655,10.0837,1.306,5.8452,0.0015,0,0,1.5003,0,0,0,0.0533,9.0278,0.0108,0,0.5029,9.0616,9,0,9,0.5906,0,0,0.4239,0.0019,0,0,0,9,0,0,0,0,9,0,0,0.0005,0,9,0.1254,0.0002,0.0269,0,17.2691,0,0,0,0,0.0073,9,0,0,0.2456,48.3395,10.8406,35.1251,0,6.8,6.842,0,40.6176,4.8621,11.3739,0.202,0,0.1397,0.0015,0.0934,0.2967,9,0,0.0119,0,0,0,2.854,0,0.22,52.5921,0,6.6177,0,0,72.2594,4.677,0,0,9,9,0,0,0,29.3863,9,0,47.6309,1.0005,2.2631,9,0.9853,1.2528,3.1145,9,17.4979,0,0,0,0,0,0,0
"Haiti",467.98,18.2552,0.344,0,0,23.9732,1.5797,8.6021,0.3338,0.0379,0.008,0.0219,0.0408,0,0,15.1547,0.0368,5.6144,0,0.1651,0,1.7481,3.1784,10.9193,20.2565,0,0,0,0.1738,7.1775,0.0022,0,2,0,0.0451,21.3287,0.2473,20.6445,2.0936,0.1464,24.3195,0,0,0.2803,0.0001,0,0.1772,17.6613,0,0.4065,0,0.6345,0.0071,3.0325,0,0.014,9.0043,0,0.0375,0,0,0,1.2078,0.0549,0,0,0,0,0.0015,9,0,0,0,0,0,0,0.3687,0.6995,2.1418,1.0918,0.0015,0,0,0,0,0,9,0,0.0004,9.0081,9,0.0188,0,0,0,9,0,0.0938,0,0,0,9,0,0,0,0,9,0,0,9,0,9,9,0,0,0,0,0.2101,0,1.6866,0,0,0,0,0.0134,9,0,0,0.0801,0.0072,0.0489,0,0,0,0.132,0,0,0,0.0008,0,3.5143,0,9,0.0655,0.0014,0,0,9,0,0,0,0,0,0,6.0753,0,9.0398,0,9.24,40.736,1.057,0,0.2629,0,0,0,0,9,0.8107,0,0,0,16.4292,0,0,0.8117,0,0.0613,0,0.4844,9,0,0,0,0,0,9
"Dominican Republic",2626.2939,37.3394,0,0,23.9732,0,3.5783,38.8707,1.9051,0.1495,0.2427,1.4682,1.8289,0,0,136.7608,0.0217,13.8283,3.5,6.6086,2.9,8.9811,38.5488,27.2164,410.0867,0,0.5328,0,1.5136,15.7905,0.1275,0.22,12.1,0.207,1.086,5.5982,6.8464,30.4663,32.8994,2.3006,33.4698,0,0,5.9462,12.0138,0,2.3798,92.2328,0.632,1.3138,0,0.1344,0.0537,11.6267,0,0.0043,9,0,0.359,0,0,0.297,0.0422,0.0404,0.5,0,0.1,0,0.019,1.0012,0,0,0.097,0,0,0,12.8263,1.7944,4.9333,7.2637,0.0634,0,9,0,0,0,0,0,9,0,0,0.0055,9.0043,9,0,0,0,0,1.8331,0,0,0,0,9,9,0,0,9,9,0,0,9,9,0,9,0,0,0.026,9.009,0,0,0,0,0,0.0284,0,0,9.042,1.8971,0,0.6054,0,9,0,4.338,0,0.0181,9,0.0019,0,3.7,0,9,9.1271,0.0234,9,0,0,0,0,0,0,0,0,38.124,9,7.425,0,0.2469,11.4132,3.43,0,3.3954,0.1827,0,0,0,0,8.7839,0,9,0,1.3985,0.8525,0,0.428,0,0.6232,0,6.9588,9,0,0,0,0,0,9
"Jamaica",668.18,83.3846,1.1323,0.0071,1.5797,3.5783,0,213.499,2.5463,3.9672,0.6089,3.7692,1.2393,4.9366,3.2961,49.9125,2.3908,2.0561,0,0.2008,0,1.6059,0.179,5.445,52.1688,2.302,2.0337,0,3.3814,39.9278,0.015,0.0297,2,0,0.2561,112.2183,1.834,36.0754,16.8329,1.1771,36.4768,0,0,7.681,58.9131,0,0.7993,30.4221,1.6201,0.0063,0,0.2133,0.6845,14.4197,0,0.0239,0,0.0075,1.2953,0,0,0.0341,0.4715,0.0378,0,9,0.22,33.2,0.0364,0.0546,0.0071,0,0.068,0,9,0,4.9936,25.4974,128.7884,2.2425,0.0541,0,0,9,0.0008,0,0,0.0006,0.001,0,9,0.1467,0.0045,9.0042,0,0.0035,73.6885,0.0138,0,0.1121,0,9.0019,0.025,0,0,0.0008,1.0145,0,0,9,0,0,0,0,0,0,0.1136,0.0301,0,4.3473,0,0,0,0.042,0,0,0,0,0.0043,0.0582,0.1043,0,0,0,24.9833,0,0,0,0.0805,0.0004,2.31,0.4759,0,0.0232,0.0118,0,0,0.0231,0,0,0,0,0,0,19.3385,0,19.227,0,34.44,100.3633,0.639,0,0.0467,0.082,0,0,0,9,6.1686,0,0,0,11.8462,7.1424,0,0.2763,0,2.9687,0,10.2994,0.0251,0,0,0,0,0,0
"Trinidad and Tobago",176.6661,72.1693,4.2201,22.7709,8.6021,38.8707,213.499,0,65.075,10.41,26.0224,35.2104,20.5792,17.2057,18.4411,59.3778,3.5645,2.3333,2.1323,2.249,5.3887,8.3285,7.6134,68.524,82.2331,80.0505,24.6277,8.099,6.1298,32.4597,0.0388,0.1511,18.8073,0.6081,0.1258,57.4093,10.3142,19.9304,6.8696,0.4804,72.3305,0,0,13.6694,27.3043,0,6.3291,72.2816,2.9024,3.615,0.522,3.6076,1.201,16.6302,0,0.1191,0.0012,0,0.006,0,0,0.058,0.0256,0.0131,0.0693,0,0.0755,1.5234,0,0,0,0,0,0,0,0,1.9922,5.912,3.4162,3.8241,0.0108,0,0,0,0,0.0013,9,4.8456,0,0,0,4.6283,0,0,3.9158,0.0837,0.0192,0.0344,0.0245,10.2411,0,0,0,0,0,0,0.0083,0.0535,9,0,0,0,0.0324,0,0,4.3971,0.0415,0.014,0.0615,6.394,0.0178,0,0.0402,0.0245,0.0123,0,0,0,0.0032,0,0.3921,0,0.0012,0.1918,0.3225,0,0.1229,0.0573,0.0012,0.0235,1.547,0.5869,0,0.0795,0.0178,0,0.0208,0,0.0123,0,0,0,0,0,22.3263,0,12.661,0.7309,26.1868,33.9265,6.0193,0,0.6023,0.0017,0,0.3675,0,0,3.9885,0,9,0.0578,3.886,2.1548,0,1.3466,2.2656,4.6819,0,6.1201,0,0,0.0042,0,0,0,0
"Barbados",260.8279,25.2077,1.6409,0.0353,0.3338,1.9051,2.5463,65.075,0,2.3855,0.9994,8.25,0.156,8.2245,3.4668,1.1875,1.2647,3.2229,1.3584,0.0344,0.0002,0.9176,0.6224,1.0323,27.747,1.2259,0.2386,0.2085,0.0704,7.0588,0,0.6349,0.4839,0.9711,0.2005,32.801,2.2303,5.3847,4.2526,0.2974,10.0764,0,0,7.1288,3.0071,0,0.122,15.7401,0.0026,0.6527,0.1858,0.9579,0.0154,5.4853,0,0.0004,0,0,0,0,0,0.008,0.0835,0.2042,0.0064,9,0.0887,0.0838,0.0262,0,0,0,9.001,9,0,0,1.5272,0.6906,2.4134,2.0633,0.0632,0,0,0,0,0,0.0004,0.0018,0,9,0,0,0.0004,9.0001,0,0.0001,0.001,0,0.0059,0.005,0,0,0,0,0,0,0.0002,0.034,0,9,0,0,0,0,0,0,0.0097,0.0266,0.0286,0.7597,0,9,0,9,0.0064,0,0.0011,0,0.0011,0.0236,0.0617,0,0.0241,0.1427,0.4218,0,0.0047,0.0005,10.4567,9.0203,0.4678,0.0006,0,0,0,0,0,0,0.0029,0,0,9,9,0,7.8795,0,3.8647,0.021,9.0976,50.3806,0.5799,9,0.0961,0.005,0,0.1194,9,0,1.3286,0,0,0.0676,1.4415,0.4246,0,0.4819,0.8959,1.071,0,10.1973,0,0,0,0,0,0,9
"Dominica",31.8345,5.4765,0.115,0,0.0379,0.1495,3.9672,10.41,2.3855,0,0.1714,3.1096,2.0312,1.3229,0.4106,0.0399,0.1222,0.5796,0,0.1004,0,0.4445,0.3411,0.1203,0.8672,1.7263,0.0222,0.0006,0.1709,0.8102,0.0102,9,0.3975,0.0152,0.032,8.4729,1.0752,0.6528,0.0935,0.0065,8.4555,0,0,0.4329,1.7183,0,0.7423,2.6437,0.4027,0.0852,0.0288,0.1312,0.2085,0.3536,0,0.0948,0,0,0.032,0,0,0.095,0.0012,0.0217,0.0085,0,0.0245,0,0.0749,0,0,9.0409,0,0,0,0,0.0123,0.1039,0.3563,0.1736,0,0,0,0,0,0,9.0063,0,0.0012,0,0,0.0431,4.3184,0,9.0004,9,0,9,0,0,0,0,0,0,0,0,0,0.0026,0,0,0,0,0,0,0,0,0.1352,1.0609,0,0,0.0006,0,0,0.01,0,0,0,9,0,0,0.0017,0,0.0072,0.0029,0.0457,0,0.125,0,0.1024,0,0.1106,0.0238,0,9,9.0005,0,0.0082,0,0,0,0,0,0,0.1,0.3424,0,0.3102,0.0006,30.9868,3.0082,0.0827,0,0.0012,0.008,0,0.0028,9,0,2.772,0,0,0,5.7492,0.1317,0,0.072,0.0228,0.0158,9,0.0091,9,0,1.1669,0,0,0,9
"Grenada",47.9423,4.58,0.0306,0.0029,0.008,0.2427,0.6089,26.0224,0.9994,0.1714,0,0.7184,0.4658,0.4782,0.0544,0.1186,0.0046,9.1064,1.2035,0.0013,0,0.0002,0.1044,0.0545,0.8554,1.2746,0,9.0027,0.1688,0.6505,0,0,0.0501,0.0647,0.032,8.3567,0.2613,0.1981,0.1028,0.0072,0.6446,0,0,0.6913,0.5402,0,0.0254,3.8039,0.0275,0.0162,0.0843,0,0.007,0.4413,0,0,0,0,0.034,0,0,0.406,0.0001,0,0.028,9,0.0526,0,0.0004,0,9,0.0326,0,0,9.032,0,0.0232,0.1288,0.4192,0.7151,0.0105,0,9,0,0,0,9,0.0011,0.0403,0,0,0,2.1981,0,9,9,0,9,0,9.0019,9.0001,0,9,0,0,9,9.0011,0.0007,9,9,0,0,0,0,9,9,0.0001,0.0223,9,0,9,9,0,0.0001,0.0047,0,0,9,9,0,0.0011,0,9,9.0011,0.0809,9,0.0004,0,0,0.0314,0.0105,0,0,9,9,0,9,0,9,0,0,9,0,0,0.9175,0,0.6102,9.0348,1.5326,4.2464,0.0787,9,9.0013,0.0358,0,0.016,9,0,0.1187,9,9.0031,0.0013,0.111,9.0584,9.0013,0.0019,0.0277,0.0243,0,0.7509,0,9,0,0,0,0,9
"St. Lucia",80.3576,10.8198,0.0258,0,0.0219,1.4682,3.7692,35.2104,8.25,3.1096,0.7184,0,1.574,1.1465,0.1059,0.6255,0.1369,0.5932,2.2674,0.0083,0,0.7052,0.8146,2.2361,1.2512,2.2303,0.0018,0.034,0.0055,2.7948,0,9,0.0263,0.3961,0.0794,38.6222,0.1666,4.5176,1.159,0.081,8.4135,0,0,0.4778,0.3297,0,0.3038,1.325,0.0914,0.1677,0.0404,0,0,1.6061,0,0.0002,0,0,0.001,0,0,0.042,0.006,0.0089,0.0073,0,0.0545,9,0.0017,9,0,0.0544,0,0,0,0,0.1767,0.6127,0.2061,0.8151,0.0051,0,0,0,0,0,0,0,9,0,0.0132,0,0.0023,0,0,0.0001,0,0,0,0.0003,0,0,0,0,0,0,0,0.0037,0,0,0,0,0,0,0,0,0,0.0211,0,0.0127,0,0,0,0.0003,0.0004,0,0,0.0056,0.0001,0,0.0009,0,6.3863,0.0233,0.3335,0,0,0,0,0.0009,0.0767,0.0005,0,0,0,0,0.0005,0.002,0,0,0,0,0,0,4.2879,0,2.1562,0.5878,1.7203,14.0762,0.4825,0,0.0166,0.0077,0,0.1352,9,0,1.4305,0,0,0.0379,0.6392,0.418,0,0.0214,0.7081,0.4911,0,2.0845,0,0,0.006,0,0,0,0
"St. Vincent and the Grenadines",42.3829,4.1327,0.0106,0.0713,0.0408,1.8289,1.2393,20.5792,0.156,2.0312,0.4658,1.574,0,3.5476,1.9257,0.2643,0.1088,0.182,0.2552,0,0,0.033,0.4667,0.2925,0.8032,1.3506,0.008,0.0012,0,1.1742,0,0,0.0125,0.2431,0.018,17.6865,0.4154,2.4923,0.3832,0.0268,15.0121,0,0,0.1655,0.0246,0,1.2339,3.2317,0.0562,0.0099,0.0159,9,0.01,5.2429,0,0,9,0,0.03,0,0,0,0.298,0,0,0,0.0238,0,0.0134,0,0,0,0,0,0,0,0.0744,0.3085,0.2485,0.527,0.002,0,0,9,0,0,0,9,0,0,0,1.3273,0.0025,0,9,0,0,0,0,0.0027,0,9,0,0,0,0,0,0.0005,0,9,0,0,9,0,9,9,9,0.0627,0.0046,9,0,0,9,0,0.0246,0,0.0002,9,0.0005,0,0,0,0,9,0.027,0,0,9,0,0,0.0042,9,9,0,0.0003,0,0,0,0,0,0,0,0,0,1.4343,0,1.4885,0,0.6855,8.7637,0.0306,9,0.0034,0,0,0.014,0,0,0.0526,0,0,0,0.0672,13.5021,0,0.1426,0.3373,4.3791,0,0.1984,0,9,9,0,0,0,0
"Antigua & Barbuda",93.9,4.4235,0.0388,0,0,0,4.9366,17.2057,8.2245,1.3229,0.4782,1.1465,3.5476,0,0,0,0.12,9,0,9.0105,0,0.1393,0,0.1172,0.2723,1.6523,0.0559,0,0.072,15.0014,0,9,0,0,9.014,34.2781,1.9606,1.7444,0.3084,0.0216,2.6557,0,0,0.4753,0.8793,0,22.9673,3.5405,21.548,0.022,0,10.1379,0.0062,6.6154,0,0.0003,0,0,0.014,0,0,0.159,4.3334,0,0.1,0,0.1,9,0.0328,9.0253,0,0,0,0,0,0,0.0965,0.771,0.6439,0.8591,0,0,0,0,0,0,0,0,9,0,0,0,0.2702,0,0,9,0.0052,9,0,0.0917,0,0,0,0,0,0,0,0,0,0,0,0,0,0,0,0,0,0.063,0,0,0,0,0,0,0,0,0,0,0,0,0.3845,0,0,0,0.077,0,0,0,0,0,0,0,0,0,9,0,0,0,0,0,0,0,0,0,1.948,0,0,0,0,0,0.04,0,0,0.1988,0,0,9,0,0,0,0,0,0.0758,6.9615,0,0.164,0,0.4656,0,0.209,0,0,0,0,0,0,0
"St. Kitts and Nevis",40.53,2.7946,0.017,9,0,0,3.2961,18.4411,3.4668,0.4106,0.0544,0.1059,1.9257,0,0,0,0.0001,0,0,0,9,0.0879,0,0.0066,302.1214,0.5451,0,0,0,0.1221,0,9,6.7,0,0,5.3724,0.0216,0.91,0.2897,0.0203,4.3617,0,0,0.0691,0.1681,0,0,0.0973,0,0.1711,0,0.0409,0,0.5147,0,0.0004,0,0,0.0021,0,0,0,9.0626,0,0,0,0,0,0,0,0,0,0.278,0,0,0.0716,0.0814,0.478,0.4909,1.0128,0,0,0,0,0,0.0006,0,0,9,0,0,0,0,0,0,0,0,0,0,0,0,0,0,0,0,0,0,0,0,0,0,0,0,0,0,0,0,0.0033,0,40.6121,0,0,0,0,0,0,9,0,0,0,0,0,0,0,0,0,0.1111,0,0,0,0,0,0,0,9.0031,0,0,0,0,0,0,0,0,0,0.0297,0,0.526,9,0,6.0885,0.055,0,0,9,0,0,0,0,0,9,0,0,0.0091,0,0,0.0055,0,0.0609,0,0.2131,0,0,0,0,0,0,0
"Mexico",3362.258,2639.8155,62.1808,383.7482,15.1547,136.7608,49.9125,59.3778,1.1875,0.0399,0.1186,0.6255,0.2643,0,0,0,26.3589,251.7036,68.1993,141.6906,23.1622,159.6115,74.5322,345.1236,116.2304,0.5984,1.6289,82.9177,119.4116,271.5383,14.29,16.8839,52.4391,535.0995,22.3681,114.2788,144.6674,137.294,116.8955,8.1744,570.2809,0,0,354.4408,236.6235,0,86.4993,2290.5156,28.6643,58.1968,2.5351,0.1385,3.4584,499.3396,0,0.2946,0,1.4496,4.355,0,0,2.469,33.7663,7.6332,13.1139,0,3.2659,0.9,0.0516,0.1578,1.3467,0,0.509,0,9,0,48.957,191.8071,5.6435,43.1837,0.9361,0,0,0,0,0,0,0.7822,0.0066,0,0.0501,0.8646,0.0049,0.0812,1.8172,0,0,0.2126,4.1911,0.3399,0,0,0,0.1472,0.3487,0,0.0138,0,0,0,0,0,0.1991,0,0,0.0154,0.0031,1.213,0.022,0,9,0,0,0,0.0506,0,0,0,39.5925,53.4111,11.9986,0.1089,0,24.6429,70.2566,0.0077,13.6669,0,8.147,0.6995,44.7293,42.6837,1.5128,18.4694,0.5001,0,25,1.7028,0,0,0,0,0,0.1,377.9478,0,744.022,0,764.3892,2483.8094,77.3598,0,2.0751,4.5903,0,21.9272,5.4219,0,0.4551,0,0,0.541,436.6842,158.1032,0,7.5308,91.7805,22.4863,0,63.4995,0,0,0.1414,0,0,0,0
"Belize",84.1113,1.5448,0.0022,4.5782,0.0368,0.0217,2.3908,3.5645,1.2647,0.1222,0.0046,0.1369,0.1088,0.12,0.0001,26.3589,0,5.9651,0.3021,1.7393,0.0003,0.426,0.7779,0.6876,0.1777,0.0406,0,0.138,0.001,1.3774,0.0013,0.0535,0.006,0.0111,0,58.1084,1.2347,2.7449,0.1028,0.0072,2.4875,0,0,3.1434,9.6826,0,8.2041,0.7538,1.1011,0.0549,0.0138,0.005,0.02,6.0108,0,0.1889,0,0,0.256,0,0,0.075,0.3318,0.0655,0,0,0.0025,0.0597,0.4154,9.0037,0.2405,0,0,0,0,0,0.0732,0.342,0.0377,1.7262,0,0,0,0,0,0,0,0,0.829,0,0,0.0582,0,0,0,0,0,0.0018,0,0,0,9,0,0,0,0,0.0022,0,0,0,0,9,0.01,0,0,0,0,0.002,0.017,0.0804,0,0,0,0,0.0004,0,0,9,0,0,0.001,0,9,0,0.0043,0,0,0,0,0,0.0585,0,0,0,0,0,0,0,0,0,0,0,0,0,1.9657,0,1.7904,0.0091,0.9695,19.7015,0.2726,0,0.001,0.0013,9,0.0133,0,0,0.2814,0,0,0,0.1022,0.4268,9,0.4466,0.1303,0.0735,0,0.2661,0,0,0,0,0,0,9
"Guatemala",154.3539,24.4511,0,0,5.6144,13.8283,2.0561,2.3333,3.2229,0.5796,9.1064,0.5932,0.182,9,0,251.7036,5.9651,0,81.1485,123.261,72.6201,42.789,44.9104,23.6134,98.1141,0,0.1981,27.2457,31.0568,48.578,0.1245,0.6678,14.5817,20.6285,0.4748,16.0004,5.6043,18.616,10.9446,0.7654,33.1234,0,0,9.9589,10.9191,0,13.1149,55.3763,6.8434,22.0777,0.0444,0.5267,1.809,1.5877,0,0.0793,0,0,0.063,0,0,0.051,0.073,0.0023,5.5,0,3.7216,0,0.1258,9.0644,0.0013,0,9,0,0,0,8.1324,17.7152,1.6051,4.1107,0.4235,0,0,0,0,0,0,0.0044,0.0004,9,9,9.3742,0.0241,0,0,0,0,0.0445,0,0.0194,9,0,0,9,0,9,0,0,9,0,0,0,0.0093,0,9,9,0.0077,0,9.001,1.564,0,9,0,0,0.0063,0,0,0,0.878,8.3919,0.0379,0,0,0.0134,0.0243,9,0.7191,2.6313,1.5267,1.8002,4.3024,38.6595,0.0492,4.853,0.8713,9,0,1.0447,9,0,0,0,0,2.1,31.471,9,2.4478,0,31.2296,30.9962,2.9312,9,1.2446,2.0365,9,15.2948,0,0,0.7841,0,0,0,6.7415,1.9166,0,15.164,1.7713,2.1191,9,7.8683,0,9,0,0,0,0,0
"Honduras",836.4,28.9547,0,0,0,3.5,0,2.1323,1.3584,0,1.2035,2.2674,0.2552,0,0,68.1993,0.3021,81.1485,0,23.9138,14.6,35.1392,3.1808,15.365,21.4269,0,0.0098,3.8468,2.0556,26.245,0.0348,0.026,4.2,2.5,0.202,21.4499,3.3953,32.3428,4.5611,0.319,20.6176,0,0,16.2549,46.943,0,6.1366,123.418,5.774,21.2972,0.8,4.4158,8.9053,29.7648,0,0.0057,0,0,3.923,0,0,0.2,5.1615,0.0604,1,9,3.6,0,0.0073,0.1993,0,0,0.06,0,0,0,5.2829,4.6262,1.138,0.3831,0.2535,0,0,0,0,0.0003,9,0.0004,0.0561,0,0,0.5029,0.0585,9,0,9,0,0.0276,0,0,0,9,0,0,0,9,0,9,9,0,0,0,9,0,0,9,0,0,0,0,0,0,0,0,0.0056,0,0,0,0.4473,0,0.001,0,0,0,0.181,0,0,0,0.2049,0.3314,1.9,0.1362,0,0.0271,0.0168,9,0,0.024,0,0,0,0,0,0,31.204,0,0,0,49.2,72.085,1.47,0,0.3336,0.3164,0,0,0,0,0.8274,0,0,0,0.3278,13.827,9,0.107,1.082,1.0644,9,0.2485,0,9,0,0,0,0,9
"El Salvador",318.63,18.3877,0.4122,3.2269,0.1651,6.6086,0.2008,2.249,0.0344,0.1004,0.0013,0.0083,0,9.0105,0,141.6906,1.7393,123.261,23.9138,0,5.7396,6.975,48.3289,21.4439,66.1777,0.2418,0.0163,3.5665,0.2317,30.3989,1.0204,0.1869,13.4947,8.6727,0.1558,20.351,2.8227,6.669,6.5799,0.4601,3.5142,0,0,11.2131,19.6643,0,2.5768,166.2338,1.8347,20.0809,0.1525,0.3565,1.8402,20.5288,0,0.002,0.2175,0,1.96,0,0,0.001,0.2524,0.0044,0.1418,2.3,1.4565,2.9444,0,0,0,0,0.091,9,9,9,1.7649,2.6247,3.8301,0.7361,0.0357,0,9,0,0,0,9.0458,0,0,0,9,0.0102,0.0147,9,9,0,0.0002,0,0,0,0,0.0042,0,9,0,0,0,0,9.0189,9,9,0,9,0,0,0,0,0.035,0,0,0,0,0,0,0,0,0,9,0.9179,0.8432,0,0,0,0,0.7967,0,0.0039,9,0.0195,0,1.4716,0.5578,0,0.0826,0.0083,0,0.0517,0,0,0,0,9,0,0,4.1358,0,28.0641,0,27.9964,116.8827,0.2707,9,0.4081,9.046,9,0.5008,0,9,0.0969,0,0,0.0103,6.4288,3.563,0,0.0522,0.9047,0.5739,0,8.8222,9,0,0,0,0,0,9
"Nicaragua",40.3,5.5467,0,2.19,0,2.9,0,5.3887,0.0002,0,0,0,0,0,9,23.1622,0.0003,72.6201,14.6,5.7396,0,65.0722,101.066,6.0819,56.2856,0,0,7.5133,0.5778,4.5131,0.0033,0.0519,0.9,1.4,0,8.1292,0.8211,2.5067,0.7477,0.0523,14.6822,0,0,11.1583,4.745,0,0.6619,36.3228,1.952,5.3122,0,0.3419,0.3515,1.9886,0,0,0,0,0.148,0,0,0,0.063,0.0199,0,0,0,0,0.0094,0,0.3789,0,0.004,0,0,9,1.5584,2.686,0.1558,4.391,0,0,0,0,0,0,9,0.0461,0,0,0,0,9,9.0041,9,0,0,0.0042,0,0,9,0.0581,9,0,0,9,9,0,9,0,0,0,0,0,9,0,0,0.009,9,0,0,0,0,0,0,9,0,9,0.1348,0.3172,0,0,0,0,0.158,9,0.0028,0,0.0005,0,1.5,0,9,9,0.0016,0,0,0,0,0,9,0,0,0,20.881,0,0,0,10.8,37.432,0.8,9,0.1786,9,0,0,9,0,0.6722,0,9,0,0.1517,0,0,0.289,0.444,0.4409,9,0.3589,0,0,0,0,0,0,9
"Costa Rica",544.7883,91.1085,0.598,0.2645,1.7481,8.9811,1.6059,8.3285,0.9176,0.4445,0.0002,0.7052,0.033,0.1393,0.0879,159.6115,0.426,42.789,35.1392,6.975,65.0722,0,24.9548,90.6514,200.7617,0.731,0.7125,1.0706,1.2025,93.5756,0.5094,0.0009,2.4245,21.9596,0.1062,97.9661,2.7265,66.0402,0.3365,0.0235,57.2532,0,0,36.8671,42.2757,0,14.8637,202.8375,13.0701,35.5278,4.6183,11.7923,10.7509,19.1889,0,0.4832,0.0114,0.2842,1.538,0,9.0815,1.0697,1.3655,0.0661,0.5959,0.1,2.4379,38.7648,1.8268,0.6429,0.016,2.5759,0.4349,0.0954,0,0.0026,23.6331,19.4525,14.3904,5.2192,1.2996,0,0.0396,9,9,9.0769,0,0.0009,9.0084,0.012,0.0978,0.0779,0.0058,0.0315,0.0047,0,0.0095,9.0031,0.4708,0.2155,9,0.008,9.0286,0.0586,0,9.0042,0.2005,0.0051,0.0175,0,0,9,0.0501,9,0.0015,0.5489,0.0127,0.0006,9.0202,1.0465,0,9,0,0,0.0004,9.0451,0.0239,0,2.4106,1.9971,1.9145,0.0008,0.0096,0.171,1.0011,0,0.0011,0.8345,0.6387,0.093,5.082,0.7443,0,0.577,0.0623,0.1324,0.9856,0.6876,9.1059,0,9.1914,9,9.0052,0,12.0286,9,43.0558,37.4849,0.2929,84.2325,1.5399,9.0613,0.0893,0.2099,0.0211,0.2516,9,0.0204,0.4968,9.0035,0.0221,0.1286,0.5936,3.1432,9,0.2828,2.6429,4.6008,0.0052,3.8755,0,9,0,0,0,0,9.0177
"Panama",691.1326,14.0719,0.5681,3.1805,3.1784,38.5488,0.179,7.6134,0.6224,0.3411,0.1044,0.8146,0.4667,0,0,74.5322,0.7779,44.9104,3.1808,48.3289,101.066,24.9548,0,209.6441,120.4564,0.0285,10.3439,65.4005,101.6087,1.5509,6.3638,9.1954,8.1391,12.108,21.546,12.173,1.8813,27.9836,4.3554,0.3046,117.2561,0,0,30.6421,45.2332,0,15.9015,252.5092,1.8809,9.4598,0.0455,2.95,2.4639,43.5031,0,0.0002,9,0.247,0.207,0,0,0.464,76.677,0.1349,0.6634,0.2,3.8996,236.3,0.011,0.1189,0.6144,9,0.145,0,0,0,18.7921,41.8376,30.5061,7.8363,1.2717,0,0,9,9,0.1404,0,0,0.0236,0,0,0.0018,0.2779,10.6792,9,0,0.2613,0.1153,0.004,0,15.0131,0,0,0,0,0,0,9,9,0,9,0,0,0,0,0.001,0,0.2317,0,0.1892,0,0,0,0,0.004,0,0,9,0.9099,0.2457,0.0307,0,0,0,41.1652,0,0.0034,0,0.3027,0,0.216,0.1591,2.2193,0.0097,0.017,0,0,0,0,1.327,0.5145,0,0,2.3,1.7238,0,27.2882,0,348.5174,45.4495,0.0006,0,1.1742,0.134,9,0.15,0,0,20.0561,0,9,0.529,10.9236,133.7268,0,0.2295,0.8274,0.6071,0,11.5577,9,0,0,0,0,0,9
"Colombia",1426.0762,67.5668,2.1157,2.8777,10.9193,27.2164,5.445,68.524,1.0323,0.1203,0.0545,2.2361,0.2925,0.1172,0.0066,345.1236,0.6876,23.6134,15.365,21.4439,6.0819,90.6514,209.6441,0,536.988,1.3944,3.3357,123.9517,524.7068,273.0628,47.092,3.6336,59.2813,98.4513,78.7491,51.3841,17.1598,150.702,6.6453,0.4647,27.9596,0,0,208.1729,52.7538,0,68.967,339.6971,23.6904,15.2471,8.0792,3.3469,5.8486,107.592,0,1.042,0.0287,1.2433,10.9258,0,0.1187,1.5424,8.8402,0.0452,2.4251,0.6177,10.788,31.8387,3.2581,0.0319,0.5221,0.0856,0.6099,0.0271,0.0447,0.0001,40.7778,95.9208,16.5708,39.6295,0.2974,0,0.0511,0,0.0129,0.0011,0.0165,0.3437,0.0813,0.0012,0.002,1.2223,0.1059,0.0623,0.0206,0.124,0.2832,0.0479,0.219,0.7764,0.0632,0.04,0.0207,0.0681,0,0.0743,0.4722,0.003,0.4936,0,4.7476,0,0,9.0123,0.0001,0.008,0.0148,0.0602,0.0012,13.9111,0,0.0073,0.0254,0.3012,0.1121,0.0325,0.1448,0,15.0182,12.0138,0.0004,1,0.0084,0.4037,5.2042,0.0031,0.2986,0.5804,3.2136,0.6225,5.0446,6.2921,0.2207,1.4533,0.0445,0.0021,0.8435,0,0.0358,9.0091,9.0016,9,0.0063,0.3,25.1551,0.0545,63.3548,2.7742,127.9287,629.297,6.8373,0.2592,4.1182,0.0097,0.9208,1.7486,0,0.0003,2.1483,0.0616,0,1.3191,2.2862,29.6393,0.017,0.8933,6.6675,2.0073,0.6519,0.1081,0,0,0.0013,0,0,0,0.0139
"Venezuela",5833.3766,51.2781,49.9488,120.5795,20.2565,410.0867,52.1688,82.2331,27.747,0.8672,0.8554,1.2512,0.8032,0.2723,302.1214,116.2304,0.1777,98.1141,21.4269,66.1777,56.2856,200.7617,120.4564,536.988,0,6.6416,17.3706,233.0077,223.7253,490.1767,0.7892,81.5385,107.1094,225.7229,12.8639,105.0939,8.2933,200.8052,3.7012,0.2588,143.0631,0,0,84.3517,74.0766,0,48.7341,33.926,12.1027,12.2728,0.8004,0.7522,0.1585,100.1765,0,1.5613,0.1812,0,2.7974,0,0,0.1014,2.6519,0.0417,1.7153,0,15.7224,26.1757,0.1222,0.0241,0.6904,0,0.045,0,0,9,23.0275,107.4663,8.0342,0.8475,0.0051,0,9,0,0,0.0489,0,0.0143,0,0,0,13.0487,0,4.6828,0,0,0,2.3255,0.3161,12.3303,0,0.0379,0,0.028,0,0,0,0,9,0.0011,0,0,0,0,0.0071,0,0.0053,1.628,0,26.103,0,0,0,0,0.023,0,7.648,0,2.8921,1.5573,1.6128,0,0,2.2409,4.2784,0.0004,0.1375,0.9637,1.5506,1.0652,17.6361,2.263,0.0007,0.0025,0,0.0001,0.5903,0.2596,0.0033,0,0,0,0,0.3,15.3075,0,124.5677,0.0371,34.0901,3.1499,4.8774,0,2.8497,0.0374,0,0,0,9,1.5879,0,0,0.1961,9.4644,21.6581,0,1.2222,11.0051,2.7306,0.1278,53.5829,0,0,0,0,0,0,9
"Guyana",26.42,131.4642,0.0559,7.6276,0,0,2.302,80.0505,1.2259,1.7263,1.2746,2.2303,1.3506,1.6523,0.5451,0.5984,0.0406,0,0,0.2418,0,0.731,0.0285,1.3944,6.6416,0,3.3189,0,0.0044,13.0988,0,0,0.2,0,0,55.8654,0.2223,1.9257,0.5327,0.0373,1.5793,0,0,0.507,0.7737,0,9.3276,24.7785,0.2,0.5333,0,0.8745,1.2337,0.7895,0,0.0001,0,0,0.0351,0,0,0.4193,0.029,0.0912,0,9,0.44,0,0,9,0,0,0.09,0,0,0,0.4172,1.308,0.4039,0.441,0,0,0,0,0,0,9,0.0084,0,9,0,0,9,9,0,0,0.1332,9.0038,0,1.0631,0,0,0,0,0,0,0,0,9,0,0,0,0,0,0,0,0.0027,0,0,0,0.2069,0,0,0,0.0002,0,0,0.063,0.1948,0,0.0461,0,0.0027,0,0.1208,0,0,0,0,0,0.11,0,0,0,0,0,0,0,9,0,0,0,0,0,5.9488,0,2.7818,2.687,4.56,12.8964,0.946,0,0.1031,0,0,0,0,0,1.4865,0,0,0,1.1652,2.1134,0,0.0418,1.048,0.6877,0.0024,3.9965,0,0,0,0,0,0,0
"Suriname",143.3871,2.7883,1.6533,0.0001,0,0.5328,2.0337,24.6277,0.2386,0.0222,0,0.0018,0.008,0.0559,0,1.6289,0,0.1981,0.0098,0.0163,0,0.7125,10.3439,3.3357,17.3706,3.3189,0,0,0.0437,6.0201,0,0,0.0015,0.1098,0.096,30.407,0.2489,37.6566,9.3184,0.6516,24.6214,0,0,2.2435,23.1572,0,0.6419,16.9024,0.574,0.7234,0,0.1034,0.2443,0.3461,0,0.0136,0,0,0.061,0,0,0,0.0413,0.0177,0.1729,0,0.0379,5.845,0,0,0,0,0,0,9,0,0.0277,0.3839,143.4027,0.1491,0.0607,0,0,0,0,0,0,0,0,0,0,0,0,9,0,9,0,9,0.006,0,0,0,0,0,9,0,0,0,0,0,0,0,0,0,0,9,0,0.009,0,0.0514,2.4231,0,9,0,0,0,0,0,0.0515,1.6442,0.3193,9,0,0,0.1133,9,0.0384,9.0982,0.0118,0,0,0,0,0,0.0152,9,0,0,0,0,0,0,0,0,1.6854,9,5.5064,1.2721,0.0563,16.071,1.5525,9.0665,0.1918,0,0,0.1075,9,0,3.5283,9.0014,0,0,6.3384,0.7192,9,0.0265,0.4677,0.0032,0,0.0186,0,0,0,0,0,0,0
"Ecuador",866.2168,25.7691,0,0,0,0,0,8.099,0.2085,0.0006,9.0027,0.034,0.0012,0,0,82.9177,0.138,27.2457,3.8468,3.5665,7.5133,1.0706,65.4005,123.9517,233.0077,0,0,0,46.8679,136.0182,4.462,1.1684,97.5012,21.6911,11.1915,19.0868,4.1016,16.6705,13.6738,0.9562,81.7379,0,0,24.5758,119.4142,0,31.0608,151.9208,67.7944,24.7039,6.1949,6.4326,8.5595,42.0316,0,0.7522,0.0917,4.2013,13.021,0,0,11.777,7.6971,0.0067,10.9493,0.2,13.3052,69.3801,1.7972,3.0215,20.7833,0,16.311,0,9,0,0.0736,11.1096,5.2444,0.4059,0.3365,0,0,0,0,0.0041,0,0,0.0495,0,0.002,0.0211,9,0.002,0,0,0,0.0161,0,0.0098,0,9,0,0,9,9,0,9,9,9,9,0,0,0,0,9.002,0,0.273,9,14.272,0,0,0,0,0.037,0,0,0,0.6939,3.6957,12.8783,0.3655,0,4.3487,24.531,0,1.6282,0,1.3314,0.5458,21.7,7.3672,0,1.1023,0.001,9,4,0,0,0,0,9,0,0,28.4686,9,38.5348,0,209.8695,165.357,4.48,9,0.5912,9.0871,0,1,0,9,2.3989,0,0,0.018,1.827,3.7392,0,1.379,1.7234,0.0938,0,18.5883,9,9,0,0,0,0,0
"Peru",1118.7978,63.9384,0.2013,0.1364,0.1738,1.5136,3.3814,6.1298,0.0704,0.1709,0.1688,0.0055,0,0.072,0,119.4116,0.001,31.0568,2.0556,0.2317,0.5778,1.2025,101.6087,524.7068,223.7253,0.0044,0.0437,46.8679,0,214.0204,46.1674,8.1774,476.6784,310.8315,32.5745,83.2943,15.5216,35.9391,39.5727,2.7673,48.6776,0,0,51.8775,203.1021,0,3.6051,17.3946,25.671,2.6528,18.9371,4.5315,6.7497,68.4559,0,0.0061,0.0132,1.8489,8.9421,0,0.0385,2.5043,1.8178,0.0333,5.1806,0.024,3.7227,8.7838,11.2991,0.0684,0.1804,2.5256,2.0816,1.7149,0.7018,0,3.8179,99.931,29.2401,9.6884,0.0294,0,0,0,0.0165,0,0.253,0.1602,0,0,0,0.0087,0.047,0.4942,0.2442,0.055,0.0561,0,0.286,0.407,0,0,0.0264,0.148,0.6149,0,3.0976,0,0.0055,0,0,0,0.1,0,0.0198,0,0,0.068,0.3487,5.6782,0.04,0,1.5507,0,0.467,0,0.237,0,0.5799,0.4108,0.2245,0,0.0253,49.9201,2.3133,0.2552,1.3475,1.9411,1.3769,0.1117,3.3443,2.5461,0.0145,0.2084,0.0223,0,0.1563,0.183,0,0,0.6369,0,0.055,0.3,281.3585,0.0088,125.4925,3.0525,64.0749,119.0351,18.6013,0,3.0474,0.9986,0.0473,1.8542,0,0.0528,5.771,0,0,10.3066,78.747,20.367,3.2586,47.4964,20.2905,1.0868,0,38.919,0,0.0044,0.1802,0,0,0,0
"Brazil",2070.7408,408.5356,0.506,7.0389,7.1775,15.7905,39.9278,32.4597,7.0588,0.8102,0.6505,2.7948,1.1742,15.0014,0.1221,271.5383,1.3774,48.578,26.245,30.3989,4.5131,93.5756,1.5509,273.0628,490.1767,13.0988,6.0201,136.0182,214.0204,0,140.6036,144.2595,6.3658,2089.1533,112.0131,462.3376,45.5542,1070.5214,129.5879,9.062,476.5733,0,0,521.5498,239.47,0,322.2722,1705.1855,37.6481,116.9446,77.5303,44.0755,5.1147,1104.6216,0,2.6627,2.5688,9.2938,52.4048,0,0,37.0785,104.1509,12.4993,28.9662,0.0565,11.1088,74.7349,2.6638,23.4403,4.2882,20.4006,9.289,0.2288,0.001,5.7122,126.5202,393.2764,114.0072,68.1871,10.5141,0,1.2188,0.2167,0.0154,2.066,19.3743,40.9357,43.3063,3.1713,1.765,37.824,25.6038,1.8831,33.6545,2.4552,71.3174,16.9486,0.7798,44.4598,14.2274,0.3776,0.1441,0.7673,0.1166,0.4268,34.5598,6.5846,0.33,0.2361,12.7094,6.3877,1.2376,0.0649,20.339,5.863,0.4987,12.2924,0.8,105.493,0.4908,0,0.2355,7.7374,5.7783,0.198,20.5158,0.042,187.3875,124.2638,21.2414,46.8479,0.9537,32.809,233.2537,0,164.7871,67.8929,94.6162,43.3111,102.0943,876.5973,108.1107,235.4692,72.8566,30.1923,76.4475,8.9624,0.2387,0.678,0.7898,0,117.5581,2.0967,85.3229,0.019,380.2317,39.2304,66.2488,341.7903,37.3757,0,30.306,59.1869,0.6798,77.9378,1.4615,2.3606,315.8136,0.1254,0.136,12.9738,63.5785,40.6751,0.2991,256.9608,175.2074,138.8223,3.6773,10.818,0.0671,0.0176,1.1892,0,0,0,0
"Bolivia",65.3025,4.912,8.459,0.3836,0.0022,0.1275,0.015,0.0388,0,0.0102,0,0,0,0,0,14.29,0.0013,0.1245,0.0348,1.0204,0.0033,0.5094,6.3638,47.092,0.7892,0,0,4.462,46.1674,140.6036,0,0.7299,82.1919,74.5378,2.8533,3.1762,2.3997,11.7085,38.2081,2.6719,65.5907,0,0,8.4645,8.9444,0,0.2004,16.057,0.0025,4.8832,0.2093,1.0673,0.43,28.9923,0,0.0471,0.0171,3.2183,0.0007,0,9.7108,0.0486,0.1281,0.0296,0.0005,0,0.2313,3.8726,0.0041,0.0098,0.0003,9,9,9.0217,9,9,1.7806,38.7071,0.7352,1.5476,0.0023,0,9.075,9,0.0005,9.0089,9,0,0.022,9,9,0,0.0263,9,0,0,0.012,9,0.0024,0.0122,0.0013,0.0379,9,0,9,9,0.0158,0.017,0,0,0,9,0,0,0.0089,0,0,0.0104,9.0061,1.913,0,0,0.0022,9,9.0002,9,9,9,1.1186,0.0317,0.0011,0,0.0092,0.0166,314.3242,0.0104,0.0415,0.966,0.0138,0.1031,1.3209,1.3164,0,0,0.0007,0,0.1174,0.2458,9.0031,0,9,0,0,0,15.1687,9,9.681,15.4558,8.6175,174.5183,1.4775,9.031,0.1434,0.0337,0.0012,0.2283,0,0.0011,0.7376,9,9,0.0793,5.5599,0.3873,9.0284,0.0256,0.4218,0.6014,0,2.584,9,9,0,0,0,0,9
"Paraguay",319.885,15.3298,0.6501,0.0055,0,0.22,0.0297,0.1511,0.6349,9,0,9,0,9,9,16.8839,0.0535,0.6678,0.026,0.1869,0.0519,0.0009,9.1954,3.6336,81.5385,0,0,1.1684,8.1774,144.2595,0.7299,0,25.9608,442.5743,23.7673,92.8166,0.312,30.8165,33.6097,2.3503,17.0856,0,0,11.6744,11.0315,0,14.1396,13.2481,1.0025,2.0707,0.4213,2.3814,0.0317,26.0319,0,0.0109,0,9,0.268,0,0,0.105,0.9952,0,0.297,0,0.8767,0,0,0.0128,0,0,9,0,0,0,0.8355,11.0839,0.462,1.7874,0.1128,0,9,0,0,9,9,0.0204,0,0,9,2.8556,9.0008,0.0381,0,0,0,0,0,0.0363,0.0132,0,0,0.0341,0,9,0,0,0,9,9,9,0,0,0,0,0,0,0.004,7.712,0,0,0,0,0.309,9,0,9,0.5772,17.2634,1.7678,0,0,0,0.0457,0,0.0273,0.0484,0.5334,0.0387,1.2135,0.1246,9,0.0052,0.0185,0,0,0,0,0,0,0,0,0,78.3,9,151.0011,0,197.4975,222.8605,8.9015,0,0.703,0.0154,0,0.011,0,0,0.5703,0,0,0.3091,14.8819,35.9791,0,2.0248,1.9873,0.8375,0,0.2,0,0,0,0,0,0,9
"Chile",1596,92.8726,0.1,18.75,2,12.1,2,18.8073,0.4839,0.3975,0.0501,0.0263,0.0125,0,6.7,52.4391,0.006,14.5817,4.2,13.4947,0.9,2.4245,8.1391,59.2813,107.1094,0.2,0.0015,97.5012,476.6784,6.3658,82.1919,25.9608,0,882.649,9.428,222.6932,29.0489,212.4036,6.0939,0.4261,292.9893,0,0,59.423,33.9303,0,0.1064,290.2555,12.909,27.9737,1.2,11.8982,1.8521,116.4613,0,1.1772,0,0.0877,1.126,0,0.1,1.239,43.8514,0.2088,22.3,0.3,12.2,38.2,0.2944,0.0822,0.3,9,0.21,0,0.1,0.1,19.9258,78.2317,36.4696,50.5045,0.3713,0,0,0,1,0,0,0.4068,0.0106,0.1,0.1202,0.0443,0.2409,0.0223,11.2,0,0.1,0,0.3626,166.6,0,0,0,0,0,0,0.1,0.2,0.1,0,0,0.2,0.8,0.3,70.3,0.189,0.2602,0.005,0.255,19.1,5.2,0,0.1,0,0.0597,9,0.4,0.1,7.488,0.3704,4.1771,1.8,0.2,5,8.44,0,7.5128,0.4,0.1942,0.621,41.1,31.1741,0,3.7755,3.5422,1.5956,44.8,12.0639,0.4,0.1,0.0276,0.6,0,35.7,159.709,6.4,501.5,4.1,493.8,2196.832,9.47,0,22.9033,1.1,0.2,9.4,0,0.2,137.8159,0,0,5.173,87.8924,178.8614,0.1,28.509,208.561,36.8406,2.9,35.5396,0.3,0,0.3362,0,0,0,2.3
"Argentina",1790.3181,115.2943,0,64.7704,0,0.207,0,0.6081,0.9711,0.0152,0.0647,0.3961,0.2431,0,0,535.0995,0.0111,20.6285,2.5,8.6727,1.4,21.9596,12.108,98.4513,225.7229,0,0.1098,21.6911,310.8315,2089.1533,74.5378,442.5743,882.649,0,360.077,1.7244,44.399,531.8823,53.8914,3.7686,520.697,0,0,46.7006,2.9581,0,105.1919,206.0935,0.949,69.0025,14.7,1.6172,4.7978,376.0244,0,5.0848,0.1003,2.5971,12.361,0,0.009,5.787,69.3614,21.8452,18.367,0.001,17.796,15.396,0.5782,0.1231,0.591,12.4324,3.663,0,0,0.004,49.7772,204.9295,33.5437,87.8784,0.1414,0,0,0,0,1.0206,0,11.1277,0,0,0.1382,0.3587,0.4387,0.3184,0,0,0,0.0376,0.7202,34.139,0,0,0,0.1263,0,0,0.2714,0,0,0,0,9,0,0,20.5469,3.862,1.8131,38.323,1.14,216.323,0,0,0,0,0.116,0,16.4497,0,38.1666,51.921,19.0881,3.4402,0,543.585,205.767,0,114.9633,39.5522,22.3176,48.0559,2.539,26.9145,0.0077,15.2411,0.4565,2.1978,18,17.2554,0,0.157,0,0.024,0.206,0.064,201.099,0,31.088,0,214.811,244.911,66.229,0,54.8266,38.2436,0,5,0.0318,0,135.9196,0,0,1.709,240.2047,31.52,0,16.685,211.929,59.1724,0,14.096,0,0,0,0,0,0,0
"Uruguay",105.53,1.5269,0.0544,5.1236,0.0451,1.086,0.2561,0.1258,0.2005,0.032,0.032,0.0794,0.018,9.014,0,22.3681,0,0.4748,0.202,0.1558,0,0.1062,21.546,78.7491,12.8639,0,0.096,11.1915,32.5745,112.0131,2.8533,23.7673,9.428,360.077,0,57.2188,1.879,24.5324,7.122,0.498,63.3069,0,0,16.3625,43.0071,0,1.4518,14.1514,2.596,2.3762,0.726,3.4955,1.0092,73.7094,0,0.0686,0,9.053,0.35,0,0.002,0.35,3.6093,0.5495,1.526,9.01,4.019,3.759,0.0498,0.8572,0.34,2.47,0.253,9,9,9,5.075,13.67,8.0213,8.1144,0.0804,0,0,9,9,0,9,11.8887,0,0.0053,0,0.0016,0.038,0,0.0627,0.0231,0,0.4572,0.003,30.389,0.0363,9,9,0.0481,0.4213,0,0.0364,0.066,0.001,9,9,0,9,0,0.4147,0.078,0,0.126,0.027,4.036,0,0,9.085,0,0.005,0,0.031,0,5.915,2.6456,1.5958,0,0,15.692,9.505,0,4.1355,0.017,0.4571,0.1716,47.905,13.5957,0,0.7039,0.0368,0.005,3,0,0,0,0,0,0.001,9,50.655,9,18.953,0.159,41.509,48.629,13.816,9,1.1974,1.264,9,0.424,0,0,3.0492,0.047,0,0.182,3.5265,6.6795,0,0.56,1.316,0.3199,0,6.9517,0,0,0,0,0,0,9
"United Kingdom",4430.386,609.9316,1.0925,19.0849,21.3287,5.5982,112.2183,57.4093,32.801,8.4729,8.3567,38.6222,17.6865,34.2781,5.3724,114.2788,58.1084,16.0004,21.4499,20.351,8.1292,97.9661,12.173,51.3841,105.0939,55.8654,30.407,19.0868,83.2943,462.3376,3.1762,92.8166,222.6932,1.7244,57.2188,0,1271.303,1082.256,2014.61,140.8814,1600.285,0,0,3691.4809,2547.6533,0,163.5936,9917.075,495.6172,663.9408,109.7895,216.5543,56.3698,994.894,0,332.2076,3.1673,11.8152,397.2878,0,6.7019,8.4983,1080.151,187.7887,39.6219,5.0285,27.414,421.7661,120.6233,220.0466,160.9931,156.5147,23.9045,1.8761,9.9456,0.4217,1191.5395,346.2754,3618.5291,172.8626,228.4517,0,3.8468,3.0324,0.4556,14.9459,41.348,8.6315,18.5455,12.4669,6.2463,92.2917,7.2498,7.91,13.7914,37.2293,156.9445,7.7369,16.23,464.2069,34.7307,0.8885,1.6864,7.9824,9.2699,68.2087,172.4524,116.5101,3.3247,5.4775,6.3592,23.6717,42.6338,1.1571,18.3522,23.4961,41.4315,16.1055,53.362,1141.5525,32.4796,1.4621,44.3099,57.9655,11.3133,3.832,412.0268,18.7887,89.4421,229.1552,71.5836,187.9267,60.4959,306.0794,576.0243,8.4661,10.5259,13.6129,261.3507,144.7242,1248.9927,1249.1034,69.4041,227.5643,171.7714,174.4141,1201.9698,327.6921,10.5733,16.0026,161.0089,5.062,23.5228,6.5406,1085.8827,0.3767,1206.991,38.415,77.0472,8063.1272,583.1054,3.0793,30.1965,191.5329,12.5354,81.6953,2.9929,6.0228,181.5221,6.673,16.6666,117.9813,166.9468,171.924,28.291,17.2479,525.9283,2044.5754,135.4061,104.175,1.3339,11.8664,111.0792,0,0,0,0.9572
"Ireland",1565.8433,226.1409,0.0291,8.3071,0.2473,6.8464,1.834,10.3142,2.2303,1.0752,0.2613,0.1666,0.4154,1.9606,0.0216,144.6674,1.2347,5.6043,3.3953,2.8227,0.8211,2.7265,1.8813,17.1598,8.2933,0.2223,0.2489,4.1016,15.5216,45.5542,2.3997,0.312,29.0489,44.399,1.879,1271.303,0,1168.3131,1260.3539,88.136,2293.9448,0,0,506.2612,909.4028,0,97.8757,2959.9304,79.0032,292.3264,68.884,43.1805,15.3725,1286.9789,0,18.5699,0.873,1.0346,0.473,0,0.7159,10.4715,246.5312,20.836,2.203,0.5963,14.5393,292.6469,7.6959,4.4114,4.5181,13.2344,3.1484,1.2448,0.2186,0.3218,38.3435,507.9978,52.3178,214.5051,13.8466,0,0.2608,0.0158,0.1596,0.1687,0.1348,3.6536,0.6646,0.5854,0.5213,41.0162,85.0041,1.9874,0.9145,0.0006,24.3338,0.0472,6.1055,71.8754,4.961,0.4411,0.3846,2.2038,23.292,4.451,2.7126,6.6608,0.0422,0.1667,0.2505,0.4577,2.36,0.002,3.3636,1.1452,2.8938,6.4043,0.2579,91.2325,0.9839,0.0098,4.8435,0.5443,0.4782,0,5.4362,0.5956,41.0665,15.0026,8.0802,65.174,9.2783,59.4585,132.4033,0.2398,205.4664,2.0014,26.6768,13.8213,116.4082,164.6564,0.0747,38.8452,12.0958,7.1542,61.3169,11.7835,0.8864,12.2939,3.4077,0.0079,0.2984,7.2647,298.1496,0.0068,313.9815,7.0364,66.731,270.2319,66.6668,0.008,24.2126,4.1971,1.8574,9.1787,0.1902,1.6028,49.0453,0.509,0.8071,6.9241,17.2971,1026.1268,1.6352,31.8372,17.056,343.4328,2.2291,17.3937,0.1954,0.3098,1.8995,0,0,0,0.0035
"Netherlands",7297.394,170.1049,4.9772,89.9146,20.6445,30.4663,36.0754,19.9304,5.3847,0.6528,0.1981,4.5176,2.4923,1.7444,0.91,137.294,2.7449,18.616,32.3428,6.669,2.5067,66.0402,27.9836,150.702,200.8052,1.9257,37.6566,16.6705,35.9391,1070.5214,11.7085,30.8165,212.4036,531.8823,24.5324,1082.256,1168.3131,0,9596.34,671.068,3457.539,0,0,1512.4636,1839.6809,0,610.1241,2654.723,356.4533,1008.5941,77.6148,286.7811,20.8549,6043.4419,0,54.1177,1.9705,6.9238,99.5327,0,20.8846,84.4201,1585.7683,57.7822,6.9323,5.1946,8.4074,324.8733,56.1353,260.2823,75.6622,115.55,15.3101,4.2979,2.3177,3.1152,403.9136,564.9868,1630.6432,1407.264,46.9081,0,0.1513,7.6262,1.0132,6.2993,15.0264,21.3681,29.2397,32.5937,7.885,348.8139,25.6968,15.9955,21.1166,12.5582,65.4353,11.1286,154.3992,90.1691,8.8385,1.2054,2.011,71.4925,34.981,49.7236,36.9235,5.6282,0.9123,5.5198,0.4182,15.5564,25.0971,12.0678,49.3771,16.0568,5.4676,36.1253,26.4509,171.7053,2.7951,0.6415,3.2921,3.3008,7.8475,1.757,17.358,5.3687,30.5211,747.0647,52.0288,149.8222,40.706,469.2223,335.0713,9.4435,277.0549,69.8919,123.3916,58.17,317.464,1403.6722,31.2751,1031.4477,30.4177,39.9483,310.9827,97.1855,2.4325,6.4914,0.4588,5.0278,28.5262,23.8071,1392.5994,2.1321,918.8035,26.2944,270.0802,3604.552,240.4653,0,44.5106,67.2159,8.7649,32.9672,5.8811,1.4399,432.6561,1.1685,15.855,76.9235,742.5726,583.1479,20.9631,104.3985,243.6222,211.5183,24.8045,102.1259,0.3465,4.2426,0.6073,0,0,0,0.0683
