"","United States of America","Canada","Cuba","Haiti","Dominican Republic","Jamaica","Trinidad and Tobago","Mexico","Guatemala","Honduras","El Salvador","Nicaragua","Costa Rica","Panama","Colombia","Venezuela","Ecuador","Peru","Brazil","Bolivia","Paraguay","Chile","Argentina","Uruguay","United Kingdom","Ireland","Netherlands","Belgium","Luxembourg","France","Switzerland","Spain","Portugal","German Federal Republic","German Democratic Republic","Poland","Austria","Hungary","Czechoslovakia","Italy","Albania","Yugoslavia","Greece","Cyprus","Bulgaria","Romania","Russia","Finland","Sweden","Norway","Denmark","Iceland","Mali","Senegal","Benin","Mauritania","Niger","Ivory Coast","Guinea","Burkina Faso","Liberia","Sierra Leone","Ghana","Togo","Cameroon","Nigeria","Gabon","Central African Republic","Chad","Congo","Democratic Republic of the Congo","Uganda","Kenya","Tanzania","Zanzibar","Burundi","Rwanda","Somalia","Ethiopia","South Africa","Madagascar","Morocco","Algeria","Tunisia","Libya","Sudan","Iran","Turkey","Iraq","Egypt","Syria","Lebanon","Jordan","Israel","Saudi Arabia","Yemen Arab Republic","Kuwait","Afghanistan","China","Mongolia","Taiwan","North Korea","South Korea","Japan","India","Pakistan","Myanmar","Sri Lanka","Nepal","Thailand","Cambodia","Laos","Vietnam","Republic of Vietnam","Malaysia","Philippines","Indonesia","Australia","New Zealand"
"United States of America",0,366.6001,37,7.4,62.41,43.7,60.5,189.2,3.6,8.5,7.2,15.8,14.1,48.06,10.1,495.1,30.11,44.4,105.85,28.5,0.481,17.9,63.7,0.3,254.5,5.4,420.6,58.2271,2.9729,435.5,24.3,213.4,2.1,0,2,63,23.4,15,1,494.4,0,136.2,26.6,4.7,1,0.05,0,7.4,143.7,11,40.2,3.9,0.7,6,0.5,5.8,0.7,23.4,1,0.7,3,3.1,31.6,0.2,1.7,6.1,3.9,2.6,2.2,4,28.7,36.9,5,9,0,0,0,0.8,24.2,3,15.7,36.1,45,23.4,30.7,5.9,18.7,141.6,25,228.5,12.2,32.7,19.5,133.6,16,0,7.7,3,0,0,146,9,256,455.7,507.1,343,14.2,24.7,0,61.8,4.7,7.4,104.012,0,0,105.1,63.8,238.11,103.08
"Canada",366.6001,0,2.1,0.3,6.3,28,1.7,18.3,0.8,5.9,0.9,2.1,3.6,9.21,1.1,201,3.41,9.8,9.48,0.3,0.6,6.2,33.1,2.4,511.1,15.2,9.4,5.4231,0.2769,20.5,1,11.8,2.6,0,0,18.3,1.2,0.3,2.9,28,9,16.1,5.2,0.5,0.1,0.08,136.9,6.6,5.7,43.9,8.7,0.4,0,0,0,0.3,0,0.2,2.6,0,0.9,1.7,2.3,0.3,0,5.5,0.9,0,0,0,1.1,2.9,4.9,6.3,0,0,0,0,0.1,24.2,0,0,3.1,1,0.3,0,41.3,0.2,0.1,1.2,0.7,1.8,0.2,0.8,48,9,2.6,0,91.9,0,2.6,0,3.1,185.7,2.3,17.2,0.5,12.2,0,2.3,0,0,0.081,0,0,17.3,1.2,49.9,17.61
"Cuba",37,2.1,0,0,0,0,0,0.7,0,0,0,0,0,0,0,0.8,0,0,2.8,0,9,8.3,0,4.3,28.9,0.2,6.5,4.5668,0.2332,0.2,4.7,12.5,0,0,0,0,0.1,0,0,36.7,0,2.4,1,0,0,3.56,0,6,2.7,0.2,0.9,0.1,0,0,9,0,0,0,9,9,0,9,0,0,0,0,0,0,0,0,9,0,0,0,0,0,9,0,0,0,9,17.5,0,0,0,1.9,3.4,0,1.7,0.6,4.1,0.6,0,0,0,9,9,0,0,0,0,0,0,20.1,8.8,0,9,0,0,0,9,0,0,0,0,0,0,0.11,0
"Haiti",7.4,0.3,0,0,0.26,0.8,0.9,0.1,0,0,0,0,0,0,0,0,0,0.1,0,0,0,0,0,0,1.7,0,1,1.6174,0.0826,2.2,1.1,0.1,0,0,0,0,0.1,0,0.4,3.6,0,0,0,0,9,0,0,0.1,0,0.4,0.3,0,0,0,9,0,9,0,0,0,0,0,0,0,0,0,0,9,0,0,0,0,9,0,0,0,9,0,9,0,0,0,0,0,0,0,0,0,0,0,0,0,0,0,9,9,9,0,0,0,0,0,0,3.7,0,0,0,0,0,0,0,0,0,0,0,0,0,0,0
"Dominican Republic",62.41,6.3,0,0.26,0,0.04,0.71,0.41,0,0,0,0,0,0.13,0.1,3,0,0.22,0,0,0,0.2,0.08,0.1,7.77,0,2.42,1.1512,0.0588,2.34,1.69,0.49,0.2,0,0.3,0.18,0.68,0.1,0.36,3.41,9,0,0,0,0,0,0,0.07,3.27,0.12,0.7,0,0,9,9,0,0,9,0,0,0,9,0,9,0.1,0,0,0,0,0,9,0,0,9,0,0,0,0,9,0,0,0.4,0,0,0,9,0,0,0,0.12,9,0,0,0,0,0,9,0,0,9,0,0,0,11.34,0.48,0.78,0,0,0,0,0,9,0,0,0,0,0.08,0.21,2.32
"Jamaica",43.7,28,0,0.8,0.04,0,7,0.1,0,2.3,0,0.3,0,0,0,2.6,0,0.1,0,0,0,0.1,0.4,0,31.5,0,11.1,1.9028,0.0972,3.6,0.9,0,0,0,0,0,0.2,0,0.1,1.8,0,0,0,0,9,0,0,0.1,1.8,10.4,0.6,0,0,0,0,0,9,0,9,0,0,0,0,0,0,0,0,0,0,0,0,0,0,0,0,0,9,0,0,0,0,0,0,0,0,0,0,0,0,0,0,0,0,0,0,0,0,0,0,0,0,0,0,7.8,0.6,0,0,0,9,0,0,0,0,0,0,0,0,2.97,4
"Trinidad and Tobago",60.5,1.7,0,0.9,0.71,7,0,0,0.7,0.3,0,0,0.6,0,31,71.1,0,0.1,2.71,0,0,1.7,0.4,0,33.3,0.7,24.7,1.4271,0.0729,17.8,0.1,10.8,0.1,0,0,0,0.1,9,0.5,0,0,0,0,0,0,0,0,0,17.6,0,0.7,0,9,0,0,0,0,0,0,0,0,0,0.1,0,0,0,0,0,0,0,0,0,0,0,0,9,9,0,0,0,0,0,0,0,0,0,0,0,0,0,0,0,0,0,68.2,9,0,9,0,0,0,9,0,3.6,1,0,0,0,0,0,0,9,0,0,0,0,0,2.7,4.7
"Mexico",189.2,18.3,0.7,0.1,0.41,0.1,0,0,3.4,1.1,2.2,1.6,1.2,5.14,2.9,11.7,0.99,1.4,18.69,0.3,0,9.5,0.7,0.1,18.5,0.4,6.5,2.8543,0.1457,1,15.8,0.4,2.7,0,0.1,0.5,0.7,0.1,1.1,16.9,0,0.3,0,0,0,0,2.8,2.3,13.7,0.4,1.6,0,9,0,0,0,0,0,0,9,0.2,0,0,0,0,0,0,0,9,0,0,0,0,0,0,0,9,0,0,3.6,9,0.4,0,0,0,0,0,0.1,0,0.2,9,0.1,0,0.5,0,9,0,0,0,0,1.5,9,0.1,108.4,0,0.2,0,1.5,9,0.7,9,9,0.4,0,0,4.1,2.4,5.42,0.8
"Guatemala",3.6,0.8,0,0,0,0,0.7,3.4,0,2.5,1.1,2.7,0.1,0.01,0.4,1.8,0,0.1,0.1,0,0,0,0.1,0.1,3.7,0,0.3,1.2368,0.0632,1.7,3.6,0.5,0.9,0,0,0,1.6,0,0,2.8,9,0,0,0,0,0,0,1.8,3.7,2,2.3,0,0,9,0,9,0,0,0,0,9,0,0,9,0,0,9,0,0,9,0,9,0,0,0,9,0,0,0,0,0,0.1,0,0,0,0,0,0,9,0,0,0,0,0.2,0.2,0,0,9,0,9,0,0,0,10,0,0.4,9,0.1,0,0.1,0,0,0,0,0,0,0,0,0
"Honduras",8.5,5.9,0,0,0,2.3,0.3,1.1,2.5,0,2.9,0.1,0.1,0.34,0.3,0.1,0.1,0.2,0,0,0,0,0.1,0.2,2,0,0.9,1.5223,0.0777,0.9,1.7,0.1,0.1,0,0.2,0.7,1.4,0.2,0.6,0,0,0,0,0,0,0,0,0,0.4,0,0.7,0,9,0,0,0,0,9,0,0,0,9,0,0,0,0,0,9,0,0,0,9,0,9,0,9,0,0,9,0,0,0,0,0,0,0,0,0,0,0,0,0,0,0,0,9,9,0,0,9,0,0,0,7,0.5,0.1,0,0.1,0,0,0,0,9,0,0,0,0,0,0
"El Salvador",7.2,0.9,0,0,0,0,0,2.2,1.1,2.9,0,0,0.2,2.08,0.2,7.8,0,0,0.1,0,0,0,0.1,0,5.7,0,8.8,4.3765,0.2235,2.1,1.1,0.4,0,0,0,0,0.3,0,0.5,1.6,0,0,0,0,0,0,0,0.3,0.8,0.2,0.9,0,0,0,0,0,0,9,0,0,0,0,0,0,0,0,0,0,0,0,0,0,0,0,0,0,9,0,0,0,0,0,0,0,0,0,0,0,0,0,0,0,0,0,0,9,0,0,0.4,0,0,0,0,28.7,0.1,0,0,0,0,0,0,0,9,0,0,0,0,0,0
"Nicaragua",15.8,2.1,0,0,0,0.3,0,1.6,2.7,0.1,0,0,0.6,3.8,0.4,3.7,0.1,0.5,0,0,0,0,0.1,0,3,0,0.6,1.998,0.102,3.9,0.5,0.2,0.2,0,0,0,0.3,0,0,0.2,9,0,0.5,0,0,0,0,0,0.3,0,0.6,0,0,0,9,0,0,0,0,0,0,0,0,0,0,0,0,0,0,9,0,0,0,0,0,0,0,0,0,0,0,0,0,0,0,0,0,0,0,0,0,0,0,0,0,9,0,0,0,0,0.7,0,0,25.3,0.8,0.2,0,0,0,0,0,0,9,0,0,0.4,0,0,0
"Costa Rica",14.1,3.6,0,0,0,0,0.6,1.2,0.1,0.1,0.2,0.6,0,0.95,0.9,1.9,0,0,0.1,0,0,0.1,0.1,0,5.3,0,1.6,0.5709,0.0291,1.8,1.1,0.3,0,0,0,0,1.1,0,0.2,0.7,0,0,0,0,0,0,0,0.9,0.9,0,0.6,0,0,0,0,0,0,0,0,0,0,0,0,0,0,0,0,0,0,9,0,9,0,0,0,9,0,0,0,0,0,0,0,0,0,0,0,0,0,0,0,0,0,0.3,0,9,0,9,0,9,0,0,0,7.6,0.3,0.9,0,0,0,0,9,0,9,0,0,0,0.2,0,0
"Panama",48.06,9.21,0,0,0.13,0,0,5.14,0.01,0.34,2.08,3.8,0.95,0,13.15,33.43,0.44,0.03,0.68,0.6,0,2.76,2.05,0.1,1.22,0,1.97,1.9409,0.0991,1.23,0.88,0.45,0.11,0,0,0.22,0.01,0,0,1.18,9,0.1,0.1,0,0,0,0,0.2,0.15,0.22,6.22,0.11,0,0,0,0,0,0,0,0,9,0,0,0,0,0,0,0,0,0,0,0,0,9,0,0,9,9,0,0.22,9,0,0,0,0,0,0,0,0,0,0,0,0,0.13,0.88,0,0,0,0,0,0,0,0,19.4,0.33,0,0,0,0,0,0,9,9,0,0,0.22,0,0,0.88
"Colombia",10.1,1.1,0,0,0.1,0,31,2.9,0.4,0.3,0.2,0.4,0.9,13.15,0,0.2,1.87,0.4,0.28,0,0,0.4,8.1,1.5,15.7,0,5.5,2.1883,0.1117,6.6,4.9,3.7,0.4,0,0.8,0,1.1,0.1,0.5,6.9,0,2,0,0,0,0,0,0.2,3.1,2.1,0.7,0,0,0.4,0,9,0,0,0,0,0,0,0,0,0,0,0,0,0,0,0,0,0,0,0,0,9,0,0,0.1,0,0.2,0,0,0,0,0,0,0,0,0,0,0,0.1,0,9,0,9,0,9,0,0,0,12.6,0,0,0,0,0,0,0,9,0,0,0,0.5,0,0.06,0
"Venezuela",495.1,201,0.8,0,3,2.6,71.1,11.7,1.8,0.1,7.8,3.7,1.9,33.43,0.2,0,12.19,0.8,106.25,0,0.2,6.2,13.5,8.6,129.7,0.2,14,19.7896,1.0104,36.3,16.7,40.2,1.5,0,0.4,0.7,4.6,0.4,3.2,10.7,9,0.8,0.1,0.1,0,0.2,0,0.5,20.1,27.3,11.1,1,0.8,4.5,0.2,0.1,0.1,3.4,0.1,9.5,0.8,1.4,4.3,0.2,1.3,3.5,0.6,0.3,9,0.6,2.1,0,0.1,0,0,0,0,0,0,0.3,0,0.2,0.3,0.3,0,0,0,0,0,0.2,0.1,0.1,0,0.2,0,9,0,0,0.2,0,0.3,0,0,18.9,0.1,0,0,0,0,0.2,0,0,0,0,0,1.1,1.6,7.53,6.83
"Ecuador",30.11,3.41,0,0,0,0,0,0.99,0,0.1,0,0.1,0,0.44,1.87,12.19,0,1.31,0.11,0,0,6.42,1.08,0.22,7.54,0,0.76,1.3986,0.0714,1.14,0.6,0.35,0.33,0,0,1.08,2.53,0.22,0.66,0.51,9,0,0.1,0,0,0,0,0.24,1.31,0.24,1.44,0.1,9,1.2,9,0,0,0,0,0,0,0,0,0,0,9,0,9,0,0,9,9,0,9,0,0,9,9,0,0.22,9,0.1,0,0,0,0,0.11,0,0,0,0,0,0,0.01,9,0,0,0,0.11,0,0,9,0,24.41,0.55,0,0,0,9,0,0,0,0,0,0,0.11,0,0.66,0
"Peru",44.4,9.8,0,0.1,0.22,0.1,0.1,1.4,0.1,0.2,0,0.5,0,0.03,0.4,0.8,1.31,0,15.94,1.6,0.1,22.1,39.8,2.4,29.1,1.2,12.3,18.3625,0.9375,6.8,2.3,7,0.1,0,3.5,1.4,2,1.8,0.2,5.5,0,2.5,1.1,0,0.2,0,0,0.4,7.4,2.7,2.2,0,0,0,0,0,0,0,0,0,0,0,0,0,0,0,0,0,0,0,0,0,0,0,0,0,9,9,0,0.2,0,0.2,0,1.7,0,0,0.1,0,0,0.1,0.1,0.2,0,0.4,0,0,0,0,0,0,0,0,0.6,33.7,3.8,4.7,0,0.9,0,0,0,0,0,0,0,0.4,0.1,0.12,0.5
"Brazil",105.85,9.48,2.8,0,0,0,2.71,18.69,0.1,0,0.1,0,0.1,0.68,0.28,106.25,0.11,15.94,0,1.49,0.417,15.63,38.9,2.57,20.12,2.6,21.31,6.6029,0.3371,6.94,6.45,3.77,0.12,0,2.73,1.8,6.74,4.46,1.8,21.4,9,0.05,3.18,0.8,0.43,2.88,0.6,5.94,12.41,5.84,8.97,0.44,0,0.4,0,0,0,0,0,9,0,0,0.2,2.09,0,0.1,0,0,9,0,0.11,0,0,0,0,0,0,0,0,6.81,0,1.28,10.48,0.74,0,0.79,0,0.5,0.68,0.1,1.8,1.4,0.5,0.49,52.18,0,24.53,0,0.79,9,0.1,0,0,29.47,0.67,0,0,3.1,0,11.74,0.1,9,0.14,0,0,1.9,0,3.3,0.01
"Bolivia",28.5,0.3,0,0,0,0,0,0.3,0,0,0,0,0,0.6,0,0,0,1.6,1.49,0,0,1.3,1.1,0.1,28.1,0,1.5,1.6174,0.0826,0.9,1.4,0.5,0,0,0,0,0.1,9,1.3,1.4,0,0,0,0,9,0,0,0.1,1.2,0.1,0.8,0,0,9,0,0,0,0,9,0,0,9,0,0,0,9,0,9,0,0,0,0,0,9,0,0,0,0,0,0.1,9,0,0,0,0,0,0,0,0,0,0,0,0,0.1,0,9,0,9,0,0,0,0,0,5.9,0,0,0,0,0,0,0,9,0,0,0,0,0,0,0
"Paraguay",0.481,0.6,9,0,0,0,0,0,0,0,0,0,0,0,0,0.2,0,0.1,0.417,0,0,0.5,1.088,2.028,3.214,0,1.413,0.8658,0.0442,2.941,0.189,1.914,0,0,9,9,0,9,0,0.555,0,0,0.7,0,0,9,9,0,0.453,0.1,0,0,9,0,0,0,0,0,0,9,9,0,0,0,0,0,0,0,0,0,0,0,9,0,0,9,0,0,0,0,0,0,0,0,0,0,0,0,9,0,9,9,0,0,0,0,0,0,0,0,0,9,0,1.632,0.3,0.1,9,0,0,0,0,9,0,0,0,0,0,0,0
"Chile",17.9,6.2,8.3,0,0.2,0.1,1.7,9.5,0,0,0,0,0.1,2.76,0.4,6.2,6.42,22.1,15.63,1.3,0.5,0,35.3,0.6,34.1,0.5,4.6,4.2814,0.2186,11.9,7.3,2.9,0.1,0,0.1,0,0.1,0.2,1,5.4,0,0.1,0.2,0,0,0,0.1,0.8,19,0.7,8.5,0,0,0,9,0,0,0,0,9,0,0,0,9.1,0,9,0,0,0,0,0,0,0,0,0,0,9,0,0,0.9,0,0,0,0,0,0,0,0,0,0.7,0,0.3,0,0.1,0,9,0,0,0,0,0.6,0,0,50,2.2,1,0,7.2,0,0,0,0,9.1,0,0,0.1,0.7,0.46,0.1
"Argentina",63.7,33.1,0,0,0.08,0.4,0.4,0.7,0.1,0.1,0.1,0.1,0.1,2.05,8.1,13.5,1.08,39.8,38.9,1.1,1.088,35.3,0,7.3,176.1,6,72.3,51.6623,2.6377,45.6,5.7,49,3,0,1.5,15.8,3.5,2.6,6.8,87.3,9.1,1.1,19.1,0,0.8,0.15,10,0.5,5,5.5,8.2,0.1,0,0,0,0,0,0,0.1,0,0,0.1,1,0,0,0.2,0,0,0,0,0.1,0.2,0.2,0.2,0,0,0,0,0,0.1,0,0.1,4.1,2.2,0,0,0.2,0.1,0.1,1,0.3,0.6,0,4,0,0,0,9,3,0,0,0,1,5.1,18.6,1.6,0,2.6,0,0.2,0,0,0.238,0,0,2.1,0,0.39,0
"Uruguay",0.3,2.4,4.3,0,0.1,0,0,0.1,0.1,0.2,0,0,0,0.1,1.5,8.6,0.22,2.4,2.57,0.1,2.028,0.6,7.3,0,28.3,0,8,1.9028,0.0972,0.7,1.3,3.1,0.4,0,0.1,2.1,2.1,0.6,2.8,5.2,0,0.8,0.6,0,0.1,0,3.6,1.4,2.5,0.3,2.5,0,9,0,9,9,0,0,0,9,0,0,0,0,0,0.3,0,0,0,0,0,0,0,0,0,9,0,9,9,1.1,0,0.2,1.4,0,0,0,0,0.4,0,0.1,9,0,0,1,10.4,9,0,9,0,9,0.1,0,0.2,1.1,1.2,0.8,9,0.4,9,0,0,0,9,0,0,0.1,0.1,0.1,0.1
"United Kingdom",254.5,511.1,28.9,1.7,7.77,31.5,33.3,18.5,3.7,2,5.7,3,5.3,1.22,15.7,129.7,7.54,29.1,20.12,28.1,3.214,34.1,176.1,28.3,0,8.8,157.6,133.4847,6.8154,82.4,34.9,3.9,26.7,0,0.9,33.6,34,4.8,12.4,152.8,0.4,8.9,55.6,14.2,4.4,33.76,91.5,117.4,48.5,86.1,65.8,4.7,0.4,0.7,1,2,0.4,1.3,2.9,0.9,4,35.7,54.4,2.3,16.1,20.3,1.5,0.9,0.4,1.6,25.5,1.8,31.3,27.6,0,0,0,3.7,4.8,113.9,0.1,15.1,13.8,0.9,79.4,41.9,18.8,25.3,125.9,56,20.8,16.7,19.7,74.1,10.7,0.3,374.8,12.2,17.7,0,0.1,0,3.7,3,12.5,45.4,0.2,55.1,0,39.8,3.5,0.8,3.66,0,0,24.8,13.6,212.4,133.26
"Ireland",5.4,15.2,0.2,0,0,0,0.7,0.4,0,0,0,0,0,0,0,0.2,0,1.2,2.6,0,0,0.5,6,0,8.8,0,24,12.8442,0.6558,11.1,5.9,3.4,1.6,0,1.9,4,1,0,0.4,3.9,0,0,0.8,0,0,0,2.5,13.2,11.5,1.1,8,0.9,0,0,0,0,0,0,0,0,0,0.9,2.4,0,0,1.6,0,0,0,0,0,0.4,0.8,1.5,0,0,0,0,0,2.1,0,4,0,0,0,0.3,1.9,1.2,25.9,0.1,0,0.7,0,1.9,4.1,9,0,0,0.8,0,0,0,0,9.5,12.4,1.7,0,2,9,0.9,0,0,0.2,0,0,0,0.9,12.08,2.4
"Netherlands",420.6,9.4,6.5,1,2.42,11.1,24.7,6.5,0.3,0.9,8.8,0.6,1.6,1.97,5.5,14,0.76,12.3,21.31,1.5,1.413,4.6,72.3,8,157.6,24,0,376.4785,19.2219,69.4,17.5,33,13.3,0,11.1,4.7,8.2,2.6,12.2,49.7,0.1,9.3,27.1,2.4,0.2,3.17,23.6,32.2,85.3,57.4,76.1,3.8,0.5,3.5,1.3,0.1,0.6,4.8,0.2,0.8,3,2.8,8.5,0.6,14.9,12.9,2.9,0.4,0.6,1.1,3.1,3.4,1.7,4.9,0,0,0,0.3,0.7,16.3,0.7,1,6.7,21.6,17.3,6.2,1.5,5.6,3.5,13.1,87.5,32.5,3.7,17.7,22.9,0.2,117.2,0.7,2.8,0,1.8,0,5.3,11.1,6.6,4.4,4.3,3.3,0,12.7,1.3,0.2,0.179,0,0,4.7,14,29.43,1.24
"Belgium",58.2271,5.4231,4.5668,1.6174,1.1512,1.9028,1.4271,2.8543,1.2368,1.5223,4.3765,1.998,0.5709,1.9409,2.1883,19.7896,1.3986,18.3625,6.6029,1.6174,0.8658,4.2814,51.6623,1.9028,133.4847,12.8442,376.4785,0,0,102.4682,45.8586,16.5548,10.2754,135.7681,5.1377,3.1397,9.0385,3.4251,2.0931,60.7008,0.0951,2.4737,23.9759,2.8543,0.666,2.0265,35.9638,14.8422,37.6763,21.2167,40.5306,1.9028,0.4757,1.5223,0.9514,0.2854,0.0951,1.0466,0.0951,0.2854,4.0911,0.5709,1.4271,0.666,0.7611,7.4211,0.2854,0.666,1.0466,8.1822,107.0351,0.5709,1.8077,1.1417,0,0,0,0.1903,0.666,28.3524,0.8563,4.9474,0.1903,15.7936,10.4657,1.2368,57.8465,3.2348,16.745,4.2814,4.5668,9.7045,3.2348,7.1357,7.326,0,48.5226,0.0951,1.2368,9,0.2854,0,1.2369,7.326,2.0931,9.7997,0.4757,1.7126,0,0.7611,0.3806,0,0,0,0,0.5709,3.6154,37.9523,17.6299
"Luxembourg",2.9729,0.2769,0.2332,0.0826,0.0588,0.0972,0.0729,0.1457,0.0632,0.0777,0.2235,0.102,0.0291,0.0991,0.1117,1.0104,0.0714,0.9375,0.3371,0.0826,0.0442,0.2186,2.6377,0.0972,6.8154,0.6558,19.2219,0,0,5.2318,2.3414,0.8452,0.5246,6.9319,0.2623,0.1603,0.4615,0.1749,0.1069,3.0992,0.0049,0.1263,1.2241,0.1457,0.034,0.1035,1.8362,0.7578,1.9237,1.0833,2.0694,0.0972,0.0243,0.0777,0.0486,0.0146,0.0049,0.0534,0.0049,0.0146,0.2089,0.0291,0.0729,0.034,0.0389,0.3789,0.0146,0.034,0.0534,0.4178,5.4649,0.0291,0.0923,0.0583,0,0,0,0.0097,0.034,1.4476,0.0437,0.2526,0.0097,0.8064,0.5343,0.0632,2.9535,0.1652,0.855,0.2186,0.2332,0.4955,0.1652,0.3643,0.374,0,2.4774,0.0049,0.0632,9,0.0146,0,0.0632,0.374,0.1069,0.5003,0.0243,0.0874,0,0.0389,0.0194,0,0,0,0,0.0291,0.1846,1.9377,0.9001
"France",435.5,20.5,0.2,2.2,2.34,3.6,17.8,1,1.7,0.9,2.1,3.9,1.8,1.23,6.6,36.3,1.14,6.8,6.94,0.9,2.941,11.9,45.6,0.7,82.4,11.1,69.4,102.4682,5.2318,0,249.7,107.3,30.4,0,5.5,20.7,36.6,29.3,5.2,215.5,0.5,34.4,38,6.3,4.2,8.17,76.9,15.9,35,24.9,22.9,0.2,5.4,10.8,10,14.9,7,20.8,2.7,16.2,16.6,2.7,3.6,1.3,15.4,22.5,22.8,6.2,3.1,30.2,19.2,1.2,3.6,1.2,0,0,0,0,0.3,13.8,40,22.6,16.2,34.6,20.8,3.4,19.2,15.6,180,7.8,2.4,34.4,3.5,20.6,31.2,0.7,140.9,0.6,37.3,0,0.7,0,0.3,11.3,5.1,14.3,1.3,1.6,0,6.6,7.7,1.7,10.291,0,0,1.1,5.5,113.43,59.71
"Switzerland",24.3,1,4.7,1.1,1.69,0.9,0.1,15.8,3.6,1.7,1.1,0.5,1.1,0.88,4.9,16.7,0.6,2.3,6.45,1.4,0.189,7.3,5.7,1.3,34.9,5.9,17.5,45.8586,2.3414,249.7,0,18.9,14.7,0,0.2,0.8,2.1,7.2,2.7,154.6,0,12.1,7.7,0.9,1,10.52,5.4,19.9,3.1,18.3,21.4,0.6,0.1,0.5,0,0.1,0,0.6,0.4,0,0.6,0.2,0.3,0.1,0.3,9.3,1.2,0.1,0,0.9,0.2,0,0.3,0.5,0,0,0,0,0.8,23,0.1,0.6,1.8,0.1,2.8,1.4,4.4,0.3,5.7,15,4.3,5.8,1.2,17.2,7.2,0,3.7,0.1,6.5,0,1.1,0,0.5,24.5,12.7,4.3,1.4,1.8,0,10.4,0.4,0.2,1.015,0,0,1.8,2.3,26.2,7.65
"Spain",213.4,11.8,12.5,0.1,0.49,0,10.8,0.4,0.5,0.1,0.4,0.2,0.3,0.45,3.7,40.2,0.35,7,3.77,0.5,1.914,2.9,49,3.1,3.9,3.4,33,16.5548,0.8452,107.3,18.9,0,1.6,0,2.3,0.7,5.8,2.9,4,18,0,0.5,13.2,0.8,0.7,1.3,14.3,5.4,28.8,1.5,5.6,1.2,0,1.1,0.1,0.1,0.1,1.8,0,0.1,0.5,0.7,0.4,0.4,1,4.5,0.1,0.3,0.3,0.4,1.8,0.9,0.9,0.5,0,0,0,0,0.1,10,0.7,17.9,3.8,0.7,4.4,2,25.8,4.8,40.8,0.1,0.6,0.7,0.5,1.3,71.2,0,16.3,0,1.5,0,0.4,0,0.1,21.6,16.5,4.4,0.2,1.6,0,3.9,0.8,0,1.612,0,0,3.8,0.2,6.28,3.9
"Portugal",2.1,2.6,0,0,0.2,0,0.1,2.7,0.9,0.1,0,0.2,0,0.11,0.4,1.5,0.33,0.1,0.12,0,0,0.1,3,0.4,26.7,1.6,13.3,10.2754,0.5246,30.4,14.7,1.6,0,0,0,0.1,1.7,0,0.7,8.5,0,0.3,0.8,1.3,0,0.5,0,0.9,1.7,1.7,6.4,1.3,0,0.2,0,0,0,0,1.7,0,0,0,0,0,0.4,5.2,0.3,0.4,0.2,0.4,2.1,0.1,0.5,0.1,0,0,0,0,0,0.7,0.1,1.6,2.8,0.4,1.4,0.4,2.2,5.9,22.6,0,3.3,1.4,0.4,4.5,0,0,0.4,0,0,0,0,0,0.5,0.8,0,4.8,0.4,0.2,9,1,0,0,0.843,0,0,0.4,1.4,1.44,1.5
"German Federal Republic",0,0,0,0,0,0,0,0,0,0,0,0,0,0,0,0,0,0,0,0,0,0,0,0,0,0,0,135.7681,6.9319,0,0,0,0,0,0,0,0,0,0,0,0,0,0,0,0,0,0,0,0,0,0,0,0,0,0,0,0,0,0,0,0,0,0,0,0,0,0,0,0,0,0,0,0,0,0,0,0,0,0,0,0,0,0,0,0,0,0,0,0,0,0,0,0,0,0,0,0,0,0,0,0,0,0,0,0,0,0,0,0,0,0,0,0,0,0,0,0,0,0
"German Democratic Republic",2,0,0,0,0.3,0,0,0.1,0,0.2,0,0,0,0,0.8,0.4,0,3.5,2.73,0,9,0.1,1.5,0.1,0.9,1.9,11.1,5.1377,0.2623,5.5,0.2,2.3,0,0,0,0,0.7,0,0,0,0,11.6,0.2,0.2,0,28.8,0,1.4,4.8,1.3,2.7,0.3,0.1,0,0,0,0,0,0,9,0,1,1.6,0,0.1,3.7,0,0,0,0,0,0,0,0,0,0,0,0,0,0,0,0.8,0,0.3,0,1.9,36.4,0,1.6,2.1,0.3,0.8,0.6,0,0,0,9,9,0,0,0,0,0,2.7,0.1,0,0,0.3,0,0.1,0,9,0,0,0,0,0,1.91,0
"Poland",63,18.3,0,0,0.18,0,0,0.5,0,0.7,0,0,0,0.22,0,0.7,1.08,1.4,1.8,0,9,0,15.8,2.1,33.6,4,4.7,3.1397,0.1603,20.7,0.8,0.7,0.1,0,0,0,20.2,0,0,23,0,4.1,2.2,0.9,0,11.9,0,3.8,5.9,1.3,3.2,0.9,0.4,0.1,0.1,0,0,0,0,9,0,0.5,1.4,0.2,0,1.1,0,0,9,0,0,0,0,0,0,0,0,0,0.5,0,0,0.2,0,1.4,0.7,4.1,3.9,0.7,3.7,2.4,0.5,3.9,0.9,3.3,0,9,0,0.9,0,0,0,0,0,0.1,0.6,2.1,1.2,0.7,0,1,1,9,0,0,0,0,0,14.66,2.6
"Austria",23.4,1.2,0.1,0.1,0.68,0.2,0.1,0.7,1.6,1.4,0.3,0.3,1.1,0.01,1.1,4.6,2.53,2,6.74,0.1,0,0.1,3.5,2.1,34,1,8.2,9.0385,0.4615,36.6,2.1,5.8,1.7,0,0.7,20.2,0,5.5,1,80,0,1.9,11.3,1.2,8.9,2.1,9.9,5.7,8,4.8,3,0.1,0,0.1,0,0,0,0.4,2.7,0,0.1,0.1,2.3,0,0.2,0.6,0.7,0,0,0.1,0.5,0.2,0.5,0.3,0,0,0,0.2,1.3,5.1,0,2.5,0,0.8,1,0.7,2.6,0.8,3.7,1.2,2.5,3.5,1.4,0.2,1.2,0,2,0.8,2.2,0,0.7,0,0.4,0.6,10,1.3,0.2,1,0,7.4,0.1,0,0.067,0,0,2.1,2.5,0.28,0.5
"Hungary",15,0.3,0,0,0.1,0,9,0.1,0,0.2,0,0,0,0,0.1,0.4,0.22,1.8,4.46,9,9,0.2,2.6,0.6,4.8,0,2.6,3.4251,0.1749,29.3,7.2,2.9,0,0,0,0,5.5,0,0,21.1,0,12.9,2,0.1,0,0.61,0,0.3,2,0.2,1.5,0,0,0,9,0,0,0,0,9,0,9.3,2.7,0,0.2,0.7,0,0,0.1,0.2,0,0,0,0,0,0,0,9,1.1,0,0.3,2.2,0,0.5,1.1,0.6,14,4.7,3.7,3,3.7,1.9,0.8,0.1,0,9,9,9,0,0,0,0,0,2.2,1,0.2,1.1,1.2,0,0,9,0,0,0,0,9,0,0.67,0
"Czechoslovakia",1,2.9,0,0.4,0.36,0.1,0.5,1.1,0,0.6,0.5,0,0.2,0,0.5,3.2,0.66,0.2,1.8,1.3,0,1,6.8,2.8,12.4,0.4,12.2,2.0931,0.1069,5.2,2.7,4,0.7,0,0,0,1,0,0,21.9,0,20,1,0.1,0,56.77,0,1.3,2.4,1.5,2.6,0.7,1.6,0,0,0,0,0,0,9.1,0,0.7,6.8,0.1,0.6,8.1,0,0,0.1,0.1,0,0.3,0.9,0.7,0,0,0,0.7,2.3,0,0.4,0.1,0,1.5,2.6,0.3,4.7,4.4,7,25.5,0.1,6.1,3.7,0.2,0,0,0,5.8,0,0,0,0,0,2.1,5,2.1,2.2,1.4,0,1.2,1.7,9,9,0,0,0,0,5.52,0.5
"Italy",494.4,28,36.7,3.6,3.41,1.8,0,16.9,2.8,0,1.6,0.2,0.7,1.18,6.9,10.7,0.51,5.5,21.4,1.4,0.555,5.4,87.3,5.2,152.8,3.9,49.7,60.7008,3.0992,215.5,154.6,18,8.5,0,0,23,80,21.1,21.9,0,0.5,49,39.9,7,8.2,5.14,62.3,26.8,19.4,0.7,44,3,0.1,3.6,0.3,2.7,0.2,21.4,0.7,0.1,2.6,2.3,1.2,1.7,5.5,0.6,0.4,0.2,0.1,0.6,30,3.2,4.3,3.1,0,0,0,9.5,7.5,22.6,0,6.4,9,16.9,5.8,6.6,4.1,17.1,146.8,9.4,10.5,21.4,3.8,9,121,0.8,180.6,2.1,2.3,0,2.7,0,0.6,43,16.3,2.6,1.3,4.5,9,1.6,1.7,0.1,4.626,0,0,3.1,2.6,71.78,27.59
"Albania",0,9,0,0,9,0,0,0,9,0,0,9,0,9,0,9,9,0,9,0,0,0,9.1,0,0.4,0,0.1,0.0951,0.0049,0.5,0,0,0,0,0,0,0,0,0,0.5,0,0.6,0,9,0,0.68,0,0,0,0,0,0,0,9,9,0,0,9,0,0,0,0,0.2,0,0,9,0,0,0,9,0,0,0,0,0,0,0,0,0,0,0,0,0,0,9.1,0,9,0,0,0,0,0,0,0,0,0,0,0,0,0,0,0,0,0,9,1.1,0,0,0,0,0,9,0,0,0,0,0,3.5,9
"Yugoslavia",136.2,16.1,2.4,0,0,0,0,0.3,0,0,0,0,0,0.1,2,0.8,0,2.5,0.05,0,0,0.1,1.1,0.8,8.9,0,9.3,2.4737,0.1263,34.4,12.1,0.5,0.3,0,11.6,4.1,1.9,12.9,20,49,0.6,0,7.6,1.1,0.8,0.55,13.5,3.9,0.5,5.8,1.3,0,0.2,0,0,0,0,0,0.3,0,23.1,0,1,0.2,0.1,0.1,0,0,1.2,0,0,0.1,1.3,0.3,0,0,0,0,0.8,0.6,0.1,0.7,0.9,1.1,1.5,0.6,0.8,1.2,2.2,5.5,0.4,1.7,1.3,2.1,0.6,0.4,1.3,0,0,0,0,0,0,11.4,4.9,3.6,0.8,0.1,0,0.6,2.3,0,0,0,0,0.2,8.9,15.27,0.2
"Greece",26.6,5.2,1,0,0,0,0,0,0,0,0,0.5,0,0.1,0,0.1,0.1,1.1,3.18,0,0.7,0.2,19.1,0.6,55.6,0.8,27.1,23.9759,1.2241,38,7.7,13.2,0.8,0,0.2,2.2,11.3,2,1,39.9,0,7.6,0,3.6,1,2.88,6,6.3,21.7,1.9,8,0.8,0,0.1,0,0,0,0,0,0,0.9,0,1.2,0,0,0.5,0.1,0,0,0,2.2,0.1,0.7,0.6,0,0,0,0.2,1.9,1.5,0.4,2.7,0.6,1.6,1.5,1.2,6.3,0.6,0.9,1.5,1.3,0.5,0.2,3.2,22.3,0,1.4,0,0.1,0,0.1,0,0,7.9,1.4,1,0.3,0.1,0,0.1,0,0,0.503,0,0,0.1,0.3,3.26,2
"Cyprus",4.7,0.5,0,0,0,0,0,0,0,0,0,0,0,0,0,0.1,0,0,0.8,0,0,0,0,0,14.2,0,2.4,2.8543,0.1457,6.3,0.9,0.8,1.3,0,0.2,0.9,1.2,0.1,0.1,7,9,1.1,3.6,0,0.1,0.22,0.7,0.2,1.8,0.2,1.2,0,0,0,0,0,0,0,0,0,0,0.2,0.1,0,0,0.1,0,0,0,0,0,0,0.1,0,0,0,0,0,0,0.2,0,0,0,0,0.2,0.1,0.1,1.2,0,0.7,0.3,2,0.1,1.1,0.2,9,0,0,0,0,0,0,0,3.4,2.6,0.4,0,0.1,9,0.4,9,9,0,0,0,0,0,0.5,0.5
"Bulgaria",1,0.1,0,9,0,9,0,0,0,0,0,0,0,0,0,0,0,0.2,0.43,9,0,0,0.8,0.1,4.4,0,0.2,0.666,0.034,4.2,1,0.7,0,0,0,0,8.9,0,0,8.2,0,0.8,1,0.1,0,3.3,0,1,0.1,2.5,0.4,0,9.1,0,9,0,0,0,0,0,0,9,0.2,0.1,0,0.3,0,9,9,0,9,9,0,0,0,0,0,0,0.1,0,0,0.4,0,0.5,0.3,0.1,9.2,1.4,2.3,0.3,0.9,0.6,1.9,1,0,9,9,9,0,0,0,0,0,0.8,2.3,0,0,4.2,0,0,1.1,9,0,0,0,9,0,0.04,0
"Romania",0.05,0.08,3.56,0,0,0,0,0,0,0,0,0,0,0,0,0.2,0,0,2.88,0,9,0,0.15,0,33.76,0,3.17,2.0265,0.1035,8.17,10.52,1.3,0.5,0,28.8,11.9,2.1,0.61,56.77,5.14,0.68,0.55,2.88,0.22,3.3,0,26.31,0.14,1.31,0.21,0.75,0.13,0,0,0,0,0,0,0,9,0,0,0.41,0,0,0,0,0,9,0,0,0,0,0,0,0,0,0,0,0,0.5,2.8,0.29,0,2,1.28,0.28,1.92,2.7,3.13,7.88,7.15,1.4,0.45,0,0,0.93,9,1.71,0.15,0,2.23,0,1.45,1.09,0.8,0.07,1.97,0,0.1,0,0,0,0,0,0,3.24,0,0
"Russia",0,136.9,0,0,0,0,0,2.8,0,0,0,0,0,0,0,0,0,0,0.6,0,9,0.1,10,3.6,91.5,2.5,23.6,35.9638,1.8362,76.9,5.4,14.3,0,0,0,0,9.9,0,0,62.3,0,13.5,6,0.7,0,26.31,0,10,21.3,8.7,4.2,1.2,5.1,0,0,0,0,0,0,0,0,9,11.5,0.3,0,0.3,0,0,9,0,0,0,0,0,0,0,0,6.3,0,0,0,0.9,0,1.8,3,2.7,14.5,1.8,20.3,52.6,11.2,3.4,1.6,0.3,0,0,0,21.3,0,0,9,0,0,3.7,22,5.8,0.1,5.7,9,0.2,2.7,9,9,0,0,0,10.2,50.52,0
"Finland",7.4,6.6,6,0.1,0.07,0.1,0,2.3,1.8,0,0.3,0,0.9,0.2,0.2,0.5,0.24,0.4,5.94,0.1,0,0.8,0.5,1.4,117.4,13.2,32.2,14.8422,0.7578,15.9,19.9,5.4,0.9,0,1.4,3.8,5.7,0.3,1.3,26.8,0,3.9,6.3,0.2,1,0.14,10,0,77.7,8.6,7.6,0.6,0,0.1,0,0,0,0.1,0,0,0.5,0,0.1,0,0.1,1.3,0,0,0,0,0.2,0.2,0.3,0,0,0,0,0,0.1,4.1,0,0.5,0.7,0.5,0,0,5.2,2.3,0.8,10.1,1.5,2.9,0.5,3.3,0.1,0,0.2,0,2.7,9,0,0,0.1,3.8,3.1,0.1,0,0.6,9,1,0.1,0,0.673,0,0,1.6,0.2,12.61,0.3
"Sweden",143.7,5.7,2.7,0,3.27,1.8,17.6,13.7,3.7,0.4,0.8,0.3,0.9,0.15,3.1,20.1,1.31,7.4,12.41,1.2,0.453,19,5,2.5,48.5,11.5,85.3,37.6763,1.9237,35,3.1,28.8,1.7,0,4.8,5.9,8,2,2.4,19.4,0,0.5,21.7,1.8,0.1,1.31,21.3,77.7,0,197.1,74.2,0.4,0.1,1.1,0.1,0,0.2,0.6,0,0.4,33.7,0.5,0.4,0.1,0.4,1.6,0.4,0.1,0.1,0.2,0.9,0.2,0.3,0.4,0,0,0,0,0,21.7,0.4,2.1,0.7,2.2,0.3,1.5,12.2,3.5,8.3,8.1,2.3,2.4,1.4,1.1,20.5,0,0.1,0.4,3,0,0,0,0.1,15.7,17.7,1.5,3.5,1.3,9,3.4,0.7,0.1,0.378,0,0,8.2,3.2,38.99,2.4
"Norway",11,43.9,0.2,0.4,0.12,10.4,0,0.4,2,0,0.2,0,0,0.22,2.1,27.3,0.24,2.7,5.84,0.1,0.1,0.7,5.5,0.3,86.1,1.1,57.4,21.2167,1.0833,24.9,18.3,1.5,1.7,0,1.3,1.3,4.8,0.2,1.5,0.7,0,5.8,1.9,0.2,2.5,0.21,8.7,8.6,197.1,0,31.7,6.2,0,1.1,0.1,0,0,0.1,8.2,0,12.9,0.1,4.5,0.1,0.7,12.8,0,0,0,0,0.2,0.1,1.3,0.3,0,0,0,0,0.7,1.3,0.1,2.4,0.4,0,0.8,0.2,1.5,0.5,2.7,1.3,0.3,0.5,0.1,0.5,14.9,0,0.6,0,1.3,0,0.1,0,0.2,8.2,1,1.3,1.4,0.8,9,0.1,0.1,0.1,0.044,0,0,3.1,1.1,0.16,0.12
"Denmark",40.2,8.7,0.9,0.3,0.7,0.6,0.7,1.6,2.3,0.7,0.9,0.6,0.6,6.22,0.7,11.1,1.44,2.2,8.97,0.8,0,8.5,8.2,2.5,65.8,8,76.1,40.5306,2.0694,22.9,21.4,5.6,6.4,0,2.7,3.2,3,1.5,2.6,44,0,1.3,8,1.2,0.4,0.75,4.2,7.6,74.2,31.7,0,6.3,0,0.2,0,0.1,0,2.2,0.2,0,3.2,0.5,0.9,0.1,0.1,3.2,0.5,0.1,0.1,0,0.7,0.1,0.3,2.8,0,0,0,0,0.7,5.6,0.1,2.2,0.3,0.4,1.2,1.1,14.4,1.8,1.9,1.3,0.2,0.9,1.3,0.6,1.2,0,1.3,0,3.6,0,0,0,0.1,1.7,0.5,1.9,7.9,1.8,0,3.7,0.6,0.2,0.072,0,0,1.1,2.5,9.65,0.6
"Iceland",3.9,0.4,0.1,0,0,0,0,0,0,0,0,0,0,0.11,0,1,0.1,0,0.44,0,0,0,0.1,0,4.7,0.9,3.8,1.9028,0.0972,0.2,0.6,1.2,1.3,0,0.3,0.9,0.1,0,0.7,3,0,0,0.8,0,0,0.13,1.2,0.6,0.4,6.2,6.3,0,0,0,0,0,0,0,9,9,0,0,0,0,0,4.2,0,0,0,0,0,0,0.1,0,0,0,0,0,0,0.1,0,0,0,0,0,0,0,0,0.3,0,0,0,0,0.5,0,0,0,0,0,9,0,0,0,2.6,0.2,0,0,0,0,0,0,0,0,0,0,0.1,0,0.2,0
"Mali",0.7,0,0,0,0,0,9,9,0,9,0,0,0,0,0,0.8,9,0,0,0,9,0,0,9,0.4,0,0.5,0.4757,0.0243,5.4,0.1,0,0,0,0.1,0.4,0,0,1.6,0.1,0,0.2,0,0,9.1,0,5.1,0,0.1,0,0,0,0,1.8,0.1,0.1,0.1,0.9,0.1,1.5,0.1,0.2,3.1,0,0.4,0,0,0,0,0,0,0,0,9,0,0,0,0,9,0,0,1.2,0.5,0,0,9,0,0,0.4,1.1,0,0.1,0,0,0,9,9.2,0,1.2,0,0,0,0,0.1,0.1,0.3,9,0,0,0,9,0,9,0,0,0,0.3,0.2,0
"Senegal",6,0,0,0,9,0,0,0,9,0,0,0,0,0,0.4,4.5,1.2,0,0.4,9,0,0,0,0,0.7,0,3.5,1.5223,0.0777,10.8,0.5,1.1,0.2,0,0,0.1,0.1,0,0,3.6,9,0,0.1,0,0,0,0,0.1,1.1,1.1,0.2,0,1.8,0,1.5,0,1.1,3.2,0.4,1.6,0,0,0.1,0.7,2.3,0.1,0,0.5,0.6,0.6,0,9,0,0,0,0,0,0,0.1,0.9,2.1,2.8,0.3,0,0,0,0,0,0,1.3,9,0.1,0,0,0,9,0,9,2.3,0,0.7,0,0,1.5,0.1,0,0,0,0,0.4,3.9,0,7.5,0,0,0,0,0,0
"Benin",0.5,0,9,9,9,0,0,0,0,0,0,9,0,0,0,0.2,9,0,0,0,0,9,0,9,1,0,1.3,0.9514,0.0486,10,0,0.1,0,0,0,0.1,0,9,0,0.3,9,0,0,0,9,0,0,0,0.1,0.1,0,0,0.1,1.5,0,0,0,0.4,9,0.1,0,0,0,0.1,0,1.3,0,0,9,0,0,0,0,0,0,0,0,0,0,9,0,0.4,0.1,0.1,0,9,0,0,0.3,0,9,0,0,0,0,9,9,0,0.1,0,0,9,0,0.1,0.1,0.1,9,0,9,0,0.4,0,0,0,9,0,9,0,0
"Mauritania",5.8,0.3,0,0,0,0,0,0,9,0,0,0,0,0,9,0.1,0,0,0,0,0,0,0,9,2,0,0.1,0.2854,0.0146,14.9,0.1,0.1,0,0,0,0,0,0,0,2.7,0,0,0,0,0,0,0,0,0,0,0.1,0,0.1,0,0,0,0,0,0,0,0,0,0,0,0,0,0.2,0,0,0.9,0,0,0,0,0,9,0,0,0,9,0,0.1,0,0,0,0,0,0,0,0,0,0,0,0,0,0,0,0,0,0,0,0,0,0,0,0,9,0,0,0,9,9,0,0,0,0,0,0,0
"Niger",0.7,0,0,9,0,9,0,0,0,0,0,0,0,0,0,0.1,0,0,0,0,0,0,0,0,0.4,0,0.6,0.0951,0.0049,7,0,0.1,0,0,0,0,0,0,0,0.2,0,0,0,0,0,0,0,0,0.2,0,0,0,0.1,1.1,0,0,0,0.9,0,0.7,0,0,1.6,0,0,1.6,0,0,0,0,0,9,0,0,0,0,0,0,0,9,0.1,0.1,0.1,0,0.1,0,0,0,0.1,0,0,0,0,0,0,0,9,0,0.2,0,0,9,0,0.1,0,0.1,0,0,0,0,9.1,0,0,0,0,0,0,0,0
"Ivory Coast",23.4,0.2,0,0,9,0,0,0,0,9,9,0,0,0,0,3.4,0,0,0,0,0,0,0,0,1.3,0,4.8,1.0466,0.0534,20.8,0.6,1.8,0,0,0,0,0.4,0,0,21.4,9,0,0,0,0,0,0,0.1,0.6,0.1,2.2,0,0.9,3.2,0.4,0,0.9,0,0,4.5,0,0,0.2,0.1,0,1.3,0,0.1,0,0.1,0.5,0,0,0,0,0,0,0,0,3,0.8,0.7,9.1,0.5,0,0,0,0,1.6,0,0,0.2,0,0.3,0,9,0,9,0,0,0,0,0,1.1,2.6,0.4,0,0,0,0,2.6,0,0,0,0,0,0,0,0
"Guinea",1,2.6,9,0,0,9,0,0,0,0,0,0,0,0,0,0.1,0,0,0,9,0,0,0.1,0,2.9,0,0.2,0.0951,0.0049,2.7,0.4,0,1.7,0,0,0,2.7,0,0,0.7,0,0.3,0,0,0,0,0,0,0,8.2,0.2,9,0.1,0.4,9,0,0,0,0,0,0,0,0.1,0,8.9,0,0,0,0,0,9,0,0,0,0,0,0,0,9,0,0,0.6,0,0,0,0,0,0,9,0,9,0,0,0,0,0,9,0,0,0,0,0,0,1.8,0.2,0.1,0,0,0,0,0,0,0,0,0,0,0,0,0
"Burkina Faso",0.7,0,9,0,0,0,0,9,0,0,0,0,0,0,0,9.5,0,0,9,0,9,9,0,9,0.9,0,0.8,0.2854,0.0146,16.2,0,0.1,0,0,9,9,0,9,9.1,0.1,0,0,0,0,0,9,0,0,0.4,0,0,9,1.5,1.6,0.1,0,0.7,4.5,0,0,0,9,5.3,0,0,0,0,0,0,0,9,0,0,0,0,0,0,0,9,0,0.1,0.2,0.2,0.1,0,0,9,0,9.3,0,0,0,0,0,0,0,9.1,9,0,0,0,0,0,0.4,0,9,9,0,0,0,0,0,9,0,0,0,0,0,0
"Liberia",3,0.9,0,0,0,0,0,0.2,9,0,0,0,0,9,0,0.8,0,0,0,0,9,0,0,0,4,0,3,4.0911,0.2089,16.6,0.6,0.5,0,0,0,0,0.1,0,0,2.6,0,23.1,0.9,0,0,0,0,0.5,33.7,12.9,3.2,0,0.1,0,0,0,0,0,0,0,0,0,1.2,0,0,0.2,0,0,0,0,0,0,0,0,0,0,0,0,0,0,9,0,0,0,0,9,0,0,9,0,0,0.1,0,0.1,0,9,9,0,0,0,0,0,0,3.3,0,0,0,0,0,9,0,0,0,0,0,0,0,0,0
"Sierra Leone",3.1,1.7,9,0,9,0,0,0,0,9,0,0,0,0,0,1.4,0,0,0,9,0,0,0.1,0,35.7,0.9,2.8,0.5709,0.0291,2.7,0.2,0.7,0,0,1,0.5,0.1,9.3,0.7,2.3,0,0,0,0.2,9,0,9,0,0.5,0.1,0.5,0,0.2,0,0,0,0,0,0,9,0,0,0.2,0,0,0.6,0,9,9,0,0,9,0,9,0,0,0,0,9,0,9,0.1,0,0,0,0,0,0,9,0.2,9,0,0,0.1,0,9,9,9,0.4,0,0,9,0,5.4,1.4,0,2.6,0,0,0,9,0,0,0,0,0,0,0.1,0.1
"Ghana",31.6,2.3,0,0,0,0,0.1,0,0,0,0,0,0,0,0,4.3,0,0,0.2,0,0,0,1,0,54.4,2.4,8.5,1.4271,0.0729,3.6,0.3,0.4,0,0,1.6,1.4,2.3,2.7,6.8,1.2,0.2,1,1.2,0.1,0.2,0.41,11.5,0.1,0.4,4.5,0.9,0,3.1,0.1,0,0,1.6,0.2,0.1,5.3,1.2,0.2,0,0.2,0,5.7,9,9,0,0,0,0,0,0,0,0,0,0,0,0,0,2.7,0.1,0,1.1,0,0,0,0,0.3,0.1,0.1,0,0.6,0,9,0,0,1.6,0,0,0,0,11.5,3.2,0.2,0,0,0,0,0,0,0,0,0,0,0.2,5,0.55
"Togo",0.2,0.3,0,0,9,0,0,0,9,0,0,0,0,0,0,0.2,0,0,2.09,0,0,9.1,0,0,2.3,0,0.6,0.666,0.034,1.3,0.1,0.4,0,0,0,0.2,0,0,0.1,1.7,0,0.2,0,0,0.1,0,0.3,0,0.1,0.1,0.1,0,0,0.7,0.1,0,0,0.1,0,0,0,0,0.2,0,0,0.2,0,0,0,0,0,0,0,9,0,9,0,9,0,0,0,0.2,0.2,0,0,0,0,0,0.3,0,9,0,0,0,0,0,0,9,0.3,0,0,0,0,1.4,0.2,0.1,9,0,0,0,9.2,9,0,0,0,0,0,0,0
"Cameroon",1.7,0,0,0,0.1,0,0,0,0,0,0,0,0,0,0,1.3,0,0,0,0,0,0,0,0,16.1,0,14.9,0.7611,0.0389,15.4,0.3,1,0.4,0,0.1,0,0.2,0.2,0.6,5.5,0,0.1,0,0,0,0,0,0.1,0.4,0.7,0.1,0,0.4,2.3,0,0,0,0,8.9,0,0,0,0,0,0,0,1,0,0.1,0,0,0,0,0,0,0,0,0,0,0,0,0.8,0.7,0.5,0,0,0.1,0,0,0.9,0,0,0,0.1,0,0,0,0,0.2,0,0,0,0,2.4,0.3,0.3,0,0,0,0,0.3,0,0,0,0,0,0,0.1,0
"Nigeria",6.1,5.5,0,0,0,0,0,0,0,0,0,0,0,0,0,3.5,9,0,0.1,9,0,9,0.2,0.3,20.3,1.6,12.9,7.4211,0.3789,22.5,9.3,4.5,5.2,0,3.7,1.1,0.6,0.7,8.1,0.6,9,0.1,0.5,0.1,0.3,0,0.3,1.3,1.6,12.8,3.2,4.2,0,0.1,1.3,0,1.6,1.3,0,0,0.2,0.6,5.7,0.2,0,0,0.3,0,2.2,0.2,0.2,0,0.1,0,0,0,0,0,0,0,0,0.1,0.2,0.6,1.4,0,0,0,0.7,0.1,0.1,0.1,0,2.5,0,9,0,0,3.4,0,0,0,0,68.7,8,4.1,0,0.1,0,0,0,0,0,0,0,0,0.1,0.54,0.4
"Gabon",3.9,0.9,0,0,0,0,0,0,9,0,0,0,0,0,0,0.6,0,0,0,0,0,0,0,0,1.5,0,2.9,0.2854,0.0146,22.8,1.2,0.1,0.3,0,0,0,0.7,0,0,0.4,0,0,0.1,0,0,0,0,0,0.4,0,0.5,0,0,0,0,0.2,0,0,0,0,0,0,9,0,1,0.3,0,0,0,0,0,0,0,9,0,0,0,0,0,0,0,0.2,0,0.2,0,9,0,0,0,0,0,0.3,0,4.2,0,9,0,0,0,0,0,0,0,0.1,0,0,0,0,0,0,9,9,0,0,0,0,0,0,0
"Central African Republic",2.6,0,0,9,0,0,0,0,0,9,0,0,0,0,0,0.3,9,0,0,9,0,0,0,0,0.9,0,0.4,0.666,0.034,6.2,0.1,0.3,0.4,0,0,0,0,0,0,0.2,0,0,0,0,9,0,0,0,0.1,0,0.1,0,0,0.5,0,0,0,0.1,0,0,0,9,9,0,0,0,0,0,0,0,0.2,0,0,0,0,9,0,0,0,0.1,0,0,0.2,0.1,0,0,0,0,9,0,0,0,0,4.8,0,9,0,9,0,0,0,0,0,0.2,0.1,0,0,0,0,0,0,9,9,0,0,0,0,0,0
"Chad",2.2,0,0,0,0,0,0,9,0,0,0,0,0,0,0,9,0,0,9,0,0,0,0,0,0.4,0,0.6,1.0466,0.0534,3.1,0,0.3,0.2,0,0,9,0,0.1,0.1,0.1,0,1.2,0,0,9,9,9,0,0.1,0,0.1,0,0,0.6,9,0,0,0,0,0,0,9,0,0,0.1,2.2,0,0,0,0,0.2,0,0,0,0,9,0,0,0,0,9,0.4,0.1,0,0,0.3,9,0,9.1,0.2,0,0.3,0,0,0,0,0,0,0.3,0,0,0,0,0.4,0.2,0,0,0,0,0,0,0,9,0,9,0,9,0,0
"Congo",4,0,0,0,0,0,0,0,9,0,0,9,9,0,0,0.6,0,0,0,0,0,0,0,0,1.6,0,1.1,8.1822,0.4178,30.2,0.9,0.4,0.4,0,0,0,0.1,0.2,0.1,0.6,9,0,0,0,0,0,0,0,0.2,0,0,0,0,0.6,0,0.9,0,0.1,0,0,0,0,0,0,0,0.2,0,0,0,0,0.6,0,0,0,0,0,0,0,0,0.2,0.1,0.6,0.1,0.4,0,0.1,0.2,0,0,0,9,0,0,0.7,0,9,0,9,0,9,0,0,0,0.9,0.3,0,9,0,0,0,9.2,9,0,0,0,0,0,0,0
"Democratic Republic of the Congo",28.7,1.1,9,0,9,0,0,0,0,0,0,0,0,0,0,2.1,9,0,0.11,0,0,0,0.1,0,25.5,0,3.1,107.0351,5.4649,19.2,0.2,1.8,2.1,0,0,0,0.5,0,0,30,0,0,2.2,0,9,0,0,0.2,0.9,0.2,0.7,0,0,0,0,0,0,0.5,9,9,0,0,0,0,0,0.2,0,0.2,0.2,0.6,0,6.1,0,1,0,0,0,0,0.1,20.2,0,0.2,0,0,0,0,1,0,0.2,0,0.1,0,0,0,0,0,0,9,0,0,0,0,0,1.3,2.4,0.1,9,0,0,0,9,0,0,0,0,0,0,0.22,0
"Uganda",36.9,2.9,0,0,0,0,0,0,9,9,0,0,9,0,0,0,9,0,0,0,0,0,0.2,0,1.8,0.4,3.4,0.5709,0.0291,1.2,0,0.9,0.1,0,0,0,0.2,0,0.3,3.2,0,0.1,0.1,0,9,0,0,0.2,0.2,0.1,0.1,0,0,9,0,0,9,0,0,0,0,9,0,0,0,0,0,0,0,0,6.1,0,0,0,0,0,0,0.6,0,2.6,0,0,0,0,0.1,6.6,0.3,0,0.3,0,0.1,0.1,0.3,0.5,0.2,0,0,0,10.3,0,0,0,0,3.7,0.7,1.1,0,1.1,0,0,0,0,0,0,0,0,0.1,1.9,0.5
"Kenya",5,4.9,0,9,0,0,0,0,0,0,0,0,0,0,0,0.1,0,0,0,0,9,0,0.2,0,31.3,0.8,1.7,1.8077,0.0923,3.6,0.3,0.9,0.5,0,0,0,0.5,0,0.9,4.3,0,1.3,0.7,0.1,0,0,0,0.3,0.3,1.3,0.3,0.1,0,0,0,0,0,0,0,0,0,0,0,0,0,0.1,0,0,0,0,0,0,0,0,0,0,0,2.7,0.4,0.2,0,0,0,0,0,1.1,19.3,0.1,0,0.2,0.1,0.1,0,2.2,0.2,0,0,9,0.7,0,0.2,9,0,30,2.9,2,0,0.3,0,0.1,0,0,0,0,0,0,0.1,0.93,0.4
"Tanzania",9,6.3,0,0,9,0,0,0,0,9,0,0,0,9,0,0,9,0,0,9,0,0,0.2,0,27.6,1.5,4.9,1.1417,0.0583,1.2,0.5,0.5,0.1,0,0,0,0.3,0,0.7,3.1,0,0.3,0.6,0,0,0,0,0,0.4,0.3,2.8,0,9,0,0,0,0,0,0,0,0,9,0,9,0,0,9,0,0,0,1,0,0,0,0,1.9,0,0.1,0,1.2,0,0,0,0,0,0,5.8,0.1,0.1,0.1,0.1,0.1,0,0,0,9,0,0,10.1,0,0.4,0,0,5.5,1.8,1,0,0.3,0,0,0,0,9,0,0,0,0,4.6,1.8
"Zanzibar",0,0,0,0,0,0,0,0,0,0,0,0,0,0,0,0,0,0,0,0,0,0,0,0,0,0,0,0,0,0,0,0,0,0,0,0,0,0,0,0,0,0,0,0,0,0,0,0,0,0,0,0,0,0,0,0,0,0,0,0,0,0,0,0,0,0,0,0,0,0,0,0,0,0,0,0,0,0,0,0,0,0,0,0,0,0,0,0,0,0,0,0,0,0,0,0,0,0,0,0,0,0,0,0,0,0,0,0,0,0,0,0,0,0,0,0,0,0,0
"Burundi",0,0,0,0,0,0,9,0,9,9,0,0,9,0,0,0,0,0,0,0,9,0,0,9,0,0,0,0,0,0,0,0,0,0,0,0,0,0,0,0,0,0,0,0,0,0,0,0,0,0,0,0,0,0,0,9,0,0,0,0,0,0,0,9,0,0,0,9,9,0,0,0,0,1.9,0,0,0,0,0,0,9,9,0,0,0,0,9,0,0,0,0,0,9,0,0,0,9,9,0,0,0,0,0,0,0,0,0,0,0,0,0,0,0,0,0,0,9,0,0
"Rwanda",0,0,9,9,0,9,9,9,0,0,9,0,0,9,9,0,9,9,0,0,0,9,0,0,0,0,0,0,0,0,0,0,0,0,0,0,0,0,0,0,0,0,0,0,0,0,0,0,0,0,0,0,0,0,0,0,0,0,0,0,0,0,0,0,0,0,0,0,0,0,0,0,0,0,0,0,0,0,0,0,0,0,0,0,0,0,9,0,0,0,9,9,9,0,0,0,9,9,0,0,0,0,0,0,0,0,0,0,0,0,9,9,0,0,0,0,9,0,0
"Somalia",0.8,0,0,0,0,0,0,0,0,0,0,0,0,9,0,0,9,9,0,0,0,0,0,9,3.7,0,0.3,0.1903,0.0097,0,0,0,0,0,0,0,0.2,9,0.7,9.5,0,0,0.2,0,0,0,6.3,0,0,0,0,0,0,0,0,0,0,0,0,0,0,0,0,9,0,0,0,0,0,0,0,0.6,2.7,0.1,0,0,0,0,1.3,0,0,0,0,0,0,0.1,1.1,0,0.8,0.8,0,0.1,0.1,9,6.7,0,0,0,2.4,0,0,9,0,3,2.1,0.4,0.3,0.5,9,0.4,0,0,0,0,0,0,0,0.2,0
"Ethiopia",24.2,0.1,0,9,9,0,0,0,0,9,0,0,0,0,0,0,0,0,0,0,0,0,0,9,4.8,0,0.7,0.666,0.034,0.3,0.8,0.1,0,0,0,0.5,1.3,1.1,2.3,7.5,0,0.8,1.9,0,0.1,0,0,0.1,0,0.7,0.7,0,9,0.1,0,0,0,0,9,9,0,9,0,0,0,0,0,0,0,0,0.1,0,0.4,0,0,0,0,1.3,0,9,0,0,0,0.1,0,1.4,2.9,0,0,0.4,0.3,0.2,0.5,0.3,2.1,0,0.1,0,1.5,0,0,0,0,9.6,4.4,0.6,0,0.8,9,0.1,9,0,9,0,0,0,0,0.1,0.1
"South Africa",3,24.2,0,0,0,0,0,3.6,0,0,0,0,0,0.22,0.1,0.3,0.22,0.2,6.81,0.1,0,0.9,0.1,1.1,113.9,2.1,16.3,28.3524,1.4476,13.8,23,10,0.7,0,0,0,5.1,0,0,22.6,0,0.6,1.5,0.2,0,0,0,4.1,21.7,1.3,5.6,0.1,0,0.9,9,9,9,3,0,0,0,0,0,0,0,0,0,0.1,0,0.2,20.2,2.6,0.2,1.2,0,0,0,0,9,0,0.5,1.7,0,9,9,0.3,10.4,0.9,6.6,0,9.3,0.4,0,1.9,0,0,9,9,0,0,0,0,0.1,50.7,0,16.1,0.2,15.2,0,0.2,9.1,0,0.4,0,0,5.4,0,2.91,1.23
"Madagascar",15.7,0,9,0,0,0,0,9,0,0,0,0,0,9,0,0,9,0,0,9,0,0,0,0,0.1,0,0.7,0.8563,0.0437,40,0.1,0.7,0.1,0,0,0,0,0.3,0.4,0,0,0.1,0.4,0,0,0.5,0,0,0.4,0.1,0.1,0,0,2.1,0,0,0.1,0.8,0,0.1,9,9,0,0,0,0,0,0,9,0.1,0,0,0,0,0,9,0,0,0,0.5,0,0.3,0,0,0,0.3,3.4,0,0,0,0,0,0,1.3,0,9,0,0,0,0,0,0,0,1.2,0.6,0.4,0,0,9,0,0.3,9,0,0,0,0,0,0,0
"Morocco",36.1,0,17.5,0,0.4,0,0,0.4,0.1,0,0,0,0,0,0.2,0.2,0.1,0.2,1.28,0,0,0,0.1,0.2,15.1,4,1,4.9474,0.2526,22.6,0.6,17.9,1.6,0,0.8,0.2,2.5,2.2,0.1,6.4,0,0.7,2.7,0,0.4,2.8,0.9,0.5,2.1,2.4,2.2,0,1.2,2.8,0.4,0.1,0.1,0.7,0.6,0.2,0,0.1,2.7,0.2,0.8,0.1,0.2,0,0.4,0.6,0.2,0,0,0,0,9,0,0,0,1.7,0.3,0,7.8,0.5,2.1,0,0,1.4,0.1,1.9,0.1,0.2,0.2,9,1.5,9,0,0,0.6,0,2.4,9,0,1.1,1.2,1.3,0,0.1,0,0.2,0.1,9,0,0,0,0.3,0.3,0,0
"Algeria",45,3.1,0,0,0,0,0,0,0,0,0,0,0,0,0,0.3,0,0,10.48,0,0,0,4.1,1.4,13.8,0,6.7,0.1903,0.0097,16.2,1.8,3.8,2.8,0,0,0,0,0,0,9,0,0.9,0.6,0,0,0.29,0,0.7,0.7,0.4,0.3,0,0.5,0.3,0.1,0,0.1,9.1,0,0.2,0,0,0.1,0.2,0.7,0.2,0,0.2,0.1,0.1,0,0,0,0,0,0,0,0,0,0,0,7.8,0,3.6,0,0.2,9,0,0,0,0.1,0.4,0,0,0,0,9,9,0,0,0,0,0,1.9,0.5,0,0,0,0,0,0,0,0,0,0,0,0,0,0
"Tunisia",23.4,1,0,0,0,0,0,0,0,0,0,0,0,0,0,0.3,0,1.7,0.74,0,0,0,2.2,0,0.9,0,21.6,15.7936,0.8064,34.6,0.1,0.7,0.4,0,0.3,1.4,0.8,0.5,1.5,16.9,0,1.1,1.6,0,0.5,0,1.8,0.5,2.2,0,0.4,0,0,0,0.1,0,0,0.5,0,0.1,0,0,0,0,0.5,0.6,0.2,0.1,0,0.4,0,0,0,0,0,0,0,0,0.1,9,0,0.5,3.6,0,1.2,0.1,0,0.1,1.4,0.1,0.1,0,0,0,0,0,0,0,0.9,0,0,0,0,0.2,1.4,0.2,0,3.1,0,0,0.4,0,0,0,0,0,0,0,0
"Libya",30.7,0.3,0,0,0,0,0,0,0,0,0,0,0,0,0,0,0,0,0,0,0,0,0,0,79.4,0,17.3,10.4657,0.5343,20.8,2.8,4.4,1.4,0,0,0.7,1,1.1,2.6,5.8,9.1,1.5,1.5,0.2,0.3,2,3,0,0.3,0.8,1.2,0,0,0,0,0,0.1,0,0,0,0,0,1.1,0,0,1.4,0,0,0,0,0,0.1,0,0,0,0,0,0,0,9,0,2.1,0,1.2,0,0.6,0.1,0.8,0.1,2.1,0.3,0.8,0,0,0,0,0,9,1.9,0,0,0,0,7.1,1,0.1,0,3,0,0,0,0,0,0,0,0,0,0.2,0
"Sudan",5.9,0,1.9,0,9,0,0,0,0,0,0,0,0,0,0,0,0,0,0.79,0,0,0,0,0,41.9,0.3,6.2,1.2368,0.0632,3.4,1.4,2,0.4,0,1.9,4.1,0.7,0.6,0.3,6.6,0,0.6,1.2,0.1,0.1,1.28,2.7,0,1.5,0.2,1.1,0,9,0,9,0,0,0,0,0,9,0,0,0,0,0,9,0,0.3,0.1,0,6.6,1.1,0,0,0,0,0.1,1.4,0.3,0.3,0,0.2,0.1,0.6,0,0.2,2.9,0.6,5.1,0.6,0,0.9,0,4.5,0,0,0,8.3,0,0.7,0,0,2.5,1.9,1.4,0,0.2,0,0.2,0,0,0,0,0,0,0,0.36,0.1
"Iran",18.7,41.3,3.4,0,0,0,0,0,0,0,0,0,0,0,0,0,0.11,0.1,0,0,0,0,0.2,0,18.8,1.9,1.5,57.8465,2.9535,19.2,4.4,25.8,2.2,0,36.4,3.9,2.6,14,4.7,4.1,9,0.8,6.3,0.1,9.2,0.28,14.5,5.2,12.2,1.5,14.4,0,0,0,0,0,0,0,0,9,0,0,0,0,0.1,0,0,0,9,0.2,1,0.3,19.3,5.8,0,9,9,1.1,2.9,10.4,3.4,0,9,0,0.1,0.2,0,15.2,1.6,0,0.8,0.3,0.2,5.2,9,9,2.3,9.2,9,9,15.5,9,0,103,87.3,34.2,0.3,9,9,7.8,0.4,0,1.088,0,9,0.6,0,37.21,5.72
"Turkey",141.6,0.2,0,0,0,0,0,0.1,0,0,0,0,0,0,0,0,0,0,0.5,0,0,0,0.1,0.4,25.3,1.2,5.6,3.2348,0.1652,15.6,0.3,4.8,5.9,0,0,0.7,0.8,4.7,4.4,17.1,0,1.2,0.6,1.2,1.4,1.92,1.8,2.3,3.5,0.5,1.8,0,0,0,0,0,0,0,0,0,0,0,0,0,0,0,0,0,0,0,0,0,0.1,0.1,0,0,0,0,0,0.9,0,1.4,0,0.1,0.8,2.9,15.2,0,19.6,0.1,1.7,12.8,1.9,5.2,0,0,0.1,0,0,0,0.1,0,0,12.4,4.3,0.3,0,0.5,0,0,0,0,0.033,0,0,0.1,0,12.85,0
"Iraq",25,0.1,1.7,0,0,0,0,0,9,0,0,0,0,0,0,0,0,0,0.68,0,9,0,0.1,0,125.9,25.9,3.5,16.745,0.855,180,5.7,40.8,22.6,0,1.6,3.7,3.7,3.7,7,146.8,0,2.2,0.9,0,2.3,2.7,20.3,0.8,8.3,2.7,1.9,0.3,0.4,0,0.3,0,0.1,1.6,9,9.3,9,9,0,0.3,0,0.7,0,9,9.1,0,0.2,0.3,0,0.1,0,0,0,0.8,0,6.6,0,0.1,0,1.4,0.1,0.6,1.6,19.6,0,0.3,7.3,7.2,0,0,1.8,0.2,4.3,0,8,0,1.7,0,0,34.1,3.7,0.8,0.1,20.5,0,1.2,0,9,0,0,0,4.6,18.2,1.73,0
"Egypt",228.5,1.2,0.6,0,0.12,0,0,0.2,0,0,0,0,0,0,0,0.2,0,0.1,0.1,0,0,0.7,1,0.1,56,0.1,13.1,4.2814,0.2186,7.8,15,0.1,0,0,2.1,2.4,1.2,3,25.5,9.4,0,5.5,1.5,0.7,0.3,3.13,52.6,10.1,8.1,1.3,1.3,0,1.1,1.3,0,0,0,0,0,0,0,0.2,0.3,0,0.9,0.1,0,0,0.2,0,0,0,0.2,0.1,0,0,0,0.8,0.4,0,0,1.9,0,0.1,2.1,5.1,0,0.1,0.3,0,2.8,4.2,3.1,0,23.4,0,14.9,0,3.5,0,0,0,0,1.1,6,3.6,0.7,1.7,0,0,0,0,0,0,0,0,0,1.46,0
"Syria",12.2,0.7,4.1,0,9,0,0,9,0,0,0,0,0,0,0,0.1,0,0.1,1.8,0,9,0,0.3,9,20.8,0,87.5,4.5668,0.2332,2.4,4.3,0.6,3.3,0,0.3,0.5,2.5,3.7,0.1,10.5,0,0.4,1.3,0.3,0.9,7.88,11.2,1.5,2.3,0.3,0.2,0,0,9,9,0,0,0,9,0,0,9,0.1,9,0,0.1,0,0,0,9,0.1,0.1,0.1,0.1,0,0,9,0,0.3,9.3,0,0.1,0.1,0.1,0.3,0.6,0.8,1.7,7.3,2.8,0,40.5,10.7,9,4.5,0,1.3,9,16.9,0,0,0,0,10.5,9,0.2,9,2.3,0,0,0,9,0,0,0,0,0,0.2,0
"Lebanon",32.7,1.8,0.6,0,0,0,0,0.1,0,0,0,0,0,0,0,0.1,0,0.2,1.4,0,9,0.3,0.6,0,16.7,0.7,32.5,9.7045,0.4955,34.4,5.8,0.7,1.4,0,0.8,3.9,3.5,1.9,6.1,21.4,0,1.7,0.5,2,0.6,7.15,3.4,2.9,2.4,0.5,0.9,0,0.1,0.1,0,0,0,0.2,0,0,0.1,0,0.1,0,0,0.1,0.3,0,0.3,0,0,0.1,0.1,0.1,0,0,9,0.1,0.2,0.4,0,0.2,0.4,0,0.8,0,0.3,12.8,7.2,4.2,40.5,0,2.8,0,7.4,0,8.3,0.1,2.6,0,0,9,0,8.8,1.3,0.2,0,0.2,0,0,0,9,9,0,0,0.3,0,6.1,0
"Jordan",19.5,0.2,0,0,0,0,0,0,0,0,0,0,0,0,0,0,0,0,0.5,0,0,0,0,0,19.7,0,3.7,3.2348,0.1652,3.5,1.2,0.5,0.4,0,0.6,0.9,1.4,0.8,3.7,3.8,0,1.3,0.2,0.1,1.9,1.4,1.6,0.5,1.4,0.1,1.3,0,0,0,0,0,0,0,0,0,0,0,0,0,0,0,0,0,0,0,0,0.3,0,0,0,9,9,0.1,0.5,0,0,0.2,0,0,0,0.9,0.2,1.9,0,3.1,10.7,2.8,0,0,2.7,0,2.1,0,2,0,0,0,0,6.3,0.1,0,0,0.8,0,0,0,0,0,0,0,0,0,0.4,0
"Israel",133.6,0.8,0,0,0,0,0,0.5,0.2,0,0,0,0.3,0.13,0.1,0.2,0.01,0.4,0.49,0.1,0,0.1,4,1,74.1,1.9,17.7,7.1357,0.3643,20.6,17.2,1.3,4.5,0,0,3.3,0.2,0.1,0.2,9,0,2.1,3.2,1.1,1,0.45,0.3,3.3,1.1,0.5,0.6,0.5,0,0,0,0,0,0.3,0,0,0.1,0.1,0.6,0,0.1,2.5,4.2,4.8,0,0.7,0,0.5,2.2,0,0,0,0,9,0.3,1.9,1.3,9,0,0,0,0,5.2,5.2,0,0,9,0,0,0,0,0,0,0,0,0,0,0,0,3.3,0.1,0,0.6,0.1,0,0.6,0,0,0.3,0,0,0.3,0,1.09,0.1
"Saudi Arabia",16,48,0,9,0,0,68.2,0,0.2,0,0,0,0,0.88,0,0,9,0,52.18,0,0,0,0,10.4,10.7,4.1,22.9,7.326,0.374,31.2,7.2,71.2,0,0,0,0,1.2,0,0,121,0,0.6,22.3,0.2,0,0,0,0.1,20.5,14.9,1.2,0,0,0,0,0,0,0,0,0,0,0,0,0,0,0,0,0,0,0,0,0.2,0.2,0,0,0,0,6.7,2.1,0,0,1.5,0,0,0,4.5,9,0,1.8,23.4,4.5,7.4,2.7,0,0,0,9,9,0,0,0,0,0,250.9,27.9,2.7,0,0,0,6.7,0,0,1.113,0,0,6.6,0,46.33,1.1
"Yemen Arab Republic",0,9,9,9,0,0,9,9,0,9,9,9,9,0,9,9,0,0,0,9,0,9,0,9,0.3,9,0.2,0,0,0.7,0,0,0,0,0,9,0,9,0,0.8,0,0.4,0,9,9,0,0,0,0,0,0,0,9,9,9,0,0,9,0,0,9,9,9,0,0,9,9,9,0,9,0,0,0,9,0,0,0,0,0,0,9,9,0,0,0,0,9,0,0.2,0,0,0,0,0,0,0,9,9,0,0,0,0,0,1.3,0.1,0.2,0,0,0,0,9,9,0,0,0,0,9,0,0
"Kuwait",7.7,2.6,9,9,9,0,0,0,0,9,0,0,0,0,0,0,0,0,24.53,0,0,0,0,0,374.8,0,117.2,48.5226,2.4774,140.9,3.7,16.3,0.4,0,9,0,2,9,0,180.6,0,1.3,1.4,0,9,0.93,0,0.2,0.1,0.6,1.3,0,9.2,0,9,0,9,0,9,9.1,9,9,0,0,0,0,0,0,0,0,0,0,0,0,0,9,9,0,0.1,9,0,0,9,0,0,0,2.3,0.1,4.3,14.9,1.3,8.3,2.1,0,9,9,0,9,11.9,0,9,9,0,222.1,9.5,3.9,0,0,0,0.4,0,0,0,0,9,13,0,38.22,0
"Afghanistan",3,0,0,0,0,0,9,0,9,0,0,0,9,0,9,0,0,0,0,9,0,0,9,9,12.2,0,0.7,0.0951,0.0049,0.6,0.1,0,0,0,9,0.9,0.8,9,5.8,2.1,0,0,0,0,9,9,21.3,0,0.4,0,0,0,0,9,0,0,0,9,0,9,0,9,0,9,0,0,0,9,0,9,9,0,9,0,0,9,9,0,0,9,0,0,9,0,9,0,9.2,0,0,0,9,0.1,0,0,9,9,9,0,9.3,9,9,9,0,9,3,5.7,0,0,9,0,0,0,0,0,9,0,0,0,0
"China",0,91.9,0,0,0,0,0,0,0,0,0.4,0,0,0,0,0.2,0.11,0,0.79,0,0,0,3,0,17.7,0.8,2.8,1.2368,0.0632,37.3,6.5,1.5,0,0,0,0,2.2,0,0,2.3,0,0,0.1,0,0,1.71,0,2.7,3,1.3,3.6,0,1.2,2.3,0.1,0,0.2,0,0,0,0,0.4,1.6,0.3,0.2,3.4,0,0,0.3,0,0,10.3,0.7,10.1,0,0,0,2.4,1.5,0,0,0.6,0,0.9,1.9,8.3,9,0,8,3.5,16.9,2.6,2,0,0,0,11.9,9.3,0,0,0,0,0,12.2,0.2,6.9,14.1,8,0,0.4,8.3,0.1,0,0,0,0,2.1,185.6,4.9
"Mongolia",0,0,0,0,9,0,0,0,9,9,0,0,9,0,9,0,0,0,9,0,0,0,0,9,0,0,0,9,9,0,0,0,0,0,0,0,0,0,0,0,0,0,0,0,0,0.15,0,9,0,0,0,9,0,0,0,0,0,0,0,0,0,0,0,0,0,0,0,0,0,9,0,0,0,0,0,0,0,0,0,0,0,0,0,0,0,0,9,0,0,0,0,0,0,0,0,0,0,9,0,0,0,0,0,0,9,0,9,0,0,9,0,0,0,0,0,0,0,0,9
"Taiwan",146,2.6,0,0,0,0,0,1.5,0,0,0,0.7,0,0,0,0.3,0,0,0.1,0,0,0.6,0,0.1,0.1,0,1.8,0.2854,0.0146,0.7,1.1,0.4,0,0,0,0,0.7,0,0,2.7,0,0,0.1,0,0,0,9,0,0,0.1,0,0,0,0.7,0,0,0,0,0,0,0,0,0,0,0,0,0,0,0,0,0,0,0.2,0.4,0,0,0,0,0,0,0,2.4,0,0,0,0.7,15.5,0.1,1.7,0,0,0,0,0,0,0,9,9,0,0,0,0,14.3,15.5,0.9,0.1,0.1,0,0,7.5,0,0.8,0,0,0,7.2,0,12.65,0
"North Korea",9,0,0,0,0,0,9,9,0,0,0,0,0,0,0,0,9,0,0,0,9,0,0,0,0,0,0,0,0,0,0,0,0,0,0,0,0,0,0,0,0,0,0,0,0,2.23,0,0,0,0,0,0,0,0,9,0,9,0,0,0,0,9,0,0,0,0,0,0,0,0,0,0,9,0,0,0,0,9,0,0,0,9,0,0,0,0,9,0,0,0,0,9,0,0,0,0,9,9,0,0,0,0,0,0,0,0,0,0,0,0,0,9,0,0,0,0,0,0,9
"South Korea",256,3.1,0,0,0,0,0,0.1,0,0,0,0,0,0,0,0,0,0.6,0,0,0,0,1,0.2,3.7,0,5.3,1.2369,0.0632,0.3,0.5,0.1,0.5,0,0,0,0.4,0,0,0.6,0,0,0,0,0,0,0,0.1,0.1,0.2,0.1,0,0,0,0,0,0,0,0,0,0,0,0,0,0,0,0,0,0,0,0,0,0,0,0,0,0,0,0,0.1,0,0,0,0,0,0,0,0,0,0,0,0,0,0,0,0,0,0,0,0,14.3,0,0,134.5,0.2,0.1,0.4,0,0,0.2,0.1,0.1,1.1,0,0,11.7,1.4,10.16,0
"Japan",455.7,185.7,20.1,3.7,11.34,7.8,3.6,108.4,10,7,28.7,25.3,7.6,19.4,12.6,18.9,24.41,33.7,29.47,5.9,1.632,50,5.1,1.1,3,9.5,11.1,7.326,0.374,11.3,24.5,21.6,0.8,0,2.7,0.1,0.6,2.2,2.1,43,0,11.4,7.9,3.4,0.8,1.45,3.7,3.8,15.7,8.2,1.7,2.6,0.1,1.5,0.1,0,0.1,1.1,1.8,0.4,3.3,5.4,11.5,1.4,2.4,68.7,0.1,0.2,0.4,0.9,1.3,3.7,30,5.5,0,0,0,3,9.6,50.7,1.2,1.1,1.9,0.2,7.1,2.5,103,12.4,34.1,1.1,10.5,8.8,6.3,3.3,250.9,1.3,222.1,9,12.2,0,15.5,0,134.5,0,24.5,1,41.3,11.2,0,104.6,18.5,3.2,21.587,0,0,113.7,15.1,340.83,9.47
