"","United States of America","Cuba","Haiti","Dominican Republic","Mexico","Guatemala","Honduras","El Salvador","Nicaragua","Panama","Colombia","Venezuela","Ecuador","Peru","Brazil","Bolivia","Paraguay","Chile","Argentina","Uruguay","United Kingdom","Netherlands","Belgium","France","Switzerland","Spain","Portugal","Germany","Austria-Hungary","Italy","Yugoslavia","Greece","Bulgaria","Romania","Russia","Sweden","Norway","Denmark","Ethiopia","Iran","Turkey","China","Japan","Thailand"
"United States of America",0,51.86,0.18,0.16,36.68,1.19,0,4.29,0.52,0,11.08,1.56,1.03,2.45,48.93,1.29,0.47,9.21,46.39,3.83,370.39,140.76,50.64,33.79,1.62,4.97,8.04,221.81,3.16,44.05,0,1.25,0.11,6.14,17.98,8.83,2.19,21.34,0,0.89,1.32,14.26,2.51,0
"Cuba",51.86,0,0,0,1.17,0,0,2.398,0,0,0,0,0.013,0,0,0,0,0,0.25,2.37,6.46,0.44,2.35,5.65,0,11.96,0,4.93,0,0.67,0,0,0,0,0,0,1.9286,0,0,0,0,0.127,0.158,0
"Haiti",0.18,0,0,0,0.1,0,0,0,0,0,0,0,0,0,0,0,0,0,0,0,0.41,9.17,0,0.37,0,0.103,0,3.37,0,0,0,0,0,0,0,9.02,0,0,0,0,0,0,9.3,0
"Dominican Republic",0.16,0,0,0,0,0,0,0,0,0,0,0,0,0,0,0,0,0,0,0,0.49,0,0,0.61,0,0,0,0.39,0,0.15,0,0,0,0,0,0,0,0,0,0,0,0,0,0
"Mexico",36.68,1.17,0.1,0,0,9.03,0,0,0,0,0,0,0,0,0.115,0,0,0,1.45,0,2.13,0.74,1.14,4.57,0,1.95,0,3.81,0,0,0,0,0,0,0,0,0,0,0,0,0,0,0,0
"Guatemala",1.19,0,0,0,9.03,0,0.04,0.0011,0,0,0,0,0,0,0,0,0,0,0,0,0.18,0,9.12,9.4,0,9.11,0,2.037,0,0,0,0,0,0,0,0,0,0,0,0,0,0,9.3,0
"Honduras",0,0,0,0,0,0.04,0,0.0298,0,0,0,0,0,0,0,0,0,0,0,0,0.57,0,0,0,0,0,0,0.31,0,0,0,0,0,0,0,0,0,0,0,0,0,0,0,0
"El Salvador",4.29,2.398,0,0,0,0.0011,0.0298,0,0.01,0,0,0,0,0,0,0,0,9.18,0,0,0.01,0.12,0,4.41,0,0.01,0,3.36,0,2.64,0,0,0,0,0,0.66,0.616,0.033,0,0,0,0,9.08,0
"Nicaragua",0.52,0,0,0,0,0,0,0.01,0,0,0,0,0,0,0,0,0,0,0,0,0.15,0,0,1.35,0,0.047,0,1.25,0,0.05,0,0,0,0,0,0,0,0,0,0,0,0.059,0,0
"Panama",0,0,0,0,0,0,0,0,0,0,0,0,0,0,0,0,0,0,0,0,0,0,0,0,0,0,0,0,0,0,0,0,0,0,0,0,0,0,0,0,0,0,0,0
"Colombia",11.08,0,0,0,0,0,0,0,0,0,0,0.41,0.04,0,0,0,0,0,0,0,0.27,0,0.09,3.56,0,0.56,0,0.78,0,0.67,0,0,0,0,0,0,0,0,0,0,0,0,0,0
"Venezuela",1.56,0,0,0,0,0,0,0,0,0,0.41,0,0,0,0,0,0,0,0,0,2.11,0.89,9.08,9.01,0,1,0,3.02,0,0.31,0,0,0,0,0,0,0,0,0,0,0,0,0,0
"Ecuador",1.03,0.013,0,0,0,0,0,0,0,0,0.04,0,0,0.08,0,0,0,0.46,0,0,1.01,9.25,0.29,5.01,0,0.44,0,1.08,0,0.05,0,0,0,0,0,0,0,0,0,0,0,0,0,0
"Peru",2.45,0,0,0,0,0,0,0,0,0,0,0,0.08,0,0,0.61,0,3.86,0.0005,0,8.61,0,0.65,0.2,0,0.28,0,2.13,0,1.2005,0,0,0,0,0,0,0,0,0,0,0,0,0.0552,0
"Brazil",48.93,0,0,0,0.115,0,0,0,0,0,0,0,0,0,0,0.3548,0,0.45,13.89,3.55,58.4,13.4,7.05,1.25,3.41,0.62,12.92,0.98,10.43,2.02,0,0,0,0,0,3.34,0.91,1.07,0,0,0,0,0,0
"Bolivia",1.29,0,0,0,0,0,0,0,0,0,0,0,0,0.61,0.3548,0,0,1.5,0.88,0,23.86,0,0,0.93,0,9.22,0,4.47,0,9.48,0,0,0,0,0,0,0,0,0,0,0,0,0,0
"Paraguay",0.47,0,0,0,0,0,0,0,0,0,0,0,0,0,0,0,0,0,2.39,9.68,0,0,9.05,9.03,0,9.02,0,10.21,0,9.01,0,0,0,0,0,0,0,0,0,0,0,0,0,0
"Chile",9.21,0,0,0,0,0,0,9.18,0,0,0,0,0.46,3.86,0.45,1.5,0,0,2.48,0,15.53,9.06,14.27,14,0,0.16,0,17.46,0,2.55,0,0,0,0,0,0,0,0,0,0,0,0,2.19,0
"Argentina",46.39,0.25,0,0,1.45,0,0,0,0,0,0,0,0,0.0005,13.89,0.88,2.39,2.48,0,2.37,48.86,19.23,43.91,27.12,1.36,5.09,4.41,34.63,3.45,8.69,0,0,0,0,0,0.97,1.53,3.35,0,0,0,0,0.9934,0
"Uruguay",3.83,2.37,0,0,0,0,0,0,0,0,0,0,0,0,3.55,0,9.68,0,2.37,0,4.87,0,5.05,8.19,0,1.45,1.47,5.81,0.81,0.65,0,0,0,0,0,0,0,0,0,0,0,0,0,0
"United Kingdom",370.39,6.46,0.41,0.49,2.13,0.18,0.57,0.01,0.15,0,0.27,2.11,1.01,8.61,58.4,23.86,0,15.53,48.86,4.87,0,34.33,2.23,14.14,23.59,23.08,14.74,167.63,13.76,76.3,0,2.75,1.67,2.11,99.98,11.86,6.07,79.76,0,5.9,15.09,56.43,82.9,5.22
"Netherlands",140.76,0.44,9.17,0,0.74,0,0,0.12,0,0,0,0.89,9.25,0,13.4,0,0,9.06,19.23,0,34.33,0,63.67,8.58,2.65,36.81,1,379.75,0,0,0,0.98,9.28,12.84,136.63,22.1,12.79,4.95,0,0,1.01,0.37,0,2.63
"Belgium",50.64,2.35,0,0,1.14,9.12,0,0,0,0,0.09,9.08,0.29,0.65,7.05,0,9.05,14.27,43.91,5.05,2.23,63.67,0,111.68,2.53,5.03,2.72,85.11,4.25,5.01,0,1.27,9.75,27.15,54,3.95,0.88,1.98,0,0,1.64,6.51,4.75,0.22
"France",33.79,5.65,0.37,0.61,4.57,9.4,0,4.41,1.35,0,3.56,9.01,5.01,0.2,1.25,0.93,9.03,14,27.12,8.19,14.14,8.58,111.68,0,41.02,29.8,5.81,67.95,8,7.44,0,0.54,1.51,10.48,59.44,11.84,0.68,4.82,0,0,1.98,41.98,19.18,0.43
"Switzerland",1.62,0,0,0,0,0,0,0,0,0,0,0,0,0,3.41,0,0,0,1.36,0,23.59,2.65,2.53,41.02,0,1.56,0.8281,71.08,5.81,23.43,0,0,0.21,1.38,2.46,0.78,0,0.21,0,0,0,0.85,0,0
"Spain",4.97,11.96,0.103,0,1.95,9.11,0,0.01,0.047,0,0.56,1,0.44,0.28,0.62,9.22,9.02,0.16,5.09,1.45,23.08,36.81,5.03,29.8,1.56,0,1.49,14.83,0.12,3.65,0,0.0367,0,2.18,6.31,2.05,1.66,0,0,0,1.13,0,0,0
"Portugal",8.04,0,0,0,0,0,0,0,0,0,0,0,0,0,12.92,0,0,0,4.41,1.47,14.74,1,2.72,5.81,0.8281,1.49,0,11.53,1.6907,1.15,0,0,0,0,0.05,0.49,2.37,0.3,0,0,0.26,0,0,0
"Germany",221.81,4.93,3.37,0.39,3.81,2.037,0.31,3.36,1.25,0,0.78,3.02,1.08,2.13,0.98,4.47,10.21,17.46,34.63,5.81,167.63,379.75,85.11,67.95,71.08,14.83,11.53,0,65.8,41.11,0,0.23,3.77,35.77,5.72,25.2,28.16,44.36,0,2.45,5.79,10.3,45.62,0.3
"Austria-Hungary",3.16,0,0,0,0,0,0,0,0,0,0,0,0,0,10.43,0,0,0,3.45,0.81,13.76,0,4.25,8,5.81,0.12,1.6907,65.8,0,8.27,0,3.2,7.67,8.16,15.09,0,0,1.42,0,0,17.32,0,0,0.45
"Italy",44.05,0.67,0,0.15,0,0,0,2.64,0.05,0,0.67,0.31,0.05,1.2005,2.02,9.48,9.01,2.55,8.69,0.65,76.3,0,5.01,7.44,23.43,3.65,1.15,41.11,8.27,0,0,0.53,0.48,14.92,36.56,10.53,1.84,0,0,0,6.86,9.53,10.66,0
"Yugoslavia",0,0,0,0,0,0,0,0,0,0,0,0,0,0,0,0,0,0,0,0,0,0,0,0,0,0,0,0,0,0,0,0,0,0,0,0,0,0,0,0,0,0,0,0
"Greece",1.25,0,0,0,0,0,0,0,0,0,0,0,0,0,0,0,0,0,0,0,2.75,0.98,1.27,0.54,0,0.0367,0,0.23,3.2,0.53,0,0,0.19,0.25,6.36,0,0,0,0,0,0.44,0,0,0
"Bulgaria",0.11,0,0,0,0,0,0,0,0,0,0,0,0,0,0,0,0,0,0,0,1.67,9.28,9.75,1.51,0.21,0,0,3.77,7.67,0.48,0,0.19,0,1.36,5.85,0,0,0,0,0,0.4,0,0,0
"Romania",6.14,0,0,0,0,0,0,0,0,0,0,0,0,0,0,0,0,0,0,0,2.11,12.84,27.15,10.48,1.38,2.18,0,35.77,8.16,14.92,0,0.25,1.36,0,1.77,0,0,0,0,0,4.16,0,0,0
"Russia",17.98,0,0,0,0,0,0,0,0,0,0,0,0,0,0,0,0,0,0,0,99.98,136.63,54,59.44,2.46,6.31,0.05,5.72,15.09,36.56,0,6.36,5.85,1.77,0,0.7,1.29,7.21,0,7.18,8.84,26.65,2.91,0
"Sweden",8.83,0,9.02,0,0,0,0,0.66,0,0,0,0,0,0,3.34,0,0,0,0.97,0,11.86,22.1,3.95,11.84,0.78,2.05,0.49,25.2,0,10.53,0,0,0,0,0.7,0,5.51,4.95,0,0,0,0,1.72,0
"Norway",2.19,1.9286,0,0,0,0,0,0.616,0,0,0,0,0,0,0.91,0,0,0,1.53,0,6.07,12.79,0.88,0.68,0,1.66,2.37,28.16,0,1.84,0,0,0,0,1.29,5.51,0,5.27,0,0,0,1.0449,0,0
"Denmark",21.34,0,0,0,0,0,0,0.033,0,0,0,0,0,0,1.07,0,0,0,3.35,0,79.76,4.95,1.98,4.82,0.21,0,0.3,44.36,1.42,0,0,0,0,0,7.21,4.95,5.27,0,0,0,0,2.06,0,0
"Ethiopia",0,0,0,0,0,0,0,0,0,0,0,0,0,0,0,0,0,0,0,0,0,0,0,0,0,0,0,0,0,0,0,0,0,0,0,0,0,0,0,0,0,0,0,0
"Iran",0.89,0,0,0,0,0,0,0,0,0,0,0,0,0,0,0,0,0,0,0,5.9,0,0,0,0,0,0,2.45,0,0,0,0,0,0,7.18,0,0,0,0,0,0,0,0,0
"Turkey",1.32,0,0,0,0,0,0,0,0,0,0,0,0,0,0,0,0,0,0,0,15.09,1.01,1.64,1.98,0,1.13,0.26,5.79,17.32,6.86,0,0.44,0.4,4.16,8.84,0,0,0,0,0,0,0,9.28,0
"China",14.26,0.127,0,0,0,0,0,0,0.059,0,0,0,0,0,0,0,0,0,0,0,56.43,0.37,6.51,41.98,0.85,0,0,10.3,0,9.53,0,0,0,0,26.65,0,1.0449,2.06,0,0,0,0,36.39,3.21
"Japan",2.51,0.158,9.3,0,0,9.3,0,9.08,0,0,0,0,0,0.0552,0,0,0,2.19,0.9934,0,82.9,0,4.75,19.18,0,0,0,45.62,0,10.66,0,0,0,0,2.91,1.72,0,0,0,0,9.28,36.39,0,4.01
"Thailand",0,0,0,0,0,0,0,0,0,0,0,0,0,0,0,0,0,0,0,0,5.22,2.63,0.22,0.43,0,0,0,0.3,0.45,0,0,0,0,0,0,0,0,0,0,0,0,3.21,4.01,0
