"","United States of America","Canada","Bahamas","Cuba","Haiti","Dominican Republic","Jamaica","Trinidad and Tobago","Barbados","Dominica","Grenada","St. Lucia","St. Vincent and the Grenadines","Antigua & Barbuda","St. Kitts and Nevis","Mexico","Belize","Guatemala","Honduras","El Salvador","Nicaragua","Costa Rica","Panama","Colombia","Venezuela","Guyana","Suriname","Ecuador","Peru","Brazil","Bolivia","Paraguay","Chile","Argentina","Uruguay","United Kingdom","Ireland","Netherlands","Belgium","Luxembourg","France","Monaco","Liechtenstein","Switzerland","Spain","Andorra","Portugal","Germany","Poland","Austria","Hungary","Czech Republic","Slovakia","Italy","San Marino","Malta","Albania","Montenegro","Macedonia","Croatia","Yugoslavia","Bosnia and Herzegovina","Kosovo","Slovenia","Greece","Cyprus","Bulgaria","Moldova","Romania","Russia","Estonia","Latvia","Lithuania","Ukraine","Belarus","Armenia","Georgia","Azerbaijan","Finland","Sweden","Norway","Denmark","Iceland","Cape Verde","Sao Tome and Principe","Guinea-Bissau","Equatorial Guinea","Gambia","Mali","Senegal","Benin","Mauritania","Niger","Ivory Coast","Guinea","Burkina Faso","Liberia","Sierra Leone","Ghana","Togo","Cameroon","Nigeria","Gabon","Central African Republic","Chad","Congo","Democratic Republic of the Congo","Uganda","Kenya","Tanzania","Burundi","Rwanda","Somalia","Djibouti","Ethiopia","Eritrea","Angola","Mozambique","Zambia","Zimbabwe","Malawi","South Africa","Namibia","Lesotho","Botswana","Swaziland","Madagascar","Comoros","Mauritius","Seychelles","Morocco","Algeria","Tunisia","Libya","Sudan","South Sudan","Iran","Turkey","Iraq","Egypt","Syria","Lebanon","Jordan","Israel","Saudi Arabia","Yemen","Kuwait","Bahrain","Qatar","United Arab Emirates","Oman","Afghanistan","Turkmenistan","Tajikistan","Kyrgyzstan","Uzbekistan","Kazakhstan","China","Mongolia","Taiwan","North Korea","South Korea","Japan","India","Bhutan","Pakistan","Bangladesh","Myanmar","Sri Lanka","Maldives","Nepal","Thailand","Cambodia","Laos","Vietnam","Malaysia","Singapore","Brunei","Philippines","Indonesia","East Timor","Australia","Papua New Guinea","New Zealand","Vanuatu","Solomon Islands","Kiribati","Tuvalu","Fiji","Tonga","Nauru","Marshall Islands","Palau","Federated States of Micronesia","Samoa"
"United States of America",0,71232.84,3368.5701,511.73,372.11,3181.3687,1799.3033,5889.7102,447.92,84.34,69.65,441.41,105.85,222.7,84.66,76403.7,123.58,1620.4321,721.9409,1219.5754,1757.077,3549.2865,2357.7356,11057.713,19949.289,138.6,179.0366,3122.3643,2163.5454,2625.946,718.0897,741.3353,8497.059,3912.606,1098.81,12330.817,25318.1553,12723.426,8999.942,1714.2072,16936.391,0,0,15079.603,2544.824,0,1671.5853,68026.331,2299.7441,6408.9358,2121.6906,2066.2659,1441.2113,23718.992,0,147.8812,96.3415,14.0255,66.8,1.099,0,35.92,20.6,184.4773,466.708,60.217,303.614,51.9997,688.1413,14634.588,400.9697,135.817,992.912,1505.3101,478.0459,50.9293,25.1823,403.785,3686.6001,5249.7898,2029.5117,4623.0911,187.0433,0,0.38,25.42,1493.83,29.72,61.97,150.7645,629.92,303.56,43.04,884.8497,30.71,49.31,126.38,93.06,1135.55,96.1138,46.19,13897.8902,1583.81,5.14,2675.01,1254.1,176.49,73.63,366.2282,144.49,25.5274,1.09,15.73,122.88,1226.74,5.8,8391.86,391.59,184.8997,3.35,1.09,607.2744,38.3,304.5,168.9,29.6,43.58,0.8,176.5251,11.9,1904.9874,8430.8055,39.2624,1951.5201,92.8,30.9,273.55,7525.4258,17394.99,2038.4417,1.06,2290.8508,188.7662,12946.6008,37397.289,417.54,10395.0199,596.82,1711.1333,22513.3,228.8889,0,0.05,30.95,150.97,286.86,513.8868,294330.68,689.52,15845.202,13.09,17324.969,72170.583,16768.879,1.8,2149.0901,4534.3138,72.38,2132.3769,11.4,48.91,14331.034,2681.7697,10.93,16542.3422,10748.279,18362.963,83.92,2076.9038,7225.567,0,22543.7324,307.25,45.0427,106.45,6.22,3.9,0.7,160.95,19.76,1.9,0,0,0,24.47
"Canada",71232.84,0,393.2649,129.4685,6.4406,140.4609,10.9428,91.5152,58.2154,5.8101,3.8024,10.8587,7.4176,16.9697,2.6432,17229.496,5.8451,353.0989,205.517,57.945,400.1048,322.2733,77.7457,401.3524,571.6299,471.3369,126.289,19.6034,3409.0168,989.8808,216.3011,6.0978,816.8917,1937.5211,32.7409,7803.5946,1095.4727,566.7381,326.9215,16.1549,2448.4096,0,0,3258.3938,582.0536,0,166.3887,11946.8939,1023.8845,1192.5377,340.1064,326.3013,245.1138,3775.3306,0,16.5042,33.1658,0.7045,2.4824,32.5356,0,11.723,0,22.2818,48.8061,3.0229,176.8175,2.8952,208.2124,1373.8126,38.3838,10.5929,186.2778,12.1994,97.523,69.3682,98.0128,1326.5637,753.9435,1830.3287,1611.6811,678.132,8.7131,0,0.1401,0.0761,472.442,1.0011,16.2004,37.6563,24.4067,21.7936,6.7116,463.7457,48.4915,65.0018,22.3028,11.5261,215.78,16.6047,31.5478,1856.7978,27.4495,0.6235,122.7332,20.2187,23.3477,7.4892,131.6375,78.8777,4.3252,54.7142,0.3124,3.3655,117.6689,407.7977,2008.2504,37.0825,42.2094,5.9706,115.8517,17.3021,205.3178,8.8063,2.4955,1.3787,72.3372,0.0626,15.1693,8.3582,267.4359,6067.3915,101.1443,162.4014,9.28,0,61.3308,672.794,3899.778,221.1651,8.0537,83.9058,38.7143,861.7517,1611.3491,15.3209,85.4345,9.6106,16.0791,1384.4482,169.7983,44.1255,53.9422,5.4673,21.6819,7.4271,3305.1638,31662.461,103.4004,3579.7736,0.4173,1765.334,3843.569,332.1699,0.0381,2.5382,696.5832,1.4739,104.0969,4.2887,6.2972,1954.8385,653.5262,0.5539,1324.5425,1519.0962,326.895,2.6234,753.3448,364.4429,0,332.1069,32.4365,117.8025,1.2527,0.1515,0.1087,9,6.2994,0.001,0.0827,0,0,0,0.0002
"Bahamas",3368.5701,393.2649,0,1.0602,0.4679,478.752,23.7152,132.5391,6.1008,0.0062,0.5039,0.2315,0.0745,0.2794,0.0475,42.7868,1.1712,4.576,1.1989,0.3391,0.2273,14.9422,1.2497,596.2555,148.8532,0.0394,0.0376,143.0558,6.8657,234.0036,0.0174,0.825,0.3037,44.9907,3.8978,57.5081,3.3484,157.3902,10.1519,0.0002,64.4263,0,0,27.7612,78.5915,0,0.7274,178.5533,3.1128,12.2925,0.9471,0.3718,0.0263,21.9235,0,11.3285,0.0009,0.0511,0.0147,1.16,0,0,0,0.4545,0.1385,0.0877,0.9813,0.1387,0.0457,3.4233,0.2433,0.3523,0.2027,5.0518,0.0556,0,0.0007,0,5.8179,5.2375,48.6606,17.2904,1.826,0,0,9,0,0,9,0.0065,0,0,9,0.2536,0,0,0.0716,0,0,0,0.9977,2.3585,0.0165,0,0,0,0,0,4.0201,0.0034,0,0,0,0,9,0,0,0,0.9488,0,0,17.9734,0,0,0,0,0.3659,0,0.7376,0,0,0.5375,21.6568,0,0,0,0,3.1485,0,0.0042,0,0.0055,0,0.77,130.3546,0.171,0,0.2165,24.3705,0.9248,0.134,0,7.5101,0,0.0013,0,0.0366,545.1125,9.0053,1.4518,0.6662,892.5504,258.8923,2667.018,0,0.0306,0,0,0.0641,9.0915,0,7.0562,0,0,0,28.3631,434.314,0,1.6858,1.2527,0,1.0337,9,3.122,9,0,0,0,0,0,0,0,0,0,1.3298
"Cuba",511.73,129.4685,1.0602,0,23.0505,51.755,5.9708,59.0361,0.4615,0,0.1078,0.3115,0.0166,0,9.0008,407.707,103.8619,7.7802,17.6003,2.7208,1.4819,20.5501,2.1103,6.2427,4166.9803,70.3213,0.8873,3.0746,17.5103,522.0745,3.3486,0.2256,25.0011,104.9669,83.3602,11.243,0.9715,138.131,31.1381,0.3092,263.5524,0,0,12.9985,840.1324,0,23.0786,205.8181,28.9626,3.5089,1.384,42.0676,5.8273,278.9949,0,0.0366,0.1044,0.0736,0.1326,1.171,0,0,0,0.646,8.6278,3.2351,2.6073,0.1656,22.0971,137.3988,1.4446,1.4441,8.8149,30.4366,7.9292,0.2089,1.6986,5.1549,7.955,13.5541,7.7329,26.3938,9.6961,0,0,13.8314,0,0.1263,0,0.0003,0,0.0993,0,0.0123,9.0132,9,0,9,5.4454,0.1498,0,0.6598,0.0071,0,0,0,9,0.1731,0,0.0031,0,0.0389,0,0,0.0205,0,9,0,0.0018,0,0,2.3372,0,0,0,0,0.1407,9,0.1776,0,1.4635,357.2385,1.4169,94.6303,0,0,0,4.8805,0,1.4431,0.7752,4.2578,0.0734,0,0.9002,0.0117,0.8055,4.2669,1.557,3.6993,0.1874,0,0,0,0.0623,0,0.5887,679.5375,1.5442,2.6974,0,79.4508,9.9093,34.0079,0,0.5298,9,9,0.0176,0,0,0.037,9.0753,0,0,2.3427,1.1532,9,1.3642,12.6593,0,2.0127,9,19.3031,0,0,0,0,0,0,0,0,0,0,0
"Haiti",372.11,6.4406,0.4679,23.0505,0,1743.4854,1.8745,25.7216,2.3657,0.003,0,0.0789,0.0418,0,0.0849,30.4893,0.0396,25.0165,6.7141,8.9016,5.8168,14.4339,0.0336,72.0044,3.3165,6.7844,0.0135,8.6919,85.7425,56.3176,0.0225,0.2905,3.491,28.8413,6.5959,8.4769,0.8343,34.8702,6.9447,0.924,41.8526,0,0,0.2219,12.0576,0,0.6284,11.8404,0.4362,1.6736,1.0345,0.0357,0.5511,19.5758,0,0.4906,0,0,0,0.0517,0,0,0,0.0404,0.1089,0.0201,0.0096,0,0.0043,2.4501,0.0007,0.0188,0.0001,0.0017,0.0001,9.0127,0,9,11.0105,10.2642,2.5289,4.6177,0.0741,0,0,0,0,0,9,0,0.0058,9,9,0.3175,0,0,0,9,0,0,0,0.0849,0,9,0,0,0,0.0026,0.074,0,0,9,0,9,9,0,0,0,0,0,0,9.5075,0,0,0,0,0.0069,9,0.0106,0,1.4621,0.0183,0.0182,11.0475,0,0,0,22.5014,0,3.8111,0,0.0363,0.3367,2.2,0.0567,0,0.1195,0.0054,0,1.2725,0,0,0,9,9,0,0.002,307.1222,0,12.2961,0,20.4744,56.9424,65.499,0,6.3644,0,0,0.453,0,9,0.1203,1.6151,0,0,43.5208,2.3959,0,0.4298,48.3665,0,2.0132,0,0.1047,9,0.0697,0,0,0,0,0,0,0,0,9.1898
"Dominican Republic",3181.3687,140.4609,478.752,51.755,1743.4854,0,47.3251,642.0856,10.8107,3.9131,2.2424,39.4577,2.6018,6.8321,1.8702,989.1667,0.6766,1.0222,41.6487,14.0725,18.0523,227.1341,41.1831,457.2663,1327.9653,13.3165,8.2811,39.8882,23.0736,528.3406,3.4604,9.2076,39.0509,290.8261,45.5111,106.0388,20.5139,143.8576,76.4598,1.183,118.5698,0,0,30.1816,461.1684,0,11.1188,221.6938,20.1561,12.8547,2.6553,1.4483,0.2154,226.6866,0,2.798,0.1673,0,0.4018,1.629,0,0,0,0.2359,1.0829,0.1771,1.2455,9.0484,3.2508,3.7292,0.9813,0.4195,3.7743,7.2592,0.5547,0.2114,0.8174,0.0043,167.6347,17.2286,34.7152,78.6673,0.1279,0,1.2104,9,0,0.0047,9,0.0729,0.1228,9.0104,0,0.4961,0.0779,9,0.5074,0.0131,0.151,12.017,0.9481,67.2534,9.1156,0.0243,9.1084,0.1984,0.0092,0.032,0.0066,0.218,9.0001,9.0031,9,9,0,0,9.0231,0.1183,0.0258,0.0003,0.088,3.9733,9.0025,9.0311,0.0002,1.3953,0.7762,9.0008,0.1153,0,5.6124,0.3646,2.4368,0.0017,0.0521,0,0.023,32.0106,1.5411,1.0756,0.2464,1.4553,0.9593,18.9952,0.5799,0.0015,0.0115,0.0013,81.3409,2.0728,0.0004,0.2443,0,0,9.0272,0,0.3546,1538.8873,0.0006,83.5569,7.8187,45.262,345.7906,115.0669,0,15.6083,1.0247,0.0454,1.9582,9.0298,9.004,38.814,0.7726,0.0305,25.0818,31.4441,14.4374,0.0638,25.7718,29.3573,0,16.6748,0,4.2759,10.4228,0.0313,9.0092,0,10.3684,0,0.0145,0,0,0,0
"Jamaica",1799.3033,10.9428,23.7152,5.9708,1.8745,47.3251,0,682.1063,0.4013,17.2564,2.0573,5.1767,1.5154,5.9267,2.804,260.0036,15.3029,30.3468,13.5234,18.6197,7.2234,55.833,32.0816,49.4429,1013.4433,29.7859,43.0256,2.2225,5.3671,229.6094,0.0012,0.157,8.1399,10.246,1.6371,38.8,10.443,20.8583,51.3141,0.8523,20.9737,0,0,47.4462,24.5211,0,1.1823,29.9456,14.5353,7.4073,6.8332,0.1602,0.1259,13.4593,0,5.5975,0,5.0349,0.0012,0.1704,0,0,0,80.5332,0.5813,0.0515,18.5213,0.229,0.0243,115.6357,0.0768,59.567,0.0922,0,0.0696,0.002,0.1838,4.7001,4.4404,7.5432,22.7408,8.3905,16.6687,0,0,0,0,0,0,0.0003,0,0,9,0.0158,0.0583,9,0,0,11.3247,0.0032,0.033,1.6934,0,0.0157,0,0,0,0,0.0038,0,0,9,0,0,0.5434,0,0,0,0.0213,0.0333,0,3.7425,0,0,0.0012,0,0.0043,0,0.0544,0,0.0498,0.0035,0.0006,0,1.387,0,0.3164,45.1804,0.0099,0.2614,0,0.031,0.228,5.998,0.0011,0.0408,0,0,0.0371,74.9124,3.9289,0.0868,0,0,9.0013,0,0.0141,305.2076,0,15.2473,1.4821,26.4366,190.2662,32.2033,0,2.0262,2.0349,0,1.8989,0,0.0012,47.0345,0.0305,0,7.5608,14.6328,3.6305,0,0.1885,11.0297,0,10.0593,0,24.2665,0,0,0,0,0.1673,0,0,0,0,0,0
"Trinidad and Tobago",5889.7102,91.5152,132.5391,59.0361,25.7216,642.0856,682.1063,0,614.6152,83.4935,270.6104,266.1609,128.5116,102.7167,117.9318,77.9399,41.6523,9.384,9.27,24.4781,12.0949,33.8238,9.1247,123.0586,15.0363,419.357,86.4522,22.0291,74.8169,97.8445,0.7977,1.9181,1427.8207,1882.4021,23.6576,68.1661,21.266,349.8997,24.9086,5.3118,261.479,0,0,3.0394,889.1085,0,30.0362,77.9941,2.3809,15.5495,2.2247,2.1673,0.1416,40.8702,0,0.0995,0,0,0.005,2.545,0,0,0,0.4717,1.7548,0.2006,0.1352,9,0.0634,199.1224,0.0044,0.0777,0.0679,0.7555,0.0665,0.0093,9.47,0.0272,0.8414,16.7852,2.9705,15.8268,0.0042,0,0.0018,0,0,0.6126,0,7.5541,0.0103,0.0519,0,7.5368,0,0,0.0034,0.0287,0.8549,0,153.1048,0.8465,451.283,0.0676,0,0,0,0.9089,0.0531,0.8858,9,0,0.0001,9,0,0,164.3756,0.0472,0,0,0.2493,15.7542,0.0071,0,0,3.3322,1.5876,0.1192,0,0,0.4056,0.0041,0.001,0.0343,0,0,0.8819,25.0607,0,44.2729,0,0.0456,0,4.07,0.6785,0.0062,0.0041,0,0.0716,0.9628,0,0.2732,0,0,9,0.0642,35.5405,215.6011,0,7.1801,9.5326,495.2323,22.1027,85.7046,9,7.1376,0,0.0283,1.8242,0,0,40.5839,0.5021,0.0008,0,27.9746,2.9246,0,3.132,13.5067,0,13.5467,0.0954,50.5561,0,9,0,0,0.1938,0,0,0,0,0,0.0965
"Barbados",447.92,58.2154,6.1008,0.4615,2.3657,10.8107,0.4013,614.6152,0,5.6459,14.9899,36.2769,19.3487,20.2303,21.5878,0,0.9662,1.5851,4.5552,0.0204,0.0279,10.0461,0.4757,2.4164,8.1456,18.9168,10.6509,0.1667,1.7081,16.2855,0.0122,0.022,2.6312,2.0962,6.4886,41.2179,2.0091,7.777,3.8899,0.5309,24.0025,0,0,7.7184,2.9639,0,1.3965,11.4575,0.7098,1.4832,0.5755,0.9314,0.4204,11.6706,0,0.0052,0,0.0017,0.014,0.0102,0,0.0156,0,0.246,0.0388,0.5589,0.0225,0.0085,0,16.1924,0,0.0513,0.0358,0.0053,0.4856,0.0289,0.0033,0.0375,0.0519,7.002,1.406,5.9539,0,0,0,0,0.0004,0.0159,0.0838,0,0.0003,0.0009,0,0.1125,0,9,0.0542,0.235,0.0343,0,1.5392,0.0581,0.0047,0.0168,0.0006,0.0011,0,0,0.0001,0.0064,0,0,0,0,0,9.0289,0,0,0,0.1262,0.0615,1.3798,0.242,0.0001,0.0001,0.2265,0,0.0029,0.0728,0.002,0.0128,0,0.0075,0,0,0,0.0649,4.3598,0,0.0513,0.0035,0,0,2.09,0.0875,0,0.0005,0.0613,0,0.619,0,0.0006,0,9.0043,0,0.0157,0.4319,96.3296,0.0009,1.9102,2.9624,12.6761,29.624,7.0793,0,0.5969,0,0,0.1696,9,0.0002,6.6732,0,0.0048,0,1.3452,18.0078,0,0.1069,1.4182,0,0.6274,0,21.4668,0,0,0,0,0.286,0,0.0019,0,0,0,0
"Dominica",84.34,5.8101,0.0062,0,0.003,3.9131,17.2564,83.4935,5.6459,0,7.2986,2.077,5.8308,15.059,5.4296,0,0.0989,1.0843,0.2991,0.5957,0.0007,0.6967,0,8.303,0.0565,7.967,0.3033,0.2466,0.7879,3.185,0.0647,0.0544,0.3461,0.6427,0.0401,6.1499,0.1322,1.7043,0.8117,0.0032,3.3502,0,0,0.2088,0.3686,0,0,1.6701,2.1321,0.0071,0.1102,0.0013,0.0973,0.575,0,0.0552,0,0.0705,0,1.506,0,0,0,0,0,0.3932,0.0056,9.0026,0.002,0.0151,0.0211,0.0469,0.0312,0.0021,0.1322,0,0.0678,0.0056,0.0095,4.2154,0.2458,0.5024,0.123,0,0,0,0,0,9,0.0981,0,0,0,0.0299,0,0,9,9,0.0295,9,0,0,0,0,0,0,0,0,0.1413,0.0378,0,0,0,0,0,0,0,0,0,0,0,0.1481,0,0,0,0,0.0134,0,0.0002,0,0.0104,2.9681,0,0,0,0,0,0.812,0,3.1342,0,0.064,0,0,3.4865,0.1914,9,9.0049,0,0,0,9,10.3734,9.022,9.0052,0,0.0103,26.9712,0.0371,0.084,0.1648,0.8807,123.0033,2.4976,0,0.0452,0,0,0.0475,9,0,1.2223,9,0,0,3.2476,13.4726,0,0.0811,0.092,0,0.6224,0,0.1028,9,0,0,0,0,0,0,0,0,0,9
"Grenada",69.65,3.8024,0.5039,0.1078,0,2.2424,2.0573,270.6104,14.9899,7.2986,0,4.5048,5.6014,7.7048,6.4891,0,0.0118,0.8782,1.3943,0.0144,0,0.8235,0.1399,1.2085,0.1372,11.6179,0.0075,0.1655,0.4334,8.9645,0,0,2.0118,0.4417,0.0175,8.3726,0.183,0.4825,0.2166,0.3474,0.9634,0,0,5.5067,0.193,0,0.0054,2.0709,0.0058,0.0049,0,0.2825,0,0.7862,0,0,0,0,0.0001,0.2427,0,0,0,0,0,0.0123,0,9.0007,0,0.0017,0,0.0001,0.0251,0.0585,0.0001,9.0012,0.0033,0,0.0049,0.3137,0.6206,1.4818,0,0,9,0,0,0,9,0,0,0,0,0.0199,0.0695,0,9,9,0,0,0,48.8284,9,0,9,0,0,0.0168,0,0.1852,9,9,0,0,0,0,9,9,0,0.0267,9,0.8247,9,9,0,0,0,0,0.0577,9,0,0.0051,0,0,9,0,9,3.0533,9,0.0831,0,0.0356,0,0,0.1874,0,9,9,0,9,0,9,0,0,9.1258,0,0,22.2239,0,0.1218,9,1.8254,3.0753,0.9555,9,0.7637,0,0,0.0011,9,0,0.5661,9,9,0,0.2514,0.0017,9,0.0078,0.3782,0,0.3613,0,2.6318,0,9,0,0,0,0,0,0,0,0,9
"St. Lucia",441.41,10.8587,0.2315,0.3115,0.0789,39.4577,5.1767,266.1609,36.2769,2.077,4.5048,0,7.2265,7.1417,2.2756,0,0.5966,2.2596,2.6213,0.0088,0,2.364,4.3729,8.0339,0.3912,18.1154,0.5694,0.575,3.4232,1378.8098,0,0,0.7284,133.184,0.2854,11.7438,0.0273,2.9758,1.5299,0.2852,3.6206,0,0,2.0574,0.5782,0,0.0549,4.8439,0.4924,0.6318,0,0.0177,0,4.3565,0,0,0,0,0,0.0022,0,0,0,0.667,0.1154,0.0006,0,0,0,0.007,0,0,0,0.0001,0,0,0,0,9.7003,0.4948,0.0588,0.4147,0.0013,0,0.0206,0,0,0.0387,0.0065,0,9,0,0,0,0,0,0,0,0,0,0,0,0.1038,0,0,0,0,0.0017,0,0,0,0.0013,0,0,0,0,0,0,0,0,0,0.4031,0,0,0.0021,0.4432,0.0003,0,0,0,0,0,0.0015,0,0.0812,0,0.0565,0.5913,0,0,0,0.0193,1.1023,0.1027,0.0122,0,0,0,0,0.9442,0,0,0,0,0,0,0.0069,33.8551,0,0.8922,2.5064,7.2389,9.1192,0.8396,0,0.4604,0.1513,0,0.0216,12.5373,0,5.3929,0,0,0,0.4368,0.1789,0,0,0.3283,0,0.8512,0,3.3329,0,0,0,0,0,0,0,0,0.0006,0,0
"St. Vincent and the Grenadines",105.85,7.4176,0.0745,0.0166,0.0418,2.6018,1.5154,128.5116,19.3487,5.8308,5.6014,7.2265,0,5.4623,2.4135,0,0.2133,1.5143,0.0386,0.009,0,0.4972,0,0.1341,0.2424,4.0425,0.114,0.1453,0.4533,2.2285,0,0,0.3742,0.4415,0.0001,13.0472,0.6365,1.549,0.1484,0.0157,2.8134,0,0,4.2474,0.7977,0,0.049,2.084,0.0275,0.0189,0,0.2582,0.0002,9.6657,0,0.0077,0,0,0,2.3697,0,0,0,0.0045,2.09,0,0.6119,0,0.0069,0.0888,0.0062,0.1725,0.0256,0.5766,0.0002,0,9,0,0.9137,4.0023,8.5995,1.8364,0.0613,0,0,9,0,0,0,0.0027,0,0.0001,0,0.716,0,0,0,0.0063,0.0044,0,0.0009,0.0232,0,9,0,0,0,0.0059,0,0,0,0,0,0,9,0,9,9,0,0,0.0016,0.2887,0.0011,0,9.0003,0.0157,0.1186,0,0,9,0,0.0973,0.011,0,0,0,0.0023,2.8313,0,0.0156,0.0125,0.018,0.0059,0,0.0686,0,0,0,0,0,0,0,0,0,0,0,9,32.0066,0,1.4391,0.2004,1.0318,2.4197,0.6535,9,0,0.0833,0,0.0011,0,0,0.0235,0,0,0,0.2633,159.8954,0,0.0003,1.2294,0,0.8857,0,2.1136,0,9,0,0,9,0,9,0,0,0,0
"Antigua & Barbuda",222.7,16.9697,0.2794,0,0,6.8321,5.9267,102.7167,20.2303,15.059,7.7048,7.1417,5.4623,0,4.1408,0,1.0313,0.773,0.5641,0.0474,0,0.403,0,1.8764,0.0563,15.4248,5.6524,0.1008,0.512,6.007,0.0002,9,0.9871,0.5876,10.0839,12.2607,0.0076,40.0392,0.7681,0,4.9273,0,0,1.4696,7.3998,0,0.9829,8.8234,0.0512,0.0432,0.0176,0.0635,0.0069,4.5973,0,0.1574,0.0232,0,0,0.011,0,0,0,0.0025,0.0988,0.1072,1.1181,0.1731,0.0168,0.0074,0.009,0.7534,0.0896,0,0.0002,9,0.0031,0,0.2195,11.5115,1.8725,6.6327,7.2893,0,0,0,0,0,0,5.3399,0,0,0,0.1237,0.0067,9,0,9,0.0482,0.0375,0,5.261,0,0,0,0,0,0.0029,0,0.1665,0,0,0,0,0,0,0,0,0.0349,0,0,1.1013,0,0,0,0,0.1944,0,0.1099,0,0,0.0059,1.6091,0,0,0,0,2.5625,0,0.008,0,0.0171,0,0,0,0,0,9.0188,0,0,0,0,1.9924,0,0,0,0.037,758.206,0,0,0,19.4729,5.8195,1.2856,0,0.0064,0,0,0.2639,9,0,0,0,0,0,1.4316,459.1808,0,0.5751,5.4642,0,0.2629,0,0.7482,0,0,0,0,0,0,0,0,0,0,0
"St. Kitts and Nevis",84.66,2.6432,0.0475,9.0008,0.0849,1.8702,2.804,117.9318,21.5878,5.4296,6.4891,2.2756,2.4135,4.1408,0,0,0.0305,0.245,0.1026,0.0019,9.0023,0.6491,13.8957,0.6349,0,0.6643,0.0045,0.0563,1.6603,2.5002,0,9.0081,0.1407,0.2168,0.1531,13.273,0.0757,6.1257,0.0602,0,8.2923,0,0,0.6053,0.575,0,0.0146,24.7148,3.3921,0.0374,0.0011,0.9598,0.0205,32.5925,0,0.0007,0.9718,0,0.0005,0.0033,0,0,0,0.0053,0.0889,0.0744,0.2432,0.0001,0.0028,3.0279,0,0.0255,0.1294,4.3908,0,0.0011,0,1.2396,0.055,0.5399,0.102,0.4258,0.1464,0,0,0,0,0,0,9,9,0,0,0.0044,0,0,0,0,9,9,9,0.2231,9,9,9.0057,9.0003,0,0,0,0.1187,9,9.0551,0,0,0,0,0,0,1.7245,0,0,0.0904,0.0021,0,0,9.0123,0,0,0.0009,0,0,0.0539,9,0,0,0,9.0105,11.0913,0,0,0,0.4447,9.0033,0.1933,9,0,0,9,9.097,9.0066,0,9.0913,0,0,9,0,0.0194,3.0661,0,2.7276,10.0667,1.1038,5.0574,0.72,0,9.122,6.9466,0,0.0372,0,0,9.4091,9,9.0016,0,0.1692,8.8655,0,0.0012,1.1201,0,0.1919,0,0.1264,9.0002,0,0,0,9,0,0,0,9,0,0
"Mexico",76403.7,17229.496,42.7868,407.707,30.4893,989.1667,260.0036,77.9399,0,0,0,0,0,0,0,0,135.6985,1242.7708,149.8152,577.9886,274.1603,2419.7704,459.4311,5397.397,2122.0512,0,2.8341,768.2783,1358.1814,1738.3359,187.6124,45.3652,954.7016,1147.3837,5.9875,65.0191,805.9833,1596.8664,529.1898,851.4533,2679.3468,0,0,682.569,2642.7832,0,291.9235,10242.0506,633.5787,859.8825,76.85,262.8402,77.3935,4678.954,0,11.9949,2.5226,1.6,4.8685,17.328,0,0,0,49.3747,65.5581,4.8046,51.4657,3.1154,10.2932,235.6471,134.3665,3.5975,35.5822,213.0097,2.3066,11.0266,0.5979,3.9616,378.1485,1307.2128,21.5243,324.1712,5.725,0,0,0,0,0,0,0.5599,0,0,0,89.7369,0,0,0.014,0,0,3.0229,0,75.9618,0,0,0,0.2024,0,0,11.2521,0,0,0,0,0,0,0,0,2.9784,1.7986,0,0,221.2585,9,0,0,0,0,0,0.5622,0,181.7458,129.4546,51.2303,31.5355,0.387,0,134.1106,398.0999,0,9.6396,0,41.4595,24.8576,660.4194,562.1048,0,92.2441,0,83.729,0,33.3238,0,0,9,1.2481,0,96.3733,53326.5259,0,6429.998,0,12093.5046,15019.7509,290.4179,0,171.4798,86.5901,0,146.2763,0.6888,0,3536.0147,51.3307,0,571.0408,4926.7016,176.0793,0,1448.7178,741.1847,0,1222.7611,0,163.0493,0,0,0,0,0,0,0,0,0,0,0
"Belize",123.58,5.8451,1.1712,103.8619,0.0396,0.6766,15.3029,41.6523,0.9662,0.0989,0.0118,0.5966,0.2133,1.0313,0.0305,135.6985,0,54.0016,13.41,10.0824,0.0753,10.7086,1.0048,1.0382,0.1842,0.64,0.0474,0.0247,2.0889,3.7555,0.0007,3.8627,0.4188,0.3704,0.4661,98.9167,13.9774,16.322,0.9661,0.0001,5.9139,0,0,10.3005,8.2675,0,13.2854,184.551,12.4994,6.8431,0.0439,4.3977,0.0243,6.383,0,0.0858,0.0501,0,0.0076,1.028,0,0,0,0.6137,1.2558,0.065,1.3141,9.0165,0.0104,27.2623,0,6.408,0.4041,224.1227,1.0615,13.8838,1.4632,0.2543,0.0545,2.783,4.8435,2.9594,0,0,0,0,0,0,0,0.0004,0,0,0,11.7098,0,0,0,0,0,0,0,25.4563,0,9,0,0,0,0,0.0122,0.1942,0,0,0,9,0,0,0,0,0.0221,0,0,0.9693,0,0,0,0,0,0,0.4508,9,0.8872,0.0186,1.1801,0,9,0,0,2.1683,0,3.6062,0,0.0226,0,0,0,0.0006,0,0,0,0,0,0,0,0.0378,9,0,0.023,51.2661,0,1.8879,0,9.6103,13.3461,26.9081,0,2.5039,0,9,0.0512,0,0,3.0201,0,0,0,2.3873,44.3506,0.2507,0.1862,3.8743,0,1.3787,0,0.4046,0,0,0,0,0,0,0,0,0,0,9
"Guatemala",1620.4321,353.0989,4.576,7.7802,25.0165,1.0222,30.3468,9.384,1.5851,1.0843,0.8782,2.2596,1.5143,0.773,0.245,1242.7708,54.0016,0,433.8476,220.4555,253.138,69.8929,335.9735,500.2598,38.1779,6.3741,2.0193,197.2645,19.3786,236.3505,1.0103,0.2985,16.9668,158.5053,72.4785,22.525,9.5964,99.7503,118.1567,0.4944,37.113,0,0,5.7035,70.3003,0,6.4435,142.7653,2.2739,11.4793,0.4272,0.4158,0.1095,26.9941,0,0.0566,0.7051,0.2495,0.1318,32.3703,0,0.0259,0,1.7217,2.0845,0.1648,0.8469,0.0609,34.539,67.6982,12.058,18.0883,0.463,4.4622,4.3458,0.0005,0.1679,0,1.1607,5.007,105.6919,7.3869,0.1026,0,0.029,0,0,0,0.0364,1.5108,0.0085,0.0104,0,0.0138,0,0,0,0.0191,72.5916,0.0098,0.0121,2.4635,0.3412,0,0,0.0022,0.098,0.059,1.0864,0.0623,0,0.1787,0,0.1825,0.1142,0,0.075,0.5576,0.0341,0,0,2.2536,0,0.0081,0.0676,0.0126,0.0096,0,0.0519,0.0183,1.76,34.5012,8.1556,0.9996,0.5071,0,12.5698,21.6284,0.0869,9.9786,43.3586,3.5176,6.9985,32.4714,70.9546,0.9448,8.5177,2.8033,1.5541,47.6151,0.5172,0.0247,9,0,0,0,0.0845,1382.7195,0,76.703,0.6136,286.5692,51.1687,236.6653,9,8.5703,43.5686,0,5.1229,9,0.057,125.3545,0.0037,0,20.483,28.2445,25.8797,0,1.6412,26.2028,0,0.2284,0.2548,14.631,0,0,0,0,0.0178,0,0,0,0,0,0
"Honduras",721.9409,205.517,1.1989,17.6003,6.7141,41.6487,13.5234,9.27,4.5552,0.2991,1.3943,2.6213,0.0386,0.5641,0.1026,149.8152,13.41,433.8476,0,91.1983,72.231,244.3394,320.9772,263.1326,89.8187,0.2269,0.0171,230.9365,61.2044,78.0898,0.1899,0.0373,41.6707,29.9787,46.9012,86.9113,0.2936,138.3526,147.248,0.1535,38.6989,0,0,19.9276,34.0169,0,6.4779,425.359,2.7476,17.0569,0.7081,6.312,0.2748,40.7918,0,0,0.1018,0.0035,0,1.435,0,0,0,0.5832,0.698,0.0462,3.4121,0.0089,1.8751,32.3813,0.0561,34.1882,0.0631,13.268,0.1061,0.1679,0.1447,0,9.4962,34.1553,4.8733,4.272,0.3204,0,9,0,0,0,0,0.0814,0.061,0,0,0.0004,0.0922,0.0779,0,0.0007,0.2729,0,0.0002,0.029,0.1925,0,0,0,0.0364,0.5909,0.0105,0.1642,0,9.002,0,9,0,9,0.4883,0.2942,0,0.6368,0,7.3652,9,0,0,0.3872,0.0824,9,0.0374,0,0.138,0.1182,0.5744,0,0.0312,0,0.4096,8.3808,0.0521,0.1332,0.3113,0.3509,0.3435,10.9929,0.0515,0.4457,0.0017,0.0062,0.0946,1.6322,0.5386,0,0,9,0.0026,0,0.0346,204.1314,0.003,9.4726,20.2878,3.9933,63.5423,67.8308,0,2.1157,0.63,0,1.9234,9,0.0053,86.6503,9.1556,0,11.887,19.4983,22.1878,0,0.1801,20.1214,0,20.5179,0.0322,1.3525,0,0,9,0,0.0026,9,9,0,0,0,9
"El Salvador",1219.5754,57.945,0.3391,2.7208,8.9016,14.0725,18.6197,24.4781,0.0204,0.5957,0.0144,0.0088,0.009,0.0474,0.0019,577.9886,10.0824,220.4555,91.1983,0,110.843,74.7058,64.3566,301.2973,198.4413,2.9419,0.055,183.6833,68.1292,208.2504,0.4745,0.1234,2.3825,37.5582,14.0755,15.1164,10.3134,8.1909,33.0817,0.024,23.0533,0,0,26.4623,26.5526,0,9.5349,54.79,1.2046,9.304,0.6715,31.0343,0.2563,27.8963,0,0.001,0.0061,0.001,0.0004,0.0458,0,0,0,0.0081,0.4135,0.0588,0.5914,0,0.2195,27.8021,0.0077,0.1791,3.7023,6.6839,0.0066,0.0295,0,9,5.7863,17.8353,31.0385,10.0236,0.0265,0,9,0,9,0.0475,0,0.022,0,0,0,3.1969,0.002,9,9,9,0.0469,0,0,12.3633,0.0009,0.0001,9,9,0,0.002,0.0972,0.0106,9.0011,9,9,0,12.4082,0,0.0377,0,0.001,0.0055,0,2.6172,0.0045,0,0,0,0,0,0.4091,0.0079,2.3753,0.8232,0.4778,1.272,0.2832,0,0.092,1.5783,0,0.0253,0,0.2374,1.2591,5.332,1.2512,0.0043,0,0.0422,1.4552,7.7122,0.2171,0.7058,9,0,9,0,0.1327,605.0851,0.012,149.6883,0.6924,111.2012,129.3971,59.2799,9,3.1621,2.15,9,2.1823,0,9,37.2244,0.4794,0,10.5053,16.769,17.0792,0,0.3411,20.3087,0,18.7081,0,15.3307,9,0,0,0,0.0001,0,0,0,0,0,9
"Nicaragua",1757.077,400.1048,0.2273,1.4819,5.8168,18.0523,7.2234,12.0949,0.0279,0.0007,0,0,0,0,9.0023,274.1603,0.0753,253.138,72.231,110.843,0,356.6895,7.399,2.6109,688.3589,0.5315,0.0586,7.9155,10.6425,103.1008,1.9664,5.6878,14.9562,34.5153,12.0668,30.8697,2.6652,10.2744,33.2471,0.0758,12.7352,0,0,7.3273,38.5974,0,0.869,29.4683,1.1479,9.2884,0.89,1.2134,0.0853,0.0244,0,0.0133,0.0009,0.0002,0.0151,0.081,0,0,0,0.1686,0.1697,0.0127,0.1939,0,5.6369,55.6796,0.022,0.7336,0.0916,0.4546,4.0446,0.0099,9,0.0004,7.3972,1.4101,8.7869,9.4987,0.6821,0,0,0,0,0,9,0.02,0,0.0066,0,0.0413,9,9,9,0,0.0451,0.3288,0.0063,0.0015,9.0013,0,9,0.0985,0,0.0039,0.2809,0,9,0,0,0,0,0,9.4696,0.0061,0.8686,0.0011,9.0028,0.1859,0,0,0,0,0.0001,9,0.031,9.0004,0.0317,0.0413,0.1594,0.0165,0.0079,0,8.1444,9.9399,9,1.6849,0.0971,0.2723,0.031,7.4491,4.5034,0.4354,9.0042,0.0269,0.0276,3.6661,0,0,0,9,0,0,0.01,466.398,9.0025,24.6602,0.2644,40.0682,147.7536,73.9671,9.0001,0.7431,0.3865,0,0.798,9.0072,0,70.5443,0.1942,9.0101,7.3319,12.926,4.6088,0,3.3366,9.1257,0,12,9,4.5789,0,0,0,0,0,9,0,0,0,0,9.0037
"Costa Rica",3549.2865,322.2733,14.9422,20.5501,14.4339,227.1341,55.833,33.8238,10.0461,0.6967,0.8235,2.364,0.4972,0.403,0.6491,2419.7704,10.7086,69.8929,244.3394,74.7058,356.6895,0,180.3617,254.9404,50.9842,7.5963,2.3531,28.1065,8.5908,128.2928,2.3882,0.5641,262.4153,40.7355,11.3164,3528.4914,0.2852,479.1432,387.3456,0.1132,34.912,0,0,25.0138,68.6459,0,34.0294,113.5753,8.9547,31.7057,4.1414,2.6906,3.6907,98.3159,0,0.3644,0.9836,1.2991,1.0942,6.8718,0,0.0835,0,1.7653,13.3331,0.1058,0.7342,2.0051,1.7516,118.0407,0.0449,0.7529,16.1559,37.6248,10.1102,3.4106,0.1299,0.1783,1.1108,64.2129,50.8735,15.9878,5.6889,0,0.1085,9.0001,1.0459,9.1137,0,0.4555,0.0015,0.0317,0,0.1974,0,0.0016,0.0208,0.0753,0.6156,0.0003,2.5447,0.4192,1.0767,0.0075,0,0.1462,0,0.0238,0.289,0.0385,0,0,0.0004,0,0.0113,0.0006,7.7536,0.189,0.1015,0,2.5273,35.4723,0.002,0.0172,0.0177,0.0179,0.0538,0.0004,0.1378,0.0602,0.7798,13.3041,0.6569,0.4566,0.0076,0,12.4953,47.9315,0.0153,0.5268,0.0179,4.2667,0.2919,42.1759,8.512,0,0.0226,0.0359,1.9893,3.166,0.7385,0.0183,9.0003,9.0082,0.0016,0.0001,8.9163,5192.3624,0.0004,15.6645,5.479,14.7392,263.491,133.8207,9,4.6512,4.1244,0.1797,1.3776,0,0.0009,21.8151,2.4632,0.0853,12.7009,1159.1575,703.6745,9.0003,17.2815,11.2834,0,151.9182,0,4.7816,0.003,0,0.0006,9.0152,0.0164,0,0.001,0,0,0,0.0001
"Panama",2357.7356,77.7457,1.2497,2.1103,0.0336,41.1831,32.0816,9.1247,0.4757,0,0.1399,4.3729,0,0,13.8957,459.4311,1.0048,335.9735,320.9772,64.3566,7.399,180.3617,0,346.8691,30.9299,0.0438,6.5238,1621.1709,36.6502,152.7629,3.6705,8.3484,8.2575,139.3944,12.1778,22.8042,9.6556,66.5481,19.8305,1.9284,63.698,0,0,32.9105,240.7848,0,15.1276,147.8924,0.9076,11.5142,0.0314,7.3727,0.0854,63.8185,0,4.4348,0.5035,0.0279,0.6922,5.27,0,9,0,0.8893,130.0479,0.0699,1.2435,0.7289,0.6355,0.5531,0.3553,0.2459,0.9778,19.7222,0.063,0.3595,10.7331,21.4365,5.8278,7.1599,4.4196,22.5383,0.8594,0,9.0018,9,9,0,0,0.1216,0.0249,0,0,1.5283,0,9,9,0,0.5997,0.0965,0,0.2328,0,9,0,0,0,0.0744,0.1062,0,9,0,9,0,0,0,0,0.1815,0.3734,0.0643,0,3.5547,0,0,0,0,0.5741,0,3.4594,0,1.0274,214.0399,0.1858,0,0.018,0,0.0914,100.4623,0,1.352,0,0.1076,0.6206,23.7176,0.114,0.0458,0,0,0.5612,0.0182,0.6165,0,0,0.0966,0.0269,0,0.1233,763.3669,0,18.715,0,245.8747,29.1421,57.5651,9,2.3592,7.21,9,0.2906,0,9.0116,78.3785,13.0172,9,4.9268,79.6872,3.5266,0,12.3443,215.6342,0,3.1171,0,31.0409,9,0,0,0,0,0,0,0,0,0,0
"Colombia",11057.713,401.3524,596.2555,6.2427,72.0044,457.2663,49.4429,123.0586,2.4164,8.303,1.2085,8.0339,0.1341,1.8764,0.6349,5397.397,1.0382,500.2598,263.1326,301.2973,2.6109,254.9404,346.8691,0,2350.9409,0.1594,4.3885,1121.7187,811.9357,1402.2888,118.2513,70.6909,1230.3717,1956.9177,59.3566,1071.9334,134.5934,2508.6736,414.2367,7.1493,970.1231,0,0,287.3687,2484.5068,0,303.1086,1643.3476,29.2584,156.9921,2.453,30.9266,18.7716,292.9303,0,1.254,0.1521,0.4258,0.3516,45.1908,0,0.9735,0,6.8117,9.3401,0.4924,8.259,0.6646,24.2247,225.9669,3.7758,23.5863,50.9811,60.0612,3.13,0.6139,9.0173,0.1571,68.6293,99.1753,56.2064,92.8391,0.2224,0,0.7319,0,0.211,0.0012,0.0188,11.2919,2.1357,0.363,0.0034,360.8351,0.1207,0.834,1.8607,0.0231,2.4359,0.0238,3.94,33.5702,0.7073,0.0176,0.027,2.5085,0.2481,0.6935,3.3969,2.6377,0.0445,0.5444,0,0.1147,0.815,0.063,12.9036,1.8249,0.4859,1.7347,0.1401,98.4286,2.9097,0.0305,0.1195,0.1157,1.9804,0,0.6936,0.0079,28.6165,17.9626,4.2348,0.5335,0.1264,0,18.1354,639.1002,2.9775,2.8697,2.6862,43.2258,15.7918,143.7011,46.6046,1.978,1.7581,1.5724,5.2445,19.7002,0.2226,0.2846,0.001,0.0008,0.0597,1.0946,3.0654,6470.4114,0,509.0471,7.8698,873.346,1201.961,258.5537,0.1437,66.2182,20.8898,0.0257,13.2148,0,0.0384,295.6615,6.115,0.1643,210.8777,507.476,605.1704,0.0004,30.3463,239.2023,0,1.4755,0.0116,7.5189,0.0002,0,0,0,2.0036,0,0.0013,0,0.0006,0,1.4022
"Venezuela",19949.289,571.6299,148.8532,4166.9803,3.3165,1327.9653,1013.4433,15.0363,8.1456,0.0565,0.1372,0.3912,0.2424,0.0563,0,2122.0512,0.1842,38.1779,89.8187,198.4413,688.3589,50.9842,30.9299,2350.9409,0,11.8393,2.3235,866.0012,1100.3787,4466.286,104.4474,68.1359,561.3862,2379.9108,104.1028,104.9969,58.3284,263.9464,105.2411,6.2551,294.8656,0,0,529.8559,224.8881,0,199.0652,637.4947,74.1521,205.5899,10.938,22.414,71.3646,1274.954,0,9.7206,3.0868,0.022,15.9356,3.2958,0,8.4297,0,10.315,5.5193,0.0547,0.4827,3.4014,40.2287,2137.4718,0.1907,0.4519,1.083,25.0197,46.5152,0,0,0.1017,76.8919,361.6021,40.2824,71.6237,13.221,0,9,0,0,0,0.0873,55.2255,0,0,0,0,0,0,0.0425,0,0.0397,26.1231,0.0116,169.4305,0.0191,0,0,0.0088,0,0,0.0369,0,9,0,0,0,0,0,0.0379,0,0,0.2639,0,45.6808,0,0,0,0,0,0,0.0015,0,66.0035,0.0193,16.0117,0,0,0,9.7094,25.8257,0.0632,42.5661,90.7181,2.5885,0.1029,38.39,6.5581,0.038,0.1294,5.2427,88.0535,33.3093,0.8332,2.1569,0,18.4163,0.0289,0,0.021,3998.789,9.0013,238.4539,20.3632,460.574,675.6397,11779.2642,0,6.9036,0,0,2.0547,0,9,207.9818,0.6773,0,0,688.3752,3717.9825,0.0117,8.4372,104.9105,0,15.6299,0.0035,413.6014,0,0,0,0,0,0,0,0,0,0,0
"Guyana",138.6,471.3369,0.0394,70.3213,6.7844,13.3165,29.7859,419.357,18.9168,7.967,11.6179,18.1154,4.0425,15.4248,0.6643,0,0.64,6.3741,0.2269,2.9419,0.5315,7.5963,0.0438,0.1594,11.8393,0,20.9493,1.1869,2.0215,36.709,0,0,0.8042,3.2255,0.1091,60.6772,1.6715,26.7117,6.7881,1.7884,2.6105,0,0,1.03,6.6455,0,21.7355,11.0723,0.2165,0.6723,0.0289,0.3568,0.0084,1.2298,0,10.4765,0,0.0004,0,0.0031,0,0,0,0.0024,0.1034,0.0011,0.3536,9.0297,0.0114,0.7674,0.1666,0.0013,0.0387,50.1984,0.6756,0,9,9,6.6268,2.2677,0.2089,3.1485,0,0,0,0,0,0,9,0.0029,0,9,0,0.0084,9.4312,9,0,0,1.2277,0,0,3.554,0,0,0,0,0,0.0002,0.0021,0.2276,9,0,0,0,0,0,0,0,0,0.0001,0,39.2994,0.6325,0,0,0,0.0196,0,0.0484,0,1.2402,0.0004,0.31,0,0,0,0.0405,13.8917,0,0,0,0.0478,0,2.87,1.7241,0,0,0.0026,0,0,0.002,9,0,0,0,0,0.0391,185.9634,0,4.8038,24.7723,27.7399,47.8802,18.4891,0,0.4995,0,0,0.2779,0,0,0.5758,9,0,0,4.6177,9.7476,0,0.1066,1.9036,0,1.0496,0.0224,17.3791,0,0,0,0,0,0,0,0,0,0,0
"Suriname",179.0366,126.289,0.0376,0.8873,0.0135,8.2811,43.0256,86.4522,10.6509,0.3033,0.0075,0.5694,0.114,5.6524,0.0045,2.8341,0.0474,2.0193,0.0171,0.055,0.0586,2.3531,6.5238,4.3885,2.3235,20.9493,0,0.0992,0.2317,16.4095,0.0054,0.0124,1.902,1.9443,0.0198,2.4378,0.0597,57.1531,210.5334,0.0005,64.944,0,0,2.2979,0.2763,0,5.9658,0.5038,2.5984,0.087,0.2196,0.0097,0.1285,0.9828,0,0.0002,0.0262,0.0001,0.0296,0.0009,0,0,0,3.7237,0.056,0.0288,0.0578,9.0053,0.0711,0.0927,0.03,0.1232,0.1387,0.4791,0.0096,0.0001,9,0.0037,0.0463,0.6804,34.6335,0.5912,0.0003,0,0,0.0013,0,0.0154,0.0058,0.0413,0,9,0.0097,0.0103,0,9,0.0092,0.041,4.9403,0,0,0.0002,0,0.0016,0,0,0,0.0013,9.0116,0,0,0,0.0016,0,9,0,0,0,0,0.0074,0,0.1922,0.0586,0,0,0,0,0,0.0024,0,0.0315,1.4679,0.0048,0,0.0001,0,0.0493,1.1973,9,0.0603,0,0.0332,0.0079,0.0009,0.0318,0,9,0.0005,0.0001,267.3582,0,9,0,0,0,0,0.0001,6.3215,0,0.9612,7.9426,1.8061,9.9987,7.2278,9,0.1565,0.0014,0,0.0357,9,0,1.6266,0,0,0.0562,2.6784,0.9124,9,0.0082,0.7368,0,0.0224,0,0.2663,9,0,0,0,0,0,0,0,0,0,0
"Ecuador",3122.3643,19.6034,143.0558,3.0746,8.6919,39.8882,2.2225,22.0291,0.1667,0.2466,0.1655,0.575,0.1453,0.1008,0.0563,768.2783,0.0247,197.2645,230.9365,183.6833,7.9155,28.1065,1621.1709,1121.7187,866.0012,1.1869,0.0992,0,1121.7502,778.9985,2.8596,8.5281,1529.7552,239.0935,69.4894,233.982,13.0806,275.524,91.619,8.1167,101.577,0,0,45.5781,82.971,0,4.8011,129.4026,64.3377,12.4509,2.4898,0.2318,0.1134,153.5875,0,0.6683,11.5044,3.4168,0.263,34.245,0,0.0733,0,12.7987,76.3491,1.2808,10.3989,9.0023,20.0177,1063.3696,1.0417,12.1105,1.5049,220.8283,10.491,15.3525,11.7433,16.3557,62.9344,6.4732,17.7166,0.3446,0.9891,0,0,0,0.098,0,0,0,0.1616,0.0268,0.153,3.2816,2.6152,0,0.1209,0.1782,0.5777,0,0.1233,0.2567,0.1023,0.0011,0.0263,0.0343,0,0.0305,0.424,0.0032,9,0.0801,0,0.0209,0.2401,0,0.0083,0.0848,0.0003,0,0,79.9578,0,0,0,0.6408,0.1197,0,0.229,0,5.0198,60.4106,0.354,25.3412,37.2463,0,0.2366,47.2414,0.7781,36.9392,0.6458,1.0457,3.0848,33.1587,2.9347,0.004,1.4147,1.6476,3.1397,29.2213,0.5704,0.0012,0.0026,0.0504,0.2071,1.4034,30.1008,2086.1003,9.048,185.346,15.1625,750.3761,476.8965,315.0728,0,6.8746,0.4566,9,5.9853,0.0648,0.001,197.0183,0.3321,0,107.2192,4.3886,44.9777,0.0074,2.7406,62.4784,0,10.1192,8.374,15.8956,0.0043,0.0496,1.0875,0,0.3444,9,0,0,0,0,1.0656
"Peru",2163.5454,3409.0168,6.8657,17.5103,85.7425,23.0736,5.3671,74.8169,1.7081,0.7879,0.4334,3.4232,0.4533,0.512,1.6603,1358.1814,2.0889,19.3786,61.2044,68.1292,10.6425,8.5908,36.6502,811.9357,1100.3787,2.0215,0.2317,1121.7502,0,1423.7702,5.0595,226.4575,702.9572,1984.9451,145.1565,9.1356,61.4149,574.2496,340.5047,4.2899,91.6164,0,0,95.8548,1312.9255,0,17.5117,10.3873,65.8796,168.5132,23.9969,33.8715,13.3968,212.2178,0,5.5488,0.6908,0.3063,0.0558,4.9196,0,0.5172,0,4.3655,20.1714,0.2161,98.039,0.3516,9.1549,274.8238,7.1963,26.4852,1.9716,78.3961,0.2446,0.1407,9.936,0.0644,319.635,188.46,383.9776,118.3206,12.4847,0,0.0006,0.0005,0.0723,5.4523,0.0553,1.7915,0.7987,0.0774,0.2025,2.3861,1.2755,0.5164,2.1063,0.1971,1.236,0.2849,0.6361,955.3373,0.1822,0.0368,0,0.8153,0.0644,0.0002,0.1354,0.5673,0,0,0,0.0302,0.0122,0.0017,453.6816,0.2335,0.4415,0,0.0083,62.5797,79.3701,0.0243,0.0001,0.8355,0.774,0,0.7055,0.0281,1.672,15.8221,10.9311,5.616,0.0031,0,1.739,170.5747,0.0182,2.2707,2.9441,6.0364,0.0094,69.3123,85.8151,0.0456,1.1075,47.7843,21.9046,6.1569,0.6491,0.1464,0.0003,0.0041,0.0039,1.0656,0.0358,53.6084,0.0001,246.696,2.038,173.7976,1142.4864,392.9702,0,34.4832,5.1594,0.0992,4.8626,0,0.1283,113.3803,4.9448,0.1406,28.0366,202.5962,52.4382,0.0008,1.3957,197.1645,0,33.8525,0.1187,96.3544,0,0,0.3204,0,1.3739,0,0.0189,0,0,0,0.1974
"Brazil",2625.946,989.8808,234.0036,522.0745,56.3176,528.3406,229.6094,97.8445,16.2855,3.185,8.9645,1378.8098,2.2285,6.007,2.5002,1738.3359,3.7555,236.3505,78.0898,208.2504,103.1008,128.2928,152.7629,1402.2888,4466.286,36.709,16.4095,778.9985,1423.7702,0,2249.6658,1719.1747,600.0621,179.51,404.1217,412.2236,169.703,7127.8943,895.6162,46.1475,1851.4897,0,0,1896.7717,253.5825,0,638.6277,7511.7528,297.5476,1507.4149,225.0368,488.6323,116.4358,2524.7925,0,50.2541,43.2615,19.8797,20.0703,154.2612,0,3.8641,0,424.7364,69.537,105.5891,97.3463,10.9296,63.9116,289.0981,11.2226,3.0793,6.5073,145.1368,716.06,93.1417,119.712,183.0779,295.9457,1559.1362,495.7335,279.7718,300.556,0,0.5728,2.2325,108.1668,82.2741,1.9318,119.2297,168.4613,217.8212,1.7292,103.1247,64.8216,3.2712,30.7914,61.4296,308.2287,21.0963,113.1962,7640.1686,41.8106,1.3062,17.9251,386.2145,33.0202,5.638,292.4961,73.6623,0.17,0.4578,9.5148,49.6508,60.5197,0.1947,1208.4823,107.9747,7.4202,22.1202,6.6593,906.1611,26.0686,0.0533,0.6475,3.365,34.1074,0.4103,33.0321,7.2771,422.2373,2174.634,228.6227,465.4903,113.6504,0,2376.2284,709.5961,741.4992,2382.3759,98.9954,288.9192,251.9876,1067.6883,211.9104,467.7767,711.5071,420.1568,413.0546,2361.8613,1186.4825,9.0685,1.2066,3.5442,5.2513,20.7918,209.8425,15604.965,3.8527,1144.3423,43.2111,3919.2357,3435.8425,141.4775,0.0044,110.5998,893.5213,18.2062,50.1101,13.1505,0.6659,294.1648,18.6839,1.0114,120.4395,485.7763,1098.6788,1.1769,135.539,61.5419,0,689.8614,6.645,22.3284,0.1814,0.1913,0.0993,0.0043,0.6099,0.7367,0.0044,0,0.0302,0,0.7553
"Bolivia",718.0897,216.3011,0.0174,3.3486,0.0225,3.4604,0.0012,0.7977,0.0122,0.0647,0,0,0,0.0002,0,187.6124,0.0007,1.0103,0.1899,0.4745,1.9664,2.3882,3.6705,118.2513,104.4474,0,0.0054,2.8596,5.0595,2249.6658,0,56.0883,145.141,363.8515,30.7026,34.5636,2.2623,119.5538,39.4098,0.0687,33.8269,0,0,40.5597,10.9608,0,1.5984,113.793,4.4815,10.1082,2.6506,3.7119,2.0814,134.7023,0,0.0286,0.0039,0.0295,0.0014,0.0655,0,9.0368,0,0.4846,0.403,0.0435,0.5629,0.0077,0.5679,0.0064,0.1113,0.1189,0.2469,0.3434,0.6313,0.0449,12.417,0,9.3972,91.0653,1.1364,7.1751,0.029,0,9,9,0,9,9.0001,0.0002,0.0709,9.0009,0,0.0372,0.0013,9,0.0001,0.0361,0.0159,0.0042,0.0307,0.0051,0.0001,0.0014,9.0087,0.0009,9.0017,0.0008,0.035,0,0,0,0,9,0.0627,9.0031,0.0024,0.0327,0.0061,0.0003,9.0008,5.9549,0.0406,0,0,0.1044,0.0152,0,0.0023,9.0071,0.0124,0.0948,2.6114,0.1623,0.0079,0,0.899,4.6369,0.0075,0.3403,0.1273,0.2475,0.0186,4.6343,0.6413,0,0.0076,0.0022,0.0071,9.3227,0.0002,9.0034,9.0005,9,9,0,1.1553,979.7376,9,43.5434,1.0365,200.1294,106.8952,82.7731,9,0.6715,0.3355,0.0036,1.3662,0,0,66.2886,9.5343,9.0161,5.6743,10.3009,45.3206,0.0417,2.7523,28.8171,0,10.5588,0.0074,0.9297,9,9,9,9,0,9,9.0008,0,0,0,9
"Paraguay",741.3353,6.0978,0.825,0.2256,0.2905,9.2076,0.157,1.9181,0.022,0.0544,0,0,0,9,9.0081,45.3652,3.8627,0.2985,0.0373,0.1234,5.6878,0.5641,8.3484,70.6909,68.1359,0,0.0124,8.5281,226.4575,1719.1747,56.0883,0,59.6994,1478.7527,61.1554,46.6028,4.4087,213.9536,11.8559,3.4273,80.814,0,0,60.7588,83.7459,0,24.4254,118.6523,2.3357,17.3959,1.7138,3.236,4.1078,146.1835,0,0.002,0.1201,0.0708,0.2249,0.0654,0,0,3.7846,41.6141,71.1144,0.0264,1.9941,0.0838,0.3783,683.6374,0.5403,0.0178,2.0578,9.8384,3.6804,0.0052,0.09,0,11.4962,52.578,1.7168,5.9273,0.0275,0,9,0,2.1393,0.557,9,1.8665,0.1796,0.0262,0.0002,0.553,9.333,0,0.7783,0,1.0607,0.1384,5.975,14.9466,7.3122,0,0,31.6936,3.0813,6.3967,18.118,4.7288,0,11.2567,9,9,0,0,38.9581,3.0558,0.3532,1.7392,0,0.1232,0.1182,0.0064,0,0,9.7244,0.0022,8.7976,9.09,1.1723,38.9979,60.6182,0.9388,9.1129,0,12.6737,129.5598,0,2.9273,0.5583,6.8058,0.0011,2.9665,1.6873,0,0.9548,0.1587,0.7478,87.3361,0.0298,0.1745,0,9.0083,0,0,6.7424,3241.3043,0.042,41.965,24.4537,174.3567,279.9484,73.638,0,9.7057,57.2469,0.0286,0.6297,0,0,62.2353,1.2516,0,48.1505,4.4532,75.166,0,1.2291,2.8597,0,4.1438,0,0.0388,0,0,9,0,0.1092,9,9,0,0,0,0.0301
"Chile",8497.059,816.8917,0.3037,25.0011,3.491,39.0509,8.1399,1427.8207,2.6312,0.3461,2.0118,0.7284,0.3742,0.9871,0.1407,954.7016,0.4188,16.9668,41.6707,2.3825,14.9562,262.4153,8.2575,1230.3717,561.3862,0.8042,1.902,1529.7552,702.9572,600.0621,145.141,59.6994,0,4272.1649,62.5886,42.4473,50.3583,2017.1517,747.4072,27.1803,357.9607,0,0,245.1649,579.2522,0,87.8991,1341.939,5.7869,136.4019,23.6733,61.7363,12.1264,836.5968,0,1.0459,0.0563,0.3535,0.0562,22.5049,0,1.7527,0,5.0899,210.1653,3.5136,10.2735,1.5722,24.289,432.1627,4.6994,3.9657,6.3066,59.4243,0.1517,0.7841,0.2571,0.404,175.4251,327.5929,38.5822,44.1464,34.411,0,9,0,0.9229,0,0.0776,0.5935,1.6308,2.0236,0.0012,2.8808,189.4114,0.217,2.784,0.0514,17.8741,0.0497,1.0858,107.6831,0.528,0.2571,0,8.3029,0.8729,0.1311,2.2171,1.1483,0.0022,0,0,0,0.1179,0,9.2974,4.5043,6.7209,0.1714,0.0792,58.9459,0.1036,0.2208,0.1966,0.0248,0.2135,9,0.9285,0.2423,9.9492,8.4729,5.707,5.865,0.5971,0,1.4406,248.8101,0.4414,28.7439,0.5366,4.7958,5.0895,64.9068,111.2583,54.8451,7.6499,116.2889,13.8226,107.3858,14.4045,0.0519,0.4252,0.1306,0.0658,0.0884,22.5057,6500.838,9.7222,1349.9724,14.03,2072.5117,6735.6463,1787.0915,0.0389,63.2763,11.3426,0.113,30.7928,0.2733,0.1984,362.8046,12.7276,1.5866,164.6756,0.4976,57.3217,0.0067,28.3134,13.3293,0,882.7485,0.2889,14.4777,0.0186,0,0,0,2.3895,0.5276,0,0,0,0,0.5165
