"","United States of America","Canada","Cuba","Haiti","Dominican Republic","Mexico","Guatemala","Honduras","El Salvador","Nicaragua","Costa Rica","Panama","Colombia","Venezuela","Ecuador","Peru","Brazil","Bolivia","Paraguay","Chile","Argentina","Uruguay","United Kingdom","Ireland","Netherlands","Belgium","Luxembourg","France","Switzerland","Spain","Portugal","Poland","Hungary","Czechoslovakia","Italy","Albania","Yugoslavia","Greece","Bulgaria","Romania","Russia","Finland","Sweden","Norway","Denmark","Iceland","Liberia","Ethiopia","South Africa","Libya","Iran","Turkey","Iraq","Egypt","Syria","Lebanon","Jordan","Israel","Saudi Arabia","Yemen Arab Republic","Afghanistan","China","Mongolia","Taiwan","North Korea","South Korea","Japan","India","Pakistan","Myanmar","Sri Lanka","Nepal","Thailand","Cambodia","Laos","Philippines","Indonesia","Australia","New Zealand"
"United States of America",0,941.8999,81.01,10.4,7.79,265.9,16.7,4.35,26.2,4.13,7.2,31.16,163.9,134.4,7.31,53.1,424.07,46.24,0,85.1,72.1,22.2,121.1,40.1,27.1,4.7939,0.2061,184.4,28.7,3.8,9.5,15,2,2,154.8,0,100.8,29.2,0,0,12,17.6,11,5.5,1.7,10.1,0,28.5,108,0,19,30.7,11.5,53.4,7.1,21.7,3,76.1,5,0,0,11,0,0,9,85,473.5,58.1,10.5,1.1,22.1,0,21,0,0,110.21,92,30.08,26.6
"Canada",941.8999,0,1.34,1.8,2.32,3.7,1.5,4.88,0.2,0.36,8.4,2.13,17.9,139.3,1.24,16.4,5.9,4.88,0.1,6.3,0.5,1.4,348.6,15.4,23.7,24.5447,1.0553,10,24.1,10.1,1.4,0.1,0,2.8,18.6,9,9.1,0.3,0,0.1,0.9,0.7,5.7,36.5,1.9,0.5,0,0.1,46.5,0,0.4,1.3,1.2,22.2,0.5,19.2,0.3,6.4,0.3,0,0,1.2,0,0,0,15,112.5,9.2,0.2,0.1,12.7,0,0.5,0,0,9.13,0.3,19.56,2.46
"Cuba",81.01,1.34,0,0.1,0,3.4,0.01,1.54,0.1,0.34,1.11,0.22,1.68,3.88,0.11,0.3,0.11,0.22,9.11,1.32,2.72,5.8,86.98,0.37,2.52,0.8341,0.0359,12.35,1.19,3.25,0.29,0.1,0,0.77,2.71,0,0,0.4,0,0,0.7,0.16,2.91,0.92,0.12,0.05,0,0,0.11,0,2.5,0,0,0.11,1.2,0.9,0,0,0,9,0,0,0,0,0,0,46.4,10.88,0,9,0.11,0,0.11,9,0,0,0.11,0,0.11
"Haiti",10.4,1.8,0.1,0,0.22,0.1,0,0,0,0,0,0,0.4,0,0,0,0,0,0,0,0,0,1.5,0,0.9,5.8485,0.2515,4.3,1.1,0,0,0,0.1,0.2,5.2,0,0,0,9,9,0,0,0.1,0.5,0.1,0,0,9,0,0,0,0,0,0,0.1,0,0,0,9,9,0,0,0,0,0,0,0,0.5,0,0,0,0,0,0,0,0,0,0,0
"Dominican Republic",7.79,2.32,0,0.22,0,0.55,0,0.6,0,0,0.1,0.01,0.1,0.47,0,0,0,0,0,0,0.11,0.1,22.3,0.6,2.26,0.3164,0.0136,0.39,0.56,0.42,0,0,0,0.33,0.7,9,0,0,0,0,0,0.11,1.11,0.11,0.22,0,0,9,0,0,0,0,0,0,9,0,0,0,0,0,0,0,9,0,0,0,0.99,1.32,0,0,3.7,0,0,0,9,0,0,0,0
"Mexico",265.9,3.7,3.4,0.1,0.55,0,3.3,0.99,1.2,0.66,0.7,0.23,1,2.1,0.11,0.4,0.44,0.11,0.1,0.2,0.4,0.1,11.7,0.3,0.3,13.4229,0.5771,5.2,2.8,0.6,2.1,0,0,0.5,5,0,0,0.4,0,0,0,0.5,5.9,0.8,0.6,0,0,0,0.1,0,0.9,0,0.1,0.1,9.1,0,0,0,0,9,9,0.2,0,0,9,0,81.6,3.1,0.1,0,0.4,9,0,9,9,0,0.2,3.59,0.5
"Guatemala",16.7,1.5,0.01,0,0,3.3,0,0.18,1.1,0,0,0.11,0.1,0.1,0,0.1,0,0,0,0,0,0,3.3,0,1.4,0.767,0.033,0.2,2.1,0,0,0,0.1,0.4,0.5,9,0,0,0,0,0,0.1,1.7,0.1,0.1,0,9,0,0,0,0,0.1,9,0,0,0,0,0,0,0,9,0,9,0,0,0.1,0.1,0.3,0,9,0,0,0,0,0,0,0,0,0
"Honduras",4.35,4.88,1.54,0,0.6,0.99,0.18,0,2.46,0.22,0.01,0,0.23,1,0,0.09,0,0,9,0,0,0,1.54,0,0.67,0.1534,0.0066,0.12,0.01,0.11,0,0,0.11,0.11,0.08,0,0,0,0,0,0,0,0.01,0,0,0,0,9,0,0,0,0,0,0,0,0,0,0,0,9,0,0,9,0,0,0,1.32,0.11,0,0,0,0,0,0,0,0,0,0,0
"El Salvador",26.2,0.2,0.1,0,0,1.2,1.1,2.46,0,0.12,0.1,0.08,0.2,0.3,0.11,0.4,0,0,0,0.2,0,0,1.6,0,3.6,0.9588,0.0412,0.7,0.3,0.1,0,0,0,0.1,1.3,0,0,0,0,0,0,0,0.3,0.1,0.3,0,0,0,0,0,0,0,0,0,0,0,0,0,0,9,0,0.1,0,0,0,0,0.5,0.1,0,0,0,0,0,0,0,0,0,0,0
"Nicaragua",4.13,0.36,0.34,0,0,0.66,0,0.22,0.12,0,0.12,0.77,0.11,2.4,0,2.89,0,0.11,0,0,0,0,1.06,0,1.57,0.5849,0.0251,0.22,0.12,0.01,0,0,0,0,0.37,9,0,0,0,0,0,0,0.79,0,0.44,0,0,0,0.1,0,0,0,0,0,0,0,0,0,0.1,9,0,0.11,0,0,0,0.9,2.49,0.11,0,0,0,0,0,0,0,0,0,0,0
"Costa Rica",7.2,8.4,1.11,0,0.1,0.7,0,0.01,0.1,0.12,0,0.17,0.6,0,0.1,0,0,0,0,0.1,0,0,5.3,7.2,0.9,0.9588,0.0412,0.5,1.9,0.3,0,0,0,0.1,0.6,0,0,0,0,0,0,0.1,0,0.1,0.1,0,0,0,0.1,0,0,0,0,0,0,0,0,0.1,0,9,9,0,9,0,0,0,1.4,0.5,0,0,0.5,0,0,9,0,0,0,0,0
"Panama",31.16,2.13,0.22,0,0.01,0.23,0.11,0,0.08,0.77,0.17,0,1.55,0.99,0.45,0.1,0.11,0.11,0,0.03,0.11,0,1.44,0,0.63,1.0547,0.0453,0.66,0.22,0.22,0,0,0,0,0.95,9,0,0,0,0,0,0,0.04,1.5,0.22,0,9,0,0,0,0,0,0,0,0,0.1,0,0,0,0,0,0,0,0,0,0,0.8,0.11,0,0,0,0,0,0,9,0.11,0,0,0.55
"Colombia",163.9,17.9,1.68,0.4,0.1,1,0.1,0.23,0.2,0.11,0.6,1.55,0,0.4,5.08,8.4,0.1,0.1,0,0.8,2.9,1.3,23.6,0,4.9,1.8217,0.0783,34.6,6.1,0.3,0.5,0,0,0.8,2,0,0,0,0,0,0,0.8,0.7,0.3,0.4,0,0,0,0.3,0,0,0,0,0,0,0,0,0,0,9,9,0,9,0,0,0.9,3.4,0,0,0,0,0,0,0,9,0.5,0.1,0.4,0
"Venezuela",134.4,139.3,3.88,0,0.47,2.1,0.1,1,0.3,2.4,0,0.99,0.4,0,0.1,0.3,102.15,0.1,0.1,0.7,46.9,8.3,32,0,11.2,8.629,0.371,4.2,8.4,18,1.4,0.3,0.1,1.2,7.8,9,0,0.1,0,0,0,0.6,16.2,7.6,3.4,0.5,0,0,5.1,0,0.1,0.2,0,0.9,0.1,0.1,0,5.6,0,9,9,0.1,0,0,0,0,11.5,0.6,0,0,0,0,0.1,0,0,5.7,0,2.33,1.87
"Ecuador",7.31,1.24,0.11,0,0,0.11,0,0,0.11,0,0.1,0.45,5.08,0.1,0,1.01,0.22,0.22,0,0.3,1.46,3,4.87,0,0.38,0.2109,0.0091,0.76,0.2,0.12,0,0,0,0.12,3.65,9,0,0,0,0,0,0.11,0.08,0.01,0.19,0,0,0,1.7,0,0,0,0,0,0.1,0.1,0,0,9,0,0,0,0,0,9,0,1.23,0.33,0,0,0.11,9,0,0,0,0.2,0,0,0
"Peru",53.1,16.4,0.3,0,0,0.4,0.1,0.09,0.4,2.89,0,0.1,8.4,0.3,1.01,0,0.34,10.35,0,13.9,7.5,2.1,0.4,0.5,2.1,0.767,0.033,4.5,0.5,0.2,0.5,0,0,0.3,0.4,0,0.3,0,0,0,0,0.7,3.2,0.7,1.3,0,0,0,0.4,0,0,0,0,0,0.1,0.1,0,0,0,0,0,0.1,0,0,0,0,11.2,4,0.1,0,0.2,0,0,0,0,0,0.2,0.01,0.6
"Brazil",424.07,5.9,0.11,0,0,0.44,0,0,0,0,0,0.11,0.1,102.15,0.22,0.34,0,1.1,0.1,2.06,114.51,8.78,27.42,2.1,4.01,21.0164,0.9036,39.23,1.11,1.66,4.09,0.49,0,0.12,12.79,9,1.2,3.51,0,0,0,17.35,6.38,8.17,1.77,0.63,0,0,5.9,0,0,8.09,0.8,2,0.5,0.8,0.3,0.1,0.1,0,9,0.9,9,0,0,0,26.89,0.1,0,0,0,0,0,0,9,0.3,0,2.75,0.11
"Bolivia",46.24,4.88,0.22,0,0,0.11,0,0,0,0.11,0,0.11,0.1,0.1,0.22,10.35,1.1,0,0.11,2.43,9.37,0.33,25.74,0,1.22,1.6107,0.0693,0.14,1.65,0.44,0,0,9,0.11,0.05,0,0,0.1,9,0,0,0,0.99,0.11,0.22,0,0,0,0,0,0,0,0,0,0,0.1,0,0,0,9,9,0,0,0,0,0,0.09,0.33,0,0,0,0,0,0,9,0,0,0.22,0
"Paraguay",0,0.1,9.11,0,0,0.1,0,9,0,0,0,0,0,0.1,0,0,0.1,0.11,0,0,2.1,2.4,1.3,0,0.8,0.4794,0.0206,0.1,0,0.7,0,0,0,0,0.2,0,0.4,0.1,0,0,0,0,1.2,0.4,0.2,9,0,0,0.2,9,0,0,9,0,9,9,0,0,0,0,0,0,0,0,0,0,0.1,0.2,9,9,0,0,0,0,9,0,0,0,9
"Chile",85.1,6.3,1.32,0,0,0.2,0,0,0.2,0,0.1,0.03,0.8,0.7,0.3,13.9,2.06,2.43,0,0,13.5,3.6,4.9,0.1,0.9,1.6299,0.0701,2.9,0.3,2.6,0.4,0,0,0.1,7.2,0,0,0.7,0,0,0,0.5,0.8,1.1,0.5,0,0,0,0.1,0,0,0,0,7.7,0.1,0.2,0,0.1,0,9,0,1.5,0,0,0,0,0.5,0.3,0.1,0,0,0,0,0,0,0,0,0.04,0.1
"Argentina",72.1,0.5,2.72,0,0.11,0.4,0,0,0,0,0,0.11,2.9,46.9,1.46,7.5,114.51,9.37,2.1,13.5,0,1,222.9,5.2,12.2,41.1315,1.7685,38.4,0.6,8.1,1.7,2.7,1.7,3.3,14.5,9,0.2,1.2,0,0.6,9.3,0.6,10.1,2.9,1.2,0,0,0,1.8,0,0.1,0,0,0.5,0.1,0.1,0,4.8,5.5,0,9,0,0,0,0,0,39.6,43.4,0,0,0,0,0,0,0,0.66,0,1.1,0.11
"Uruguay",22.2,1.4,5.8,0,0.1,0.1,0,0,0,0,0,0,1.3,8.3,3,2.1,8.78,0.33,2.4,3.6,1,0,61.1,0.6,9.5,10.4507,0.4493,1,11.5,2.2,0.1,0.2,0,0.2,9.2,0,0.1,0.2,0,0,0.2,0.3,5,0.8,0.9,0,0,9,0.3,0,0,1,0,0.5,9,0,0,0.7,0,9,9,0,9,0,0,0,13.3,3.1,0,9,0.3,9,0,0,0,0.22,0,0.56,0.1
"United Kingdom",121.1,348.6,86.98,1.5,22.3,11.7,3.3,1.54,1.6,1.06,5.3,1.44,23.6,32,4.87,0.4,27.42,25.74,1.3,4.9,222.9,61.1,0,34.5,28,41.1316,1.7685,67.2,15.7,40,21.2,44.5,3.4,15.7,66.8,0,0.6,13.3,0.2,3.9,77.3,77.7,66.8,82.5,76,4,0,3.2,242.1,0,5.8,51.4,108.3,7,2.8,14.1,8.5,12.2,10.4,0,0,11.1,0,0,0,2.2,23.1,20.5,28.4,24.5,9.6,0,37.5,0,0,1.58,34.1,151.06,190.95
"Ireland",40.1,15.4,0.37,0,0.6,0.3,0,0,0,0,7.2,0,0,0,0,0.5,2.1,0,0,0.1,5.2,0.6,34.5,0,22.6,6.8073,0.2927,8.2,3.3,5.1,2.1,0,0,0.5,5.2,0,0,1.3,0,0,0.8,5.2,10,1,3.9,0.4,0,0,1.8,0,0,1.1,0,0.3,0,0.1,0,0.5,0,0,0,0.8,0,0,0,0,2.3,8,1.4,0.1,0.7,9,0,0,0,0.6,0.5,13.16,7.49
"Netherlands",27.1,23.7,2.52,0.9,2.26,0.3,1.4,0.67,3.6,1.57,0.9,0.63,4.9,11.2,0.38,2.1,4.01,1.22,0.8,0.9,12.2,9.5,28,22.6,0,66.635,2.865,1.2,18.7,0.8,4.3,0.4,3.6,1.4,20.3,0,9.1,4,0.6,1.5,8.6,0.9,6.4,22.4,53.2,1.6,0,0.2,6,0,1,13.7,8.6,7.7,1.2,38.8,0.8,3.4,4.9,0,0,11.2,0,0,0,0.8,9.1,13.5,0.4,4.1,5.2,0,5.7,0,0,4.13,40.1,3.35,2.48
"Belgium",4.7939,24.5447,0.8341,5.8485,0.3164,13.4229,0.767,0.1534,0.9588,0.5849,0.9588,1.0547,1.8217,8.629,0.2109,0.767,21.0164,1.6107,0.4794,1.6299,41.1315,10.4507,41.1316,6.8073,66.635,0,0,100.9592,6.8073,0.5753,25.7911,11.5053,3.3557,2.2052,36.4335,0,9.8754,12.9435,0.0959,9.9713,0.1918,2.0134,1.3423,17.5456,29.6262,1.4382,0,1.0547,8.629,0,9.8754,19.4632,15.7239,3.6434,0.9588,5.8485,0.5753,10.8342,0.1918,0,0,5.5609,9,0,0,2.7805,1.6299,0.3835,12.7517,0.1918,0.2876,0,4.0269,0,0,2.0805,15.8198,58.1882,5.5513
"Luxembourg",0.2061,1.0553,0.0359,0.2515,0.0136,0.5771,0.033,0.0066,0.0412,0.0251,0.0412,0.0453,0.0783,0.371,0.0091,0.033,0.9036,0.0693,0.0206,0.0701,1.7685,0.4493,1.7685,0.2927,2.865,0,0,4.3408,0.2927,0.0247,1.1089,0.4947,0.1443,0.0948,1.5665,0,0.4246,0.5565,0.0041,0.4287,0.0082,0.0866,0.0577,0.7544,1.2738,0.0618,0,0.0453,0.371,0,0.4246,0.8368,0.6761,0.1566,0.0412,0.2515,0.0247,0.4658,0.0082,0,0,0.2391,9,0,0,0.1195,0.0701,0.0165,0.5483,0.0082,0.0124,0,0.1731,0,0,0.0895,0.6802,2.5018,0.2387
"France",184.4,10,12.35,4.3,0.39,5.2,0.2,0.12,0.7,0.22,0.5,0.66,34.6,4.2,0.76,4.5,39.23,0.14,0.1,2.9,38.4,1,67.2,8.2,1.2,100.9592,4.3408,0,48.3,13.8,9.3,4.1,1.3,2.3,62.1,0,21.4,14.3,0.8,6.9,0.8,0.4,3.9,10.4,16.4,0.4,0,0.6,28,0,1,12.9,187.4,7.4,3.2,8.2,2.1,4.4,67.4,0,0,1.3,0,0,0,0,11.9,7.1,31.3,0.4,1.8,0,4,0,0,0.79,6.4,154.4,50.15
"Switzerland",28.7,24.1,1.19,1.1,0.56,2.8,2.1,0.01,0.3,0.12,1.9,0.22,6.1,8.4,0.2,0.5,1.11,1.65,0,0.3,0.6,11.5,15.7,3.3,18.7,6.8073,0.2927,48.3,0,2.4,8,0.6,1.7,3.5,5.7,0,0.1,1.1,0.3,2.1,1.2,5.6,14,7.4,7.2,0.3,0,1.4,5.1,0,0.3,7.4,1.2,1,1.1,3.1,0.2,7.3,1.1,0,0,10.3,0,0,0,0,0.7,14.5,1.5,0.8,0.7,0,4.5,0,0,4.23,0.7,11.57,3.38
"Spain",3.8,10.1,3.25,0,0.42,0.6,0,0.11,0.1,0.01,0.3,0.22,0.3,18,0.12,0.2,1.66,0.44,0.7,2.6,8.1,2.2,40,5.1,0.8,0.5753,0.0247,13.8,2.4,0,1.1,0,0,0,7.9,0,0,0.9,0,0,0,0.1,8.3,4.2,3.3,0.5,0,0,2,0,1.1,9,0.8,11.8,0.6,0.3,0.1,3.2,47.3,0,0,0,0,0,0,0,11.8,0,9.6,0.1,0.3,0,0,0,0,2.91,1.9,0.06,0.28
"Portugal",9.5,1.4,0.29,0,0,2.1,0,0,0,0,0,0,0.5,1.4,0,0.5,4.09,0,0,0.4,1.7,0.1,21.2,2.1,4.3,25.7911,1.1089,9.3,8,1.1,0,0.2,0.1,0.1,0,0,0,0.3,0,0.2,4.5,0.4,2.4,1.5,2.7,2.1,0,0,0.3,0,0.1,0.4,0.5,0.6,0.1,0.1,0,1.5,14.9,0,0,0.1,0,0,0,0,2.8,0.9,0.7,0,0,9,0.1,0,0,0.11,0.2,1.03,0.13
"Poland",15,0.1,0.1,0,0,0,0,0,0,0,0,0,0,0.3,0,0,0.49,0,0,0,2.7,0.2,44.5,0,0.4,11.5053,0.4947,4.1,0.6,0,0.2,0,0,9,6.6,0,0,0.2,0,0,0,24.4,0.1,2.7,9.5,0.9,0,0,2,0,0,0.1,0.1,1.1,0.8,0.3,0.1,0.3,0,9,0,0,0,0,0,0,0,0.1,2.6,0,0.6,0,0,0,9,0,4,11.39,10.1
"Hungary",2,0,0,0.1,0,0,0.1,0.11,0,0,0,0,0,0.1,0,0,0,9,0,0,1.7,0,3.4,0,3.6,3.3557,0.1443,1.3,1.7,0,0.1,0,0,9,2.6,0,0,0.5,0,0,0,0.8,0.3,0.1,0.4,0.1,0,0,10,0,0,0.1,0.5,2.5,0.8,0.3,0.3,0,0,9,0,0,0,0,0,0,0.1,0.1,0.3,0,0.1,0,0,9,0,9,1.4,0.35,0
"Czechoslovakia",2,2.8,0.77,0.2,0.33,0.5,0.4,0.11,0.1,0,0.1,0,0.8,1.2,0.12,0.3,0.12,0.11,0,0.1,3.3,0.2,15.7,0.5,1.4,2.2052,0.0948,2.3,3.5,0,0.1,9,9,0,1.6,9,0,0.6,9,9,9,13.6,4.3,2.9,0.5,0.7,0,0,3,0,9,3.5,1.8,0.2,1.1,0.9,0.4,0.1,9,0,0,9,0,0,0,0,0,3.1,0.4,0,0.2,0,9,0,9,0,2.6,6.64,0.36
"Italy",154.8,18.6,2.71,5.2,0.7,5,0.5,0.08,1.3,0.37,0.6,0.95,2,7.8,3.65,0.4,12.79,0.05,0.2,7.2,14.5,9.2,66.8,5.2,20.3,36.4335,1.5665,62.1,5.7,7.9,0,6.6,2.6,1.6,0,0.1,2.5,35.3,0.6,0.3,14,1,4.8,4.2,16.4,2.3,0,2.6,24.1,0,0.6,19,106.6,6.9,0.7,1.2,2,7,80.2,0,0,2.7,0,0,0,4.5,2.6,25.9,12,2.3,1.9,9,4.2,0,0,0.82,3.8,96.05,15.76
"Albania",0,9,0,0,9,0,9,0,0,9,0,9,0,9,9,0,9,0,0,0,9,0,0,0,0,0,0,0,0,0,0,0,0,9,0.1,0,0,0,0,0,0,0,0,0,0,0,0,0,0,9,0,0,0,0,0,0,0,0,0,0,0,0,0,0,0,0,0,9,0,0,0,0,0,0,9,0,0,0,9
"Yugoslavia",100.8,9.1,0,0,0,0,0,0,0,0,0,0,0,0,0,0.3,1.2,0,0.4,0,0.2,0.1,0.6,0,9.1,9.8754,0.4246,21.4,0.1,0,0,0,0,0,2.5,0,0,4,0,0,0,0.1,4.6,0.7,0.4,0,0,0.1,0.8,0,0.1,12.7,8.5,0.8,0.5,0.2,0.3,1.9,0.2,0,0,0,0,0,0,0,0,0,0.6,0,0,0,0.1,0,0,0,0,1.7,0
"Greece",29.2,0.3,0.4,0,0,0.4,0,0,0,0,0,0,0,0.1,0,0,3.51,0.1,0.1,0.7,1.2,0.2,13.3,1.3,4,12.9435,0.5565,14.3,1.1,0.9,0.3,0.2,0.5,0.6,35.3,0,4,0,0.1,0.2,1.7,0.7,8,1.2,1.7,0.9,0,1.2,0.6,0,0,5.4,0.3,2.5,0.7,0.2,0.6,0.1,0.6,0,0,0,0,0,0,0,4.2,0.9,1.4,0,0.1,0,0,0,0,0,0.1,1.79,1.1
"Bulgaria",0,0,0,9,0,0,0,0,0,0,0,0,0,0,0,0,0,9,0,0,0,0,0.2,0,0.6,0.0959,0.0041,0.8,0.3,0,0,0,0,9,0.6,0,0,0.1,0,0,0,0.4,0,0.1,0.1,0,0,0.2,0,0,0,0.7,0,0.4,0.1,0.1,0,0.5,0,9,0,0,0,0,0,0,0,0,0.7,0,0,0,0,0,9,9,0,0,0
"Romania",0,0.1,0,9,0,0,0,0,0,0,0,0,0,0,0,0,0,0,0,0,0.6,0,3.9,0,1.5,9.9713,0.4287,6.9,2.1,0,0.2,0,0,9,0.3,0,0,0.2,0,0,0,19.4,2.3,0.1,0.3,0,0,0,0,0,0,0.2,0.1,1.5,1.8,0.9,0.1,0.3,0,0,0,0,0,0,0,0,0,0,0,0,0,0,0,0,0,0,0,0.5,0.1
"Russia",12,0.9,0.7,0,0,0,0,0,0,0,0,0,0,0,0,0,0,0,0,0,9.3,0.2,77.3,0.8,8.6,0.1918,0.0082,0.8,1.2,0,4.5,0,0,9,14,0,0,1.7,0,0,0,55.9,11.8,1.8,12.4,3.9,0,0,0,0,0,2.3,0.1,0.3,0.1,0,9,1,0,0,0,0,0,0,0,0,2.1,0.2,7.3,0,0,0,0,0,9,0,0,31.33,0.11
"Finland",17.6,0.7,0.16,0,0.11,0.5,0.1,0,0,0,0.1,0,0.8,0.6,0.11,0.7,17.35,0,0,0.5,0.6,0.3,77.7,5.2,0.9,2.0134,0.0866,0.4,5.6,0.1,0.4,24.4,0.8,13.6,1,0,0.1,0.7,0.4,19.4,55.9,0,7.8,2.5,5.2,0.8,0,0,1.6,0,0.1,3.8,0.2,5.6,0.8,0.6,0.2,2.5,0.1,0,0,3.9,9,0,0,0.1,1.7,3.5,0.3,0.1,0.5,9,0.3,0,0,0.11,0.1,0.41,1.08
"Sweden",11,5.7,2.91,0.1,1.11,5.9,1.7,0.01,0.3,0.79,0,0.04,0.7,16.2,0.08,3.2,6.38,0.99,1.2,0.8,10.1,5,66.8,10,6.4,1.3423,0.0577,3.9,14,8.3,2.4,0.1,0.3,4.3,4.8,0,4.6,8,0,2.3,11.8,7.8,0,63.4,43.9,0.1,0,0.3,7.5,0,0.1,7.5,0.5,8.2,1.2,1.3,0.4,3.8,5.2,0,0,1.1,0,0,0,0.2,0.3,8.8,3,0.1,1.5,9,2.9,0,0,1.13,5.3,8.34,4.25
"Norway",5.5,36.5,0.92,0.5,0.11,0.8,0.1,0,0.1,0,0.1,1.5,0.3,7.6,0.01,0.7,8.17,0.11,0.4,1.1,2.9,0.8,82.5,1,22.4,17.5456,0.7544,10.4,7.4,4.2,1.5,2.7,0.1,2.9,4.2,0,0.7,1.2,0.1,0.1,1.8,2.5,63.4,0,7,0.6,0,0.2,1.6,0,0.1,0.1,0.4,4.8,0.2,0.1,0,0.1,0.1,0,0,2.7,0,0,0,3.9,1.3,4.6,0.9,0.7,0.2,9,0.5,0,0,1.59,2.6,2.78,1.01
"Denmark",1.7,1.9,0.12,0.1,0.22,0.6,0.1,0,0.3,0.44,0.1,0.22,0.4,3.4,0.19,1.3,1.77,0.22,0.2,0.5,1.2,0.9,76,3.9,53.2,29.6262,1.2738,16.4,7.2,3.3,2.7,9.5,0.4,0.5,16.4,0,0.4,1.7,0.1,0.3,12.4,5.2,43.9,7,0,4,0,0,0.6,0,0.1,4.4,0.9,1.2,0.5,0.5,0.1,0.8,0,0,0,1.7,0,0,0,0,0.5,1.9,0.1,1,0.1,0,2.6,0,0,0.99,1.7,0.71,0.48
"Iceland",10.1,0.5,0.05,0,0,0,0,0,0,0,0,0,0,0.5,0,0,0.63,0,9,0,0,0,4,0.4,1.6,1.4382,0.0618,0.4,0.3,0.5,2.1,0.9,0.1,0.7,2.3,0,0,0.9,0,0,3.9,0.8,0.1,0.6,4,0,0,0,0,0,0,0,0,0.1,0,0,0,0.3,0,0,0,0,9,0,0,0,0,0,0,0,0,0,0,0,0,0.1,0,0,0
"Liberia",0,0,0,0,0,0,9,0,0,0,0,9,0,0,0,0,0,0,0,0,0,0,0,0,0,0,0,0,0,0,0,0,0,0,0,0,0,0,0,0,0,0,0,0,0,0,0,0,0,0,0,0,9,0,0,0,0,0,0,0,0,0,0,0,0,0,0,0,0,0,0,0,0,0,0,0,0,0,0
"Ethiopia",28.5,0.1,0,9,9,0,0,9,0,0,0,0,0,0,0,0,0,0,0,0,0,9,3.2,0,0.2,1.0547,0.0453,0.6,1.4,0,0,0,0,0,2.6,0,0.1,1.2,0.2,0,0,0,0.3,0.2,0,0,0,0,0.1,0,0.6,0,0.1,0.1,0,0.5,0.3,0.6,0.5,18.8,0,0.1,0,0,0,0,3.2,8.5,0,0,1.5,9,0,9,0,0,0,0.01,0.11
"South Africa",108,46.5,0.11,0,0,0.1,0,0,0,0.1,0.1,0,0.3,5.1,1.7,0.4,5.9,0,0.2,0.1,1.8,0.3,242.1,1.8,6,8.629,0.371,28,5.1,2,0.3,2,10,3,24.1,0,0.8,0.6,0,0,0,1.6,7.5,1.6,0.6,0,0,0.1,0,9,0,1.7,0,1.2,9.4,0.5,0,2.9,28,0,0,0,0,0,0,0,8.6,3.1,2.5,0.3,12.7,0,0.3,9,0,0.76,1.7,1.99,1.7
"Libya",0,0,0,0,0,0,0,0,0,0,0,0,0,0,0,0,0,0,9,0,0,0,0,0,0,0,0,0,0,0,0,0,0,0,0,9,0,0,0,0,0,0,0,0,0,0,0,0,9,0,0,0,0,0,0,0,0,0,0,0,9,0,0,0,0,0,0,0,0,0,0,0,0,0,0,0,0,0,0
"Iran",19,0.4,2.5,0,0,0.9,0,0,0,0,0,0,0,0.1,0,0,0,0,0,0,0.1,0,5.8,0,1,9.8754,0.4246,1,0.3,1.1,0.1,0,0,9,0.6,0,0.1,0,0,0,0,0.1,0.1,0.1,0.1,0,0,0.6,0,0,0,0.1,1.4,0.2,0.8,0.9,0,0.1,0,9,0,0,0,0,0,0,0.3,0,6.7,0.1,0.3,0,0,0,0,9.68,1.3,0.16,0
"Turkey",30.7,1.3,0,0,0,0,0.1,0,0,0,0,0,0,0.2,0,0,8.09,0,0,0,0,1,51.4,1.1,13.7,19.4632,0.8368,12.9,7.4,9,0.4,0.1,0.1,3.5,19,0,12.7,5.4,0.7,0.2,2.3,3.8,7.5,0.1,4.4,0,0,0,1.7,0,0.1,0,0.5,5.5,2.8,0.8,0.2,3.6,15.9,0,9,0,0,0,0,0,3.8,2.9,0.2,0,0.9,0,0,0,0,0,0.4,6.99,0.11
"Iraq",11.5,1.2,0,0,0,0.1,9,0,0,0,0,0,0,0,0,0,0.8,0,9,0,0,0,108.3,0,8.6,15.7239,0.6761,187.4,1.2,0.8,0.5,0.1,0.5,1.8,106.6,0,8.5,0.3,0,0.1,0.1,0.2,0.5,0.4,0.9,0,9,0.1,0,0,1.4,0.5,0,1.7,0.5,6,2.1,0,1.4,0,0,2.7,0,0,0,0,11.4,1.2,0.8,0.2,10.7,0,0.6,0,9,0.1,8.8,0.05,0.22
"Egypt",53.4,22.2,0.11,0,0,0.1,0,0,0,0,0,0,0,0.9,0,0,2,0,0,7.7,0.5,0.5,7,0.3,7.7,3.6434,0.1566,7.4,1,11.8,0.6,1.1,2.5,0.2,6.9,0,0.8,2.5,0.4,1.5,0.3,5.6,8.2,4.8,1.2,0.1,0,0.1,1.2,0,0.2,5.5,1.7,0,1.4,0.9,0.2,0,10,0,0,9.8,0,0,0,0,20.2,35.2,0.6,1.1,10.8,0,0.7,0,0,0,1.4,0.13,0.4
"Syria",7.1,0.5,1.2,0.1,9,9.1,0,0,0,0,0,0,0,0.1,0.1,0.1,0.5,0,9,0.1,0.1,9,2.8,0,1.2,0.9588,0.0412,3.2,1.1,0.6,0.1,0.8,0.8,1.1,0.7,0,0.5,0.7,0.1,1.8,0.1,0.8,1.2,0.2,0.5,0,0,0,9.4,0,0.8,2.8,0.5,1.4,0,26.6,7.9,9,2.1,0,9,0,0,0,0,0,0.3,3,0,9,0.9,0,0,0,9,0.2,0.1,0.01,0
"Lebanon",21.7,19.2,0.9,0,0,0,0,0,0,0,0,0.1,0,0.1,0.1,0.1,0.8,0.1,9,0.2,0.1,0,14.1,0.1,38.8,5.8485,0.2515,8.2,3.1,0.3,0.1,0.3,0.3,0.9,1.2,0,0.2,0.2,0.1,0.9,0,0.6,1.3,0.1,0.5,0,0,0.5,0.5,0,0.9,0.8,6,0.9,26.6,0,11.6,0,1,0,0,0,0,0,9,0,0.4,0.4,0.1,0.1,0.4,0,0,0,9,0.1,0,0,0.2
"Jordan",3,0.3,0,0,0,0,0,0,0,0,0,0,0,0,0,0,0.3,0,0,0,0,0,8.5,0,0.8,0.5753,0.0247,2.1,0.2,0.1,0,0.1,0.3,0.4,2,0,0.3,0.6,0,0.1,9,0.2,0.4,0,0.1,0,0,0.3,0,0,0,0.2,2.1,0.2,7.9,11.6,0,0,1,0,0,0,0,0,0,0,1,0.3,0,0,0.7,0,0,0,0,0,0,0,0
"Israel",76.1,6.4,0,0,0,0,0,0,0,0,0.1,0,0,5.6,0,0,0.1,0,0,0.1,4.8,0.7,12.2,0.5,3.4,10.8342,0.4658,4.4,7.3,3.2,1.5,0.3,0,0.1,7,0,1.9,0.1,0.5,0.3,1,2.5,3.8,0.1,0.8,0.3,0,0.6,2.9,0,0.1,3.6,0,0,9,0,0,0,0,0,0,0.1,0,0,0,0,0.2,0.1,3.1,0,0.1,0,0,0,0,0,0,0.29,0.1
"Saudi Arabia",5,0.3,0,9,0,0,0,0,0,0.1,0,0,0,0,9,0,0.1,0,0,0,5.5,0,10.4,0,4.9,0.1918,0.0082,67.4,1.1,47.3,14.9,0,0,9,80.2,0,0.2,0.6,0,0,0,0.1,5.2,0.1,0,0,0,0.5,28,0,0,15.9,1.4,10,2.1,1,1,0,0,0,0,0,0,0,0,0,95.6,21,3.6,3,1.8,0,0,0,0,7.05,0,17.99,1.56
"Yemen Arab Republic",0,0,9,9,0,9,0,9,9,9,9,0,9,9,0,0,0,9,0,9,0,9,0,0,0,0,0,0,0,0,0,9,9,0,0,0,0,0,9,0,0,0,0,0,0,0,0,18.8,0,0,9,0,0,0,0,0,0,0,0,0,0,0,0,0,0,0,0,0,0,0,0,0,0,9,9,0,9,0,0
"Afghanistan",0,0,0,0,0,9,9,0,0,0,9,0,9,9,0,0,9,9,0,0,9,9,0,0,0,0,0,0,0,0,0,0,0,0,0,0,0,0,0,0,0,0,0,0,0,0,0,0,0,9,0,9,0,0,9,0,0,0,0,0,0,0,0,0,0,0,0,0,0,0,0,0,0,0,0,0,0,0,0
"China",11,1.2,0,0,0,0.2,0,0,0.1,0.11,0,0,0,0.1,0,0.1,0.9,0,0,1.5,0,0,11.1,0.8,11.2,5.5609,0.2391,1.3,10.3,0,0.1,0,0,9,2.7,0,0,0,0,0,0,3.9,1.1,2.7,1.7,0,0,0.1,0,0,0,0,2.7,9.8,0,0,0,0.1,0,0,0,0,0,0,0,0,25.2,0.6,3.9,0.2,6.9,0,0,0,0,0.28,2.1,0.17,0.55
"Mongolia",0,0,0,0,9,0,9,9,0,0,9,0,9,0,0,0,9,0,0,0,0,9,0,0,0,9,9,0,0,0,0,0,0,0,0,0,0,0,0,0,0,9,0,0,0,9,0,0,0,0,0,0,0,0,0,0,0,0,0,0,0,0,0,0,0,0,0,9,0,9,0,0,0,0,0,0,0,0,9
"Taiwan",0,0,0,0,0,0,0,0,0,0,0,0,0,0,0,0,0,0,0,0,0,0,0,0,0,0,0,0,0,0,0,0,0,0,0,0,0,0,0,0,0,0,0,0,0,0,0,0,0,0,0,0,0,0,0,0,0,0,0,0,0,0,0,0,0,0,0,0,0,0,0,0,0,0,0,0,0,0,0
"North Korea",9,0,0,0,0,9,0,0,0,0,0,0,0,0,9,0,0,0,0,0,0,0,0,0,0,0,0,0,0,0,0,0,0,0,0,0,0,0,0,0,0,0,0,0,0,0,0,0,0,0,0,0,0,0,0,9,0,0,0,0,0,0,0,0,0,0,0,0,0,0,0,0,0,0,9,0,0,0,9
"South Korea",85,15,0,0,0,0,0.1,0,0,0.9,0,0,0.9,0,0,0,0,0,0,0,0,0,2.2,0,0.8,2.7805,0.1195,0,0,0,0,0,0,0,4.5,0,0,0,0,0,0,0.1,0.2,3.9,0,0,0,0,0,0,0,0,0,0,0,0,0,0,0,0,0,0,0,0,0,0,98.3,1.4,0,0,0,0,0,0,0,1.5,0,13.5,0.1
"Japan",473.5,112.5,46.4,0,0.99,81.6,0.1,1.32,0.5,2.49,1.4,0.8,3.4,11.5,1.23,11.2,26.89,0.09,0.1,0.5,39.6,13.3,23.1,2.3,9.1,1.6299,0.0701,11.9,0.7,11.8,2.8,0,0.1,0,2.6,0,0,4.2,0,0,2.1,1.7,0.3,1.3,0.5,0,0,3.2,8.6,0,0.3,3.8,11.4,20.2,0.3,0.4,1,0.2,95.6,0,0,25.2,0,0,0,98.3,0,49,90,20.9,12.4,0,32.1,0,0,40.59,78.3,164.38,8.6
"India",58.1,9.2,10.88,0.5,1.32,3.1,0.3,0.11,0.1,0.11,0.5,0.11,0,0.6,0.33,4,0.1,0.33,0.2,0.3,43.4,3.1,20.5,8,13.5,0.3835,0.0165,7.1,14.5,0,0.9,0.1,0.1,3.1,25.9,9,0,0.9,0,0,0.2,3.5,8.8,4.6,1.9,0,0,8.5,3.1,0,0,2.9,1.2,35.2,3,0.4,0.3,0.1,21,0,0,0.6,9,0,0,1.4,49,0,23.5,7.5,32,0,4.8,0,0,1.81,16.9,17.89,3.1
"Pakistan",10.5,0.2,0,0,0,0.1,0,0,0,0,0,0,0,0,0,0.1,0,0,9,0.1,0,0,28.4,1.4,0.4,12.7517,0.5483,31.3,1.5,9.6,0.7,2.6,0.3,0.4,12,0,0.6,1.4,0.7,0,7.3,0.3,3,0.9,0.1,0,0,0,2.5,0,6.7,0.2,0.8,0.6,0,0.1,0,3.1,3.6,0,0,3.9,0,0,0,0,90,23.5,0,0.1,0.4,0,0.1,0,0,0.22,0.1,4.7,0.01
"Myanmar",1.1,0.1,9,0,0,0,9,0,0,0,0,0,0,0,0,0,0,0,9,0,0,9,24.5,0.1,4.1,0.1918,0.0082,0.4,0.8,0.1,0,0,0,0,2.3,0,0,0,0,0,0,0.1,0.1,0.7,1,0,0,0,0.3,0,0.1,0,0.2,1.1,9,0.1,0,0,3,0,0,0.2,9,0,0,0,20.9,7.5,0.1,0,27,0,0.3,0,0,0,43.8,4.4,0.1
"Sri Lanka",22.1,12.7,0.11,0,3.7,0.4,0,0,0,0,0.5,0,0,0,0.11,0.2,0,0,0,0,0,0.3,9.6,0.7,5.2,0.2876,0.0124,1.8,0.7,0.3,0,0.6,0.1,0.2,1.9,0,0,0.1,0,0,0,0.5,1.5,0.2,0.1,0,0,1.5,12.7,0,0.3,0.9,10.7,10.8,0.9,0.4,0.7,0.1,1.8,0,0,6.9,0,0,0,0,12.4,32,0.4,27,0,0,1.3,0,9,0.66,0.5,6.68,5.84
"Nepal",0,0,0,0,0,9,0,0,0,0,0,0,0,0,9,0,0,0,0,0,0,9,0,9,0,0,0,0,0,0,9,0,0,0,9,0,0,0,0,0,0,9,9,9,0,0,0,9,0,0,0,0,0,0,0,0,0,0,0,0,0,0,0,0,0,0,0,0,0,0,0,0,0,0,0,0,0,0,0
"Thailand",21,0.5,0.11,0,0,0,0,0,0,0,0,0,0,0.1,0,0,0,0,0,0,0,0,37.5,0,5.7,4.0269,0.1731,4,4.5,0,0.1,0,0,9,4.2,0,0.1,0,0,0,0,0.3,2.9,0.5,2.6,0,0,0,0.3,0,0,0,0.6,0.7,0,0,0,0,0,0,0,0,0,0,0,0,32.1,4.8,0.1,0.3,1.3,0,0,0,0,0.2,9.2,4.09,0.11
"Cambodia",0,0,9,0,0,9,0,0,0,0,9,0,0,0,0,0,0,0,0,0,0,0,0,0,0,0,0,0,0,0,0,0,9,0,0,0,0,0,0,0,0,0,0,0,0,0,0,9,9,0,0,0,0,0,0,0,0,0,0,9,0,0,0,0,0,0,0,0,0,0,0,0,0,0,0,0,0,0,0
"Laos",0,0,0,0,9,9,0,0,0,0,0,9,9,0,0,0,9,9,9,0,0,0,0,0,0,0,0,0,0,0,0,9,0,9,0,9,0,0,9,0,9,0,0,0,0,0,0,0,0,0,0,0,9,0,9,9,0,0,0,9,0,0,0,0,9,0,0,0,0,0,9,0,0,0,0,0,0,0,0
"Philippines",110.21,9.13,0,0,0,0,0,0,0,0,0,0.11,0.5,5.7,0.2,0,0.3,0,0,0,0.66,0.22,1.58,0.6,4.13,2.0805,0.0895,0.79,4.23,2.91,0.11,0,9,0,0.82,0,0,0,9,0,0,0.11,1.13,1.59,0.99,0.1,0,0,0.76,0,9.68,0,0.1,0,0.2,0.1,0,0,7.05,0,0,0.28,0,0,0,1.5,40.59,1.81,0.22,0,0.66,0,0.2,0,0,0,10,1.21,0.1
"Indonesia",92,0.3,0.11,0,0,0.2,0,0,0,0,0,0,0.1,0,0,0.2,0,0,0,0,0,0,34.1,0.5,40.1,15.8198,0.6802,6.4,0.7,1.9,0.2,4,1.4,2.6,3.8,0,0,0.1,0,0,0,0.1,5.3,2.6,1.7,0,0,0,1.7,0,1.3,0.4,8.8,1.4,0.1,0,0,0,0,9,0,2.1,0,0,0,0,78.3,16.9,0.1,43.8,0.5,0,9.2,0,0,10,0,33.23,8.36
"Australia",30.08,19.56,0,0,0,3.59,0,0,0,0,0,0,0.4,2.33,0,0.01,2.75,0.22,0,0.04,1.1,0.56,151.06,13.16,3.35,58.1882,2.5018,154.4,11.57,0.06,1.03,11.39,0.35,6.64,96.05,0,1.7,1.79,0,0.5,31.33,0.41,8.34,2.78,0.71,0,0,0.01,1.99,0,0.16,6.99,0.05,0.13,0.01,0,0,0.29,17.99,0,0,0.17,0,0,0,13.5,164.38,17.89,4.7,4.4,6.68,0,4.09,0,0,1.21,33.23,0,59.62
"New Zealand",26.6,2.46,0.11,0,0,0.5,0,0,0,0,0,0.55,0,1.87,0,0.6,0.11,0,9,0.1,0.11,0.1,190.95,7.49,2.48,5.5513,0.2387,50.15,3.38,0.28,0.13,10.1,0,0.36,15.76,9,0,1.1,0,0.1,0.11,1.08,4.25,1.01,0.48,0,0,0.11,1.7,0,0,0.11,0.22,0.4,0,0.2,0,0.1,1.56,0,0,0.55,9,0,9,0.1,8.6,3.1,0.01,0.1,5.84,0,0.11,0,0,0.1,8.36,59.62,0
