"","United States of America","Canada","Cuba","Haiti","Dominican Republic","Mexico","Guatemala","Honduras","El Salvador","Nicaragua","Costa Rica","Panama","Colombia","Venezuela","Ecuador","Peru","Brazil","Bolivia","Paraguay","Chile","Argentina","Uruguay","United Kingdom","Ireland","Netherlands","Belgium","Luxembourg","France","Switzerland","Spain","Portugal","German Federal Republic","German Democratic Republic","Poland","Austria","Hungary","Czechoslovakia","Italy","Albania","Yugoslavia","Greece","Bulgaria","Romania","Russia","Finland","Sweden","Norway","Denmark","Iceland","Liberia","Ethiopia","South Africa","Morocco","Tunisia","Libya","Sudan","Iran","Turkey","Iraq","Egypt","Syria","Lebanon","Jordan","Israel","Saudi Arabia","Yemen Arab Republic","Afghanistan","China","Mongolia","Taiwan","North Korea","South Korea","Japan","India","Pakistan","Myanmar","Sri Lanka","Nepal","Thailand","Cambodia","Laos","Vietnam","Republic of Vietnam","Philippines","Indonesia","Australia","New Zealand"
"United States of America",0,1506.5,40.47,13,12.99,385.5,4.64,9.56,2.2,21.2,28.7,33.44,38.1,96.4,12.13,22.2,416.39,11.5,2,96.5,84.4,4.8,304.8,29.2,326.7,76.9804,3.4196,425.7,41,126.8,12.7,416,0.5,27.25,74.4,0.4,6.23,286.6,0,95.2,49.1,0,1,21.7,11.8,108.8,38.1,68,5.1,0,20.1,146,28.1,8,1.6,1.1,1.6,11.8,1.4,55.7,9.8,22.1,5.2,95.7,6,1,9,0,0,0,9,314,462.3,25.1,14.1,3.7,25.5,0,47.2,5.7,3.4,0,70,51.66,65.8,84.23,14.11
"Canada",1506.5,0,1.71,1.1,3.36,14.3,1.08,7.23,0.4,0.3,1.9,6.53,10.8,195.3,2.14,8.8,28.02,0.6,0.1,1.9,2.7,2.3,431.1,12.3,20.8,12.3513,0.5487,32.4,18.8,2.1,0.7,60.1,0.2,12.58,3.6,3.5,25.6,11.5,9,0.8,3.7,0.1,0.2,25.8,1.4,9.5,52.8,3.7,0.2,0,0,56.9,1.3,0.1,0,0,1,0.5,0.3,1.6,0.6,20.8,0.1,1,25.7,0,0,3.9,0,0,0,1.4,76,20,0.6,0.1,15.2,0,0.7,0,0,0,9.3,15.11,0.6,26.49,5.65
"Cuba",40.47,1.71,0,0.1,0.33,0.79,0.33,1.1,0.01,0.01,1.3,0.33,0.68,9.97,0.01,0.29,0.11,0,9,0.63,0.45,5.9,23.8,0.01,4.32,8.5693,0.3807,3.19,2.34,1.02,0.45,2.98,0,0.77,6.44,0.9,1.59,2.2,0,3.2,4.9,0,0,16.1,2.77,5.88,2.46,0.46,0.36,0,0,0.08,14.07,0,0,0,6.09,0,0,0.11,4.7,2.8,0,4.29,0.1,9,0,0,0,0,0,0.9,57.77,11.66,3.13,9,4.69,0,0.11,9,0,0,9.8,0.11,0.49,0,0
"Haiti",13,1.1,0.1,0,0.22,0.1,0,0,0.1,0,0,0,0.2,0,0,0,0,0,0,0,0,0,1.3,0,0.3,8.2342,0.3658,3.7,1.6,0.1,0,1,0,0.8,0.1,0.8,0.5,7.4,0,0,0,9,9,0,0,0.8,1.9,0.4,0,0,9,0,0,0,0,0,0,0,0,0,0.2,0,0,0,9,9,0,0,0,0,0,0,1,0.7,0,0,0,0,0,0.1,0,0,9.1,0,0,0,0
"Dominican Republic",12.99,3.36,0.33,0.22,0,0.77,0.11,0.11,0.1,0,0,0.11,0.3,1.24,0,0,0,0,0,0,0,0,31.93,2.2,0.34,1.7713,0.0787,1.17,0.07,0.19,0.11,1.15,0,0,0.48,0.11,0.22,0.77,9,0,0.6,0,0,0,0.22,0.05,0.02,0.33,0,0,9,0,0.4,0,0,9,0.8,0,0,0,9,0.6,0,0,0,0,0,0,9,0,0,0.7,5.68,1.32,0.11,0,0.7,0,0,0,9,0,9.1,0.11,0.11,0,0
"Mexico",385.5,14.3,0.79,0.1,0.77,0,5.07,0.45,2.7,0.7,0.6,0.56,0.6,2.6,0.22,0.5,0.33,0.1,0.1,0.5,0.3,0.7,7.4,0.4,2.4,9.0002,0.3998,7.1,1.4,4,1.7,55.4,0,1.88,2,0,1.8,13.8,0,1.8,0.4,0,0,0.1,1.2,2.9,1.6,0.1,0,0,0,0.9,0,0.1,0,0,0.7,0,0,0,9.1,0,0,0.5,0,9,9,0.9,0,0,9,0,122.3,0.3,0,0,1.2,9,0,9,9,0,0,0.01,0.5,1.99,0.39
"Guatemala",4.64,1.08,0.33,0,0.11,5.07,0,0.66,1.13,0,0.12,0.22,0.33,0.77,0,0,0,0,0,0,0,0,4.15,0,0.02,0.3255,0.0145,0.8,1.8,0.44,0.11,3.75,0,0,0.58,0,0,0.8,9,0,0,0,0,0,0.01,3.85,0.22,0.88,0,9,0,0.1,0,0,0,0,0,0.11,9,0,0,0,0,0.1,0,0,9,0,9,0,0,0,0.33,0.11,0,9,0.11,0,0,0,0,0,0,0,0,0,0
"Honduras",9.56,7.23,1.1,0,0.11,0.45,0.66,0,3.97,0.01,0.1,0.11,0.56,1.4,0,0,0,0,9,0,0,0,0.35,0,0.56,0.8617,0.0383,0.23,0.18,0.11,0,0.93,0,0,0,0,0.34,0.37,0,0,0,0,0,0,0,1.38,0.2,0.01,0,0,9,0,0,0,0,0,0,0,0,0,0,0,0,0,0,9,0,0,9,0,0,0,3.31,0.22,0,0,0,0,0,0,0,0,0,0,0,0,0
"El Salvador",2.2,0.4,0.01,0.1,0.1,2.7,1.13,3.97,0,0.5,0.3,0.79,0.6,0.5,0.3,0,0,0,0,0.2,0,0,0.9,0,4,2.6809,0.1191,1.1,0.4,0,0.1,20.4,0,0,0.1,0,0.3,0.6,0,0,0,0,0,0,0,0.3,0.1,0.1,0,0,0,0,0,0,0,0,0,0,0,0,0,0,0,0,0,9,0,0,0,0,0,0,9.4,0,0,0,0,0,0,0,0,0,0,0,0,0,0
"Nicaragua",21.2,0.3,0.01,0,0,0.7,0,0.01,0.5,0,0.2,1.48,0.3,0,0.7,1.4,0,0,0,0,0,0,0.3,0,3.4,0,0,0.5,0.1,0.1,1,13,0,0,0.8,0,0.2,0.5,9,0,0,0,0,0,0,0.1,0,0.2,0,0,0,0,0,0,0,0,0,0,0,0,0,0,0,0,0,9,0,0,0,0,0,0,6.1,0.1,0,0,0,0,0,0,0,0,0,0,0,0,0
"Costa Rica",28.7,1.9,1.3,0,0,0.6,0.12,0.1,0.3,0.2,0,0.88,0.4,0.3,0.6,0.8,0,0,0,0,0,0,5.4,0,2.1,1.0532,0.0468,1.7,0.7,0.4,0.1,13.5,0,0,0.6,0,0.2,1.7,0,0,1.3,0,0,0,0,0.1,0.2,0.3,0,0,0,0,0.1,0,0,0,0,0,0,0,0,0,0,0,0,9,9,0,9,0,0,0,1.9,0.4,0,0,0,0,0,9,0,0,0,0,0.1,0,0
"Panama",33.44,6.53,0.33,0,0.11,0.56,0.22,0.11,0.79,1.48,0.88,0,2.87,0.1,0.11,0,0.22,0.3,0,0.76,0.11,0,3.65,0,0.9,1.8288,0.0812,0.79,0.23,0.22,0,2.19,0,0,0,0,0,0.33,9,0.6,0,0,0,0,0,0.66,6.8,2.56,0,9,0,0,0,0,0,0,0,0,0,0,0,0,0,0,0,0,0,0,0,0,0,0,0.91,0.22,0,0,0,0,0.1,0,9,0,0,0.55,0,0,0.66
"Colombia",38.1,10.8,0.68,0.2,0.3,0.6,0.33,0.56,0.6,0.3,0.4,2.87,0,0,4.68,6.3,0.44,0.1,0,1.3,0.9,1,17.7,0,2.9,5.7448,0.2552,14.7,5.5,2.7,0.3,32.7,0,0,2.7,0,1,3.8,0,1.1,0,0,0,0.5,0.5,1,0.2,0,0,0,0,1.4,0.1,0,0,0,0.1,0,0,0,0,0,0,0,0,9,9,0,9,0,0,0,6.9,0.1,0.8,0,0.1,0,0,0,9,0,9.1,1.5,0,0.7,0.3
"Venezuela",96.4,195.3,9.97,0,1.24,2.6,0.77,1.4,0.5,0,0.3,0.1,0,0,0,2,129.4,0,0,9.3,70.5,13.3,20.8,1.2,82.3,14.1705,0.6295,12,9.2,7.4,1.7,46.8,0,0,0.1,0,1.8,17.2,9,0.1,0.3,0.3,0.5,0,1.8,33.3,5.7,9,0,0,0,0.1,0.2,0,0,0,0,0,0,5.2,0.2,1.1,0,0.3,0,9,9,0,0,0,0,0,16.2,0.9,0,0,0,0,0,0,0,0,0,3.4,0,5.17,0.22
"Ecuador",12.13,2.14,0.01,0,0,0.22,0,0,0.3,0.7,0.6,0.11,4.68,0,0,3.01,0,0.1,0,0.5,4.1,0.39,3.08,0,1.23,2.5756,0.1144,1.09,1.6,0.01,0.01,6.66,0,0.1,1.2,0,0.1,1.21,9,0,0,0,0,0,0,0.8,0.23,0.56,0,0,0,0,0,0,0,0,0,0,0,0,0.1,0.1,0,0,9,0,0,0,0,0,9,0,0.58,0.22,0.22,0,0.11,9,0,0,0,0,0,0.77,0,0,0
"Peru",22.2,8.8,0.29,0,0,0.5,0,0,0,1.4,0.8,0,6.3,2,3.01,0,3.3,5.1,0.5,18.4,5.4,1.8,14.4,2.4,0.8,3.2554,0.1446,4.4,6.2,0.8,0.7,9.9,0,0,0.1,0,0.6,2.3,0,0,0.1,0,0,0,1.9,4.8,1,0.4,0,0,0,0.4,0.1,0,0,0,0.1,0.4,0,0,0,0,0,0,0,0,0,0,0,0,0,0,19.5,1.6,0.5,0,1.7,0,0.1,0,0,0,0,0.1,0.6,0.12,0.2
"Brazil",416.39,28.02,0.11,0,0,0.33,0,0,0,0,0,0.22,0.44,129.4,0,3.3,0,0.36,0.01,3.81,0.32,7.86,27.93,0.5,15.01,11.3268,0.5032,32.81,1.55,6.36,0.02,27.44,0,7.37,3.82,1.99,2.97,1.77,9,15,0,0,0,3.3,0.54,10.61,2.31,0.96,0.19,0,0,4.29,1.9,0.65,0,0,1,1.83,0,0.7,0.7,1.4,0.6,1.16,20.35,0,9,0.7,9,0,0,0,4.8,0.01,0,0,0.3,0,1.98,0.1,9,0,9.3,0.22,6.8,3.19,0.22
"Bolivia",11.5,0.6,0,0,0,0.1,0,0,0,0,0,0.3,0.1,0,0.1,5.1,0.36,0,0,0.9,9.8,0,26.5,0,0.4,1.0532,0.0468,1.4,1.8,0.1,0,4.8,0,0,0.1,0,0,0.7,0,0,0,9,0,0,0.2,1.6,0.1,0.1,0,0,0,0,0,0,0,0,0,0,0,0,0,0.1,0,0,0,9,9,0,0,0,0,0,1.6,0.1,0,0,0,0,0,0,9,0,0,0,0,0,0
"Paraguay",2,0.1,9,0,0,0.1,0,9,0,0,0,0,0,0,0,0.5,0.01,0,0,0,8.4,0.6,3.7,0,1,1.0532,0.0468,0.1,0.4,0,0.1,3,0,9,0,9,0,0.2,0,0.1,0.2,0,0,9,0,0.4,0.3,0.1,9,0,0,0.3,0,0,9,0,0,0,9,0,9,9,0,0,0,0,0,0,0,0,0,0,0.1,0.4,9,9,0,0,0,0,9,0,9,0,0,0,9
"Chile",96.5,1.9,0.63,0,0,0.5,0,0,0.2,0,0,0.76,1.3,9.3,0.5,18.4,3.81,0.9,0,0,0.8,1.1,69.2,0.2,1.4,1.7234,0.0766,2.9,3.4,9.7,0.3,49.5,0,0,0.2,0.2,2.1,25.2,0,0.2,0,0,0,0,0.3,4,1,1.4,0,0,0,0.1,0,0.1,0,0,0,0,0,3.8,0.3,0.3,0,0,0,9,0,0.8,0,0,0,0,5.4,0.4,0.1,0,0.3,0,0,0,0,0,0,0,0.1,1.32,0.33
"Argentina",84.4,2.7,0.45,0,0,0.3,0,0,0,0,0,0.11,0.9,70.5,4.1,5.4,0.32,9.8,8.4,0.8,0,4.1,203.3,2.4,14.6,17.1387,0.7613,39.5,1.7,0.6,1.9,38.8,0,1.31,10.3,3.9,3.01,17.4,9,2,1.9,0,0.8,12.4,1.5,18.5,0.1,15.2,0,0,0,2.2,1.9,0.3,0,0,0.6,0,0.1,0.5,0.3,0.4,0.1,1,0,0,9,0.3,0,0,0,0,35,10.9,2.2,0,0.1,0,0,0,0,0,0,2.89,0.2,1.98,0
"Uruguay",4.8,2.3,5.9,0,0,0.7,0,0,0,0,0,0,1,13.3,0.39,1.8,7.86,0,0.6,1.1,4.1,0,18.5,0.1,12.8,3.0639,0.1361,10.6,0.5,0.4,0,18.7,0.8,0.68,1.5,0.1,0.4,1.7,0,0.4,0.2,0.1,0,10.3,0.9,5.7,0.3,1.9,0.1,0,9,0.4,0,0.1,0,0,0,1.3,0,0,9,0.1,0,0.7,1.8,9,9,0.2,9,0,0,0,2.6,3.2,0.1,9,0.3,9,0,0,0,0,0,0.11,0,0.1,0.2
"United Kingdom",304.8,431.1,23.8,1.3,31.93,7.4,4.15,0.35,0.9,0.3,5.4,3.65,17.7,20.8,3.08,14.4,27.93,26.5,3.7,69.2,203.3,18.5,0,36.9,81.2,49.7884,2.2117,83.7,10.5,62,11.5,34.9,12.4,47.83,9.5,2.4,14.18,10.7,0,12,46,4.64,1.9,72.5,35.5,99.6,65.6,29.8,3.5,0,2.7,156.9,14.6,16.7,10.2,29,63.4,10.7,22.4,42.6,18.4,24.3,14.9,10.9,11.4,3.2,4.3,4.9,0,0,0,0.6,1.2,40.7,6,20,36.6,0,33.8,0.7,1.3,0,2.5,11.13,23.7,142.22,163.08
"Ireland",29.2,12.3,0.01,0,2.2,0.4,0,0,0,0,0,0,0,1.2,0,2.4,0.5,0,0,0.2,2.4,0.1,36.9,0,9.1,2.8724,0.1276,2.9,1.9,2.2,1.3,16.1,0.4,0.1,0.8,0.2,0.9,2.6,0,0.1,0.4,0,0,0.8,10,9.2,1.8,2.3,0.4,0,0,1.2,1.9,0.4,0,0.1,0,0.2,0,0.3,0,0,0,0.7,0.1,0,0,0.4,0,0,0,0,4.6,7.5,1.7,0.1,0.4,9,0.1,0,0,0,0,0.2,0.5,7.79,2.5
"Netherlands",326.7,20.8,4.32,0.3,0.34,2.4,0.02,0.56,4,3.4,2.1,0.9,2.9,82.3,1.23,0.8,15.01,0.4,1,1.4,14.6,12.8,81.2,9.1,0,262.6335,11.6665,27.7,22,5.3,4.4,185.1,16.1,15.53,5.2,7.6,5.12,26.1,0.1,0.5,5.9,0.64,1.1,31.3,6.8,32.1,31.8,61.8,3.7,0,0.5,9.8,2.2,0.2,2.3,1,14.8,1.9,3.8,7.8,2.1,30.3,2,9.3,3.8,2.2,0.4,5.4,0,0,0,0.8,6.2,16.2,0.1,5.3,4,0,14.1,0,0.2,0,1.6,10.48,24.8,19.71,3.62
"Belgium",76.9804,12.3513,8.5693,8.2342,1.7713,9.0002,0.3255,0.8617,2.6809,0,1.0532,1.8288,5.7448,14.1705,2.5756,3.2554,11.3268,1.0532,1.0532,1.7234,17.1387,3.0639,49.7884,2.8724,262.6335,0,0,80.523,19.1494,12.8301,14.2663,159.7057,4.9788,5.5437,0.6702,6.7023,2.8341,19.1494,0,0.8617,12.5428,0.5362,0.4787,0.4787,7.947,3.1596,18.7664,40.5966,1.149,0,1.2447,27.9581,1.8192,0.4787,1.0532,0.383,19.2451,0.2872,12.3513,9.6704,1.7234,8.2342,1.6277,0.383,14.362,0,0.0957,15.7025,9,0,0,1.6277,1.8192,35.7136,9.5747,0.766,7.181,0,2.9682,0.2872,0,0,0,3.1692,14.6493,41.2381,8.531
"Luxembourg",3.4196,0.5487,0.3807,0.3658,0.0787,0.3998,0.0145,0.0383,0.1191,0,0.0468,0.0812,0.2552,0.6295,0.1144,0.1446,0.5032,0.0468,0.0468,0.0766,0.7613,0.1361,2.2117,0.1276,11.6665,0,0,3.5769,0.8506,0.5699,0.6337,7.0943,0.2212,0.2463,0.0298,0.2977,0.1259,0.8506,0,0.0383,0.5572,0.0238,0.0213,0.0213,0.353,0.1404,0.8336,1.8034,0.051,0,0.0553,1.2419,0.0808,0.0213,0.0468,0.017,0.8549,0.0128,0.5487,0.4296,0.0766,0.3658,0.0723,0.017,0.638,0,0.0043,0.6975,9,0,0,0.0723,0.0808,1.5864,0.4253,0.034,0.319,0,0.1318,0.0128,0,0,0,0.1408,0.6507,1.8319,0.379
"France",425.7,32.4,3.19,3.7,1.17,7.1,0.8,0.23,1.1,0.5,1.7,0.79,14.7,12,1.09,4.4,32.81,1.4,0.1,2.9,39.5,10.6,83.7,2.9,27.7,80.523,3.5769,0,102.3,15.3,11.5,86.6,7.1,11.83,6.3,14.1,3.66,22.9,0,5.3,0.9,2.02,2.6,9.8,3.7,42.8,9.4,14.9,0.1,0,1.1,33.1,23.4,63.6,2.8,3.4,45.3,2.7,192.3,6.6,7.1,16.2,2.7,5.5,54.7,0,0,8.1,0,0,0,0.5,9.8,15.6,23,0.4,7.6,0,1.6,5.4,5.4,0,15.3,2.47,6.1,151.16,50.26
"Switzerland",41,18.8,2.34,1.6,0.07,1.4,1.8,0.18,0.4,0.1,0.7,0.23,5.5,9.2,1.6,6.2,1.55,1.8,0.4,3.4,1.7,0.5,10.5,1.9,22,19.1494,0.8506,102.3,0,5.3,9.2,202.2,1.2,8.94,7.1,2.9,15.78,67.3,0.1,4.3,3.1,1.21,0.2,7.9,8.8,14.9,7.1,8.1,0.5,0,1.2,7.7,1.8,0.2,0.1,1.6,1.3,0.5,3,2.7,1,6.2,0.6,6.6,2.6,1.7,0.4,16.2,0,0,0,0.6,2.6,29.1,1.8,1.2,1.3,0,5.7,0.1,0.3,0,0.9,1.85,2.7,16.84,3.13
"Spain",126.8,2.1,1.02,0.1,0.19,4,0.44,0.11,0,0.1,0.4,0.22,2.7,7.4,0.01,0.8,6.36,0.1,0,9.7,0.6,0.4,62,2.2,5.3,12.8301,0.5699,15.3,5.3,0,0.9,25.7,0,0,0.3,0,0,1.8,0,0,3.6,0,0,0,0.1,2.8,3.6,7.4,0.8,0,0,6.7,6.3,3.1,0,0,10.2,0.4,7.2,1.3,0.1,0.9,0.1,0.2,47,0,0,0,0,0,0,0,6.5,0.4,2.8,0.1,0.1,0,0,0,0,0,9,3.84,0.1,1.41,0.16
"Portugal",12.7,0.7,0.45,0,0.11,1.7,0.11,0,0.1,1,0.1,0,0.3,1.7,0.01,0.7,0.02,0,0.1,0.3,1.9,0,11.5,1.3,4.4,14.2663,0.6337,11.5,9.2,0.9,0,44.9,0.2,0.46,1.5,0,0.3,0.7,0,0,1.1,0,0,3.1,0.1,5.7,5,2.6,3.3,0,0,3.2,3,0.6,0.1,0.1,0.9,0.2,14.7,0.7,0.1,0.3,0.1,1.4,8.7,0,0,0.1,0,0,0,0,2,0.2,1.9,0.2,0.1,9,0.2,0,0,0,9,0.27,0.3,0.84,0.35
"German Federal Republic",416,60.1,2.98,1,1.15,55.4,3.75,0.93,20.4,13,13.5,2.19,32.7,46.8,6.66,9.9,27.44,4.8,3,49.5,38.8,18.7,34.9,16.1,185.1,159.7057,7.0943,86.6,202.2,25.7,44.9,0,6.8,5.15,144.8,8,3.21,105.1,0,2.6,23,0.69,2,21.9,25.1,181.9,109.5,59.6,1.7,0,4.2,6,10.7,0.3,4.8,13,21.3,29,32.8,34.3,7.7,15.1,7,58.6,58,2,4,16,0,0,0,2.5,27.2,126.5,6.7,9.6,5,0,15.3,0.6,1.5,0,8.2,26.08,1.4,35.86,14.65
"German Democratic Republic",0.5,0.2,0,0,0,0,0,0,0,0,0,0,0,0,0,0,0,0,0,0,0,0.8,12.4,0.4,16.1,4.9788,0.2212,7.1,1.2,0,0.2,6.8,0,41.33,5.7,5.8,10.28,2.9,0,1.2,0.4,13.82,0,117.5,3.7,3.3,2,0.8,0.6,0,0,0,0.1,0,0,0,9,1.6,0,1.2,0.4,0.5,0,0,0,0,0,0,0,0,0,0,3.5,0,0,0,0.1,0,0,0,9,0,0,0,3.5,1.44,0.22
"Poland",27.25,12.58,0.77,0.8,0,1.88,0,0,0,0,0,0,0,0,0.1,0,7.37,0,9,0,1.31,0.68,47.83,0.1,15.53,5.5437,0.2463,11.83,8.94,0,0.46,5.15,41.33,0,3.78,2.01,28.49,0.78,0.58,1.89,0.2,3.96,3.48,67.13,20.42,13.29,0.89,9.47,0.83,0,0,0.89,1,0.4,0.3,0.65,0.13,4.86,0.6,2.39,0.49,0.5,1.1,0.11,0.3,9,0,11.58,0,0,0,0,0.3,2.18,4.32,2.3,0.2,0,0.4,0,9,0,0,0,0.89,37.62,0.11
"Austria",74.4,3.6,6.44,0.1,0.48,2,0.58,0,0.1,0.8,0.6,0,2.7,0.1,1.2,0.1,3.82,0.1,0,0.2,10.3,1.5,9.5,0.8,5.2,0.6702,0.0298,6.3,7.1,0.3,1.5,144.8,5.7,3.78,0,2.7,1.3,53.5,0,4.3,5.5,2.48,0.6,64,3.3,1.2,4.8,0.8,0,0,0.2,4,1.1,0.6,0.2,0,0.9,0.9,1.4,1.1,0.8,2.8,1.1,1.1,0.8,0,0.1,5.3,0,0,0,0,3.8,6.6,2.1,0.2,1.2,0,0.6,0,0,0,9.4,0.22,2.5,1.6,0.4
"Hungary",0.4,3.5,0.9,0.8,0.11,0,0,0,0,0,0,0,0,0,0,0,1.99,0,9,0.2,3.9,0.1,2.4,0.2,7.6,6.7023,0.2977,14.1,2.9,0,0,8,5.8,2.01,2.7,0,31.55,4.2,0,0,2.2,2.31,0.8,25.5,0.5,0.3,0.4,0.3,0.2,0,0.1,1,0.3,0.2,0,0.1,1,1.5,1.7,0.4,0.7,0.9,0,0.8,0,9,0,2.6,0,0,0,0,0,1.3,0.1,1,0.2,0,0.1,0,0,0,0,0,2.3,1.21,0
"Czechoslovakia",6.23,25.6,1.59,0.5,0.22,1.8,0,0.34,0.3,0.2,0.2,0,1,1.8,0.1,0.6,2.97,0,0,2.1,3.01,0.4,14.18,0.9,5.12,2.8341,0.1259,3.66,15.78,0,0.3,3.21,10.28,28.49,1.3,31.55,0,0.41,1.37,4.73,5,4.95,3.65,7.2,8.09,12.2,11.5,8.1,4.8,0,0.7,5,1.6,0.3,0,3.7,5.5,1.21,3.2,25.85,2.7,2.4,0.6,0.1,0,0,0,8.34,0,0,0,0,0.2,13.2,0.5,2.4,0.9,0,1.5,0,9,0,9.1,0,6.1,10.34,1.1
"Italy",286.6,11.5,2.2,7.4,0.77,13.8,0.8,0.37,0.6,0.5,1.7,0.33,3.8,17.2,1.21,2.3,1.77,0.7,0.2,25.2,17.4,1.7,10.7,2.6,26.1,19.1494,0.8506,22.9,67.3,1.8,0.7,105.1,2.9,0.78,53.5,4.2,0.41,0,0,10.7,16.4,1.41,6,6,0.4,2.6,4.3,27.3,1.7,0,2.3,34,16.2,7.6,13.9,11.2,12.3,8.1,156,9.3,2.6,7.5,2.5,5.4,95.8,0.6,0.5,1,0,0,0,1.7,0.3,31.5,12.2,0.6,4.1,9,2.9,0.2,0.2,0,2.2,1.04,8.3,62.55,16.08
"Albania",0,9,0,0,9,0,9,0,0,9,0,9,0,9,9,0,9,0,0,0,9,0,0,0,0.1,0,0,0,0.1,0,0,0,0,0.58,0,0,1.37,0,0,0.2,0,0,0,9.2,0,0,0.3,0,0,0,0,0,0,0,9,0,9,0,0,0,0,0,0,0,0,0,0,0,0,0,0,0,0,9,0,0.1,0,0,0,0,9,0,0,0,0,0,9
"Yugoslavia",95.2,0.8,3.2,0,0,1.8,0,0,0,0,0,0.6,1.1,0.1,0,0,15,0,0.1,0.2,2,0.4,12,0.1,0.5,0.8617,0.0383,5.3,4.3,0,0,2.6,1.2,1.89,4.3,0,4.73,10.7,0.2,0,4.4,0,0.6,15.8,0.6,1.9,0.1,0.8,0,0,0.4,0.2,1,0.3,0.5,0.8,0.1,3.9,4.5,2.1,2.2,1.7,0,1.7,1.2,0,0,0.3,0,0,0,0,0.2,2.8,0.6,3.8,0.1,0,0,0,0,0,9,0,0.5,3.29,0.1
"Greece",49.1,3.7,4.9,0,0.6,0.4,0,0,0,0,1.3,0,0,0.3,0,0.1,0,0,0.2,0,1.9,0.2,46,0.4,5.9,12.5428,0.5572,0.9,3.1,3.6,1.1,23,0.4,0.2,5.5,2.2,5,16.4,0,4.4,0,0.05,2.7,2.1,3.1,13.7,0.1,3.6,1.2,0,1,0.5,0.2,1.9,0.1,0.8,0.7,2.7,0.5,0.6,0.2,0.2,0,0,6,0.1,0,0.1,0,0,0,0,5.9,0.5,1.5,0,0.2,0,0.2,0,0,0,9,0,0.2,1.37,2.5
"Bulgaria",0,0.1,0,9,0,0,0,0,0,0,0,0,0,0.3,0,0,0,9,0,0,0,0.1,4.64,0,0.64,0.5362,0.0238,2.02,1.21,0,0,0.69,13.82,3.96,2.48,2.31,4.95,1.41,0,0,0.05,0,0.33,45.13,0.3,0.4,0.2,0,0,9,0.2,0,0.1,0.5,0,0,0.1,0.89,0.1,3.46,0.3,0.5,0,0.17,0,9,0,0.51,0,0,0,0,0,0.5,0,0,0,0,0,0,9,0,0,0,0.1,0,0
"Romania",1,0.2,0,9,0,0,0,0,0,0,0,0,0,0.5,0,0,0,0,0,0,0.8,0,1.9,0,1.1,0.4787,0.0213,2.6,0.2,0,0,2,0,3.48,0.6,0.8,3.65,6,0,0.6,2.7,0.33,0,46.9,15.2,0.8,1.3,0.5,0,0,0,0,0,0,0,0,9,2,0.6,5,1.5,1.7,0,0.2,0,0,0,0,0,0,0,9,0,0.3,0,0.3,0.1,0,0,0,0,0,0,0,0.1,0.29,0.3
"Russia",21.7,25.8,16.1,0,0,0.1,0,0,0,0,0,0,0.5,0,0,0,3.3,0,9,0,12.4,10.3,72.5,0.8,31.3,0.4787,0.0213,9.8,7.9,0,3.1,21.9,117.5,67.13,64,25.5,7.2,6,9.2,15.8,2.1,45.13,46.9,0,51.3,13.6,2.5,0.6,1,0,0.1,13.6,0.9,0.1,0,0.4,0.7,2.1,0,32.7,1.3,0.5,0,1.7,0,0,1.7,107.6,0,0,0,0,2,11.2,0.5,10.4,0.2,9,0,0,9,0,0,0,13.9,1.43,9.29
"Finland",11.8,1.4,2.77,0,0.22,1.2,0.01,0,0,0,0,0,0.5,1.8,0,1.9,0.54,0.2,0,0.3,1.5,0.9,35.5,10,6.8,7.947,0.353,3.7,8.8,0.1,0.1,25.1,3.7,20.42,3.3,0.5,8.09,0.4,0,0.6,3.1,0.3,15.2,51.3,0,29.7,9.2,2.6,0,0,0.1,1.3,1.3,1.3,0,0.2,0.1,3.4,0.6,4.1,1.2,1,0.1,3.4,0.2,0.1,0,5,9,0,0,0.1,0.3,4.7,0.2,0.1,0.6,9,0,0,0,0,9.1,0.11,0.9,1.99,2.58
"Sweden",108.8,9.5,5.88,0.8,0.05,2.9,3.85,1.38,0.3,0.1,0.1,0.66,1,33.3,0.8,4.8,10.61,1.6,0.4,4,18.5,5.7,99.6,9.2,32.1,3.1596,0.1404,42.8,14.9,2.8,5.7,181.9,3.3,13.29,1.2,0.3,12.2,2.6,0,1.9,13.7,0.4,0.8,13.6,29.7,0,87.9,41.8,0.9,0,0.5,20.4,0.1,0.6,0,0.4,9.9,0.7,5,7.1,1.7,1.9,0.8,0,13.4,0.4,0,3.5,0,0,0,0.3,8.3,19,0.3,1,1.5,9,0.6,0.1,0.2,0,10.4,10.34,2.6,18.36,0.91
"Norway",38.1,52.8,2.46,1.9,0.02,1.6,0.22,0.2,0.1,0,0.2,6.8,0.2,5.7,0.23,1,2.31,0.1,0.3,1,0.1,0.3,65.6,1.8,31.8,18.7664,0.8336,9.4,7.1,3.6,5,109.5,2,0.89,4.8,0.4,11.5,4.3,0.3,0.1,0.1,0.2,1.3,2.5,9.2,87.9,0,5.5,1.8,0,1.2,1.5,1.1,0.3,0,0.1,0,0.4,0.9,4.4,0.2,0.2,0.1,1.1,0.2,0,0,0.3,0,0,0,0.3,1.5,4.5,0.8,0.6,0.4,9,0.4,0,0,0,9.3,4.78,1.4,11.2,1.79
"Denmark",68,3.7,0.46,0.4,0.33,0.1,0.88,0.01,0.1,0.2,0.3,2.56,0,9,0.56,0.4,0.96,0.1,0.1,1.4,15.2,1.9,29.8,2.3,61.8,40.5966,1.8034,14.9,8.1,7.4,2.6,59.6,0.8,9.47,0.8,0.3,8.1,27.3,0,0.8,3.6,0,0.5,0.6,2.6,41.8,5.5,0,4.1,0,0.1,1.6,4.6,1.1,0.1,0.2,0.7,1.8,3.2,2,0.5,0.9,0.2,1.3,0,0,0,1.7,0,0,0,3.4,6.1,6.5,0,1.4,0.3,0,3.1,0.1,0.2,0,0.4,6.37,0.1,1.81,0.49
"Iceland",5.1,0.2,0.36,0,0,0,0,0,0,0,0,0,0,0,0,0,0.19,0,9,0,0,0.1,3.5,0.4,3.7,1.149,0.051,0.1,0.5,0.8,3.3,1.7,0.6,0.83,0,0.2,4.8,1.7,0,0,1.2,0,0,1,0,0.9,1.8,4.1,0,0,0,0,0,0,0,0,0,0,0,0.1,0,0,0,0.4,0,0,0,0,9,0,0,0,0.1,0.1,0,0,0,0,0,0,0,0,0,0.1,0,0,0
"Liberia",0,0,0,0,0,0,9,0,0,0,0,9,0,0,0,0,0,0,0,0,0,0,0,0,0,0,0,0,0,0,0,0,0,0,0,0,0,0,0,0,0,9,0,0,0,0,0,0,0,0,0,0,0,0,0,9,0,0,9,0,0,0,0,0,0,0,0,0,0,0,0,0,0,0,0,0,0,0,9,0,0,0,0,0,0,0,0
"Ethiopia",20.1,0,0,9,9,0,0,9,0,0,0,0,0,0,0,0,0,0,0,0,0,9,2.7,0,0.5,1.2447,0.0553,1.1,1.2,0,0,4.2,0,0,0.2,0.1,0.7,2.3,0,0.4,1,0.2,0,0.1,0.1,0.5,1.2,0.1,0,0,0,0,0,0,0,0,0.2,0.1,0.1,0.4,0.1,0,0,2.4,1.7,10,0,0,0,0,0,0,4.3,9,0,0,0.1,9,0,9,0,0,0,0,0,0.09,0.11
"South Africa",146,56.9,0.08,0,0,0.9,0.1,0,0,0,0,0,1.4,0.1,0,0.4,4.29,0,0.3,0.1,2.2,0.4,156.9,1.2,9.8,27.9581,1.2419,33.1,7.7,6.7,3.2,6,0,0.89,4,1,5,34,0,0.2,0.5,0,0,13.6,1.3,20.4,1.5,1.6,0,0,0,0,4.1,9.2,9,0.7,31.9,0.1,0.1,5.5,10.2,1.7,0,2.3,31,8.5,0,0,0,0,0,0.1,8.2,0.2,10.1,1.2,17.1,0,0.1,9,0,0,0.5,1.05,1.3,5.38,2.08
"Morocco",28.1,1.3,14.07,0,0.4,0,0,0,0,0,0.1,0,0.1,0.2,0,0.1,1.9,0,0,0,1.9,0,14.6,1.9,2.2,1.8192,0.0808,23.4,1.8,6.3,3,10.7,0.1,1,1.1,0.3,1.6,16.2,0,1,0.2,0.1,0,0.9,1.3,0.1,1.1,4.6,0,0,0,4.1,0,5,0.1,0,0.1,0,0,0.2,0.2,0.2,0,9.2,0,9,0,19.8,0,0,9,0,0.7,2.6,0.2,0,0.3,0,0,0.1,9.1,0,0,0.1,0.7,0.01,0.1
"Tunisia",8,0.1,0,0,0,0.1,0,0,0,0,0,0,0,0,0,0,0.65,0,0,0.1,0.3,0.1,16.7,0.4,0.2,0.4787,0.0213,63.6,0.2,3.1,0.6,0.3,0,0.4,0.6,0.2,0.3,7.6,0,0.3,1.9,0.5,0,0.1,1.3,0.6,0.3,1.1,0,0,0,9.2,5,0,0.6,0,0.1,0.3,0,0.3,0.4,0.4,0,0,0,0,0,0.3,0,0,0,0,0,0.1,0,0,3.3,0,0,0,0,0,1.9,0,0.9,0,0.33
"Libya",1.6,0,0,0,0,0,0,0,0,0,0,0,0,0,0,0,0,0,9,0,0,0,10.2,0,2.3,1.0532,0.0468,2.8,0.1,0,0.1,4.8,0,0.3,0.2,0,0,13.9,9,0.5,0.1,0,0,0,0,0,0,0.1,0,0,0,9,0.1,0.6,0,0,0.1,0,0,1.3,0.1,0,0,0,0,0,9,0,0,0,0,0,0.2,0.8,0,0,1.8,0,0,0,0,0,0,0,0,0,0
"Sudan",1.1,0,0,0,9,0,0,0,0,0,0,0,0,0,0,0,0,0,0,0,0,0,29,0.1,1,0.383,0.017,3.4,1.6,0,0.1,13,0,0.65,0,0.1,3.7,11.2,0,0.8,0.8,0,0,0.4,0.2,0.4,0.1,0.2,0,9,0,0.7,0,0,0,0,0,0,0.2,4.6,0,0.1,0,0,2.3,0.4,0,2.2,0,0,0,0,2.6,10.1,0.1,0,1.7,0,0,0,0,0,0,0,3,1.55,0
"Iran",1.6,1,6.09,0,0.8,0.7,0,0,0,0,0,0,0.1,0,0,0.1,1,0,0,0,0.6,0,63.4,0,14.8,19.2451,0.8549,45.3,1.3,10.2,0.9,21.3,9,0.13,0.9,1,5.5,12.3,9,0.1,0.7,0.1,9,0.7,0.1,9.9,0,0.7,0,0,0.2,31.9,0.1,0.1,0.1,0,0,0.7,0.3,1.9,2.6,7.9,0,0.1,9,9,9,9,9,0,9,0,1.7,42,5,2,8.8,9,0.3,0,0,0,0,0.12,0.2,56.28,4.84
"Turkey",11.8,0.5,0,0,0,0,0.11,0,0,0,0,0,0,0,0,0.4,1.83,0,0,0,0,1.3,10.7,0.2,1.9,0.2872,0.0128,2.7,0.5,0.4,0.2,29,1.6,4.86,0.9,1.5,1.21,8.1,0,3.9,2.7,0.89,2,2.1,3.4,0.7,0.4,1.8,0,0,0.1,0.1,0,0.3,0,0,0.7,0,1.5,2.8,3.1,1.1,0.8,0.1,8.8,0,9,0,0,0,0,0,8.7,4.2,0.1,0,0.3,0,0,0,0,0,0,0,0,1.66,0.11
"Iraq",1.4,0.3,0,0,0,0,9,0,0,0,0,0,0,0,0,0,0,0,9,0,0.1,0,22.4,0,3.8,12.3513,0.5487,192.3,3,7.2,14.7,32.8,0,0.6,1.4,1.7,3.2,156,0,4.5,0.5,0.1,0.6,0,0.6,5,0.9,3.2,0,9,0.1,0.1,0,0,0,0.2,0.3,1.5,0,0.2,6.3,6.6,2.7,0,1.7,8.4,0,8.3,0,0,0,0,7.5,0.2,0.4,0.4,19.2,0,1.7,0,9,0,9,0,42.7,5.82,0.33
"Egypt",55.7,1.6,0.11,0,0,0,0,0,0,0,0,0,0,5.2,0,0,0.7,0,0,3.8,0.5,0,42.6,0.3,7.8,9.6704,0.4296,6.6,2.7,1.3,0.7,34.3,1.2,2.39,1.1,0.4,25.85,9.3,0,2.1,0.6,3.46,5,32.7,4.1,7.1,4.4,2,0.1,0,0.4,5.5,0.2,0.3,1.3,4.6,1.9,2.8,0.2,0,0.3,2.4,2.3,0,6.1,0,0,13.1,0,0,0,0,32.4,12.5,0.5,0.1,5.4,0,0.1,0,0,0,9.3,0.99,0.4,1.07,1.3
"Syria",9.8,0.6,4.7,0.2,9,9.1,0,0,0,0,0,0,0,0.2,0.1,0,0.7,0,9,0.3,0.3,9,18.4,0,2.1,1.7234,0.0766,7.1,1,0.1,0.1,7.7,0.4,0.49,0.8,0.7,2.7,2.6,0,2.2,0.2,0.3,1.5,1.3,1.2,1.7,0.2,0.5,0,0,0.1,10.2,0.2,0.4,0.1,0,2.6,3.1,6.3,0.3,0,32.4,0.1,9,4.8,0.8,9,1.3,0,0,0,0,1.8,3.3,0,9,1.2,0,0,0,9,0,0,0.5,0,0.8,0
"Lebanon",22.1,20.8,2.8,0,0.6,0,0,0,0,0,0,0,0,1.1,0.1,0,1.4,0.1,9,0.3,0.4,0.1,24.3,0,30.3,8.2342,0.3658,16.2,6.2,0.9,0.3,15.1,0.5,0.5,2.8,0.9,2.4,7.5,0,1.7,0.2,0.5,1.7,0.5,1,1.9,0.2,0.9,0,0,0,1.7,0.2,0.4,0,0.1,7.9,1.1,6.6,2.4,32.4,0,11.5,0,4.4,0,0,0,0,0,9,0,0.1,0.1,0.1,0,2.7,0,0,0,9,0,9,0.4,0.2,1.4,0
"Jordan",5.2,0.1,0,0,0,0,0,0,0,0,0,0,0,0,0,0,0.6,0,0,0,0.1,0,14.9,0,2,1.6277,0.0723,2.7,0.6,0.1,0.1,7,0,1.1,1.1,0,0.6,2.5,0,0,0,0,0,0,0.1,0.8,0.1,0.2,0,0,0,0,0,0,0,0,0,0.8,2.7,2.3,0.1,11.5,0,0,2.8,0.8,0,0,0,0,0,0,1.7,0.1,0,0,1,0,0,0,0,0,0,0,0,0,0
"Israel",95.7,1,4.29,0,0,0.5,0.1,0,0,0,0,0,0,0.3,0,0,1.16,0,0,0,1,0.7,10.9,0.7,9.3,0.383,0.017,5.5,6.6,0.2,1.4,58.6,0,0.11,1.1,0.8,0.1,5.4,0,1.7,0,0.17,0.2,1.7,3.4,0,1.1,1.3,0.4,0,2.4,2.3,9.2,0,0,0,0.1,0.1,0,0,9,0,0,0,0,0,0,0,0,0,0,0,0.8,0.1,0.1,0.2,0.2,0,0,0,0,0,0,1.9,0.1,0.02,0.1
"Saudi Arabia",6,25.7,0.1,9,0,0,0,0,0,0,0,0,0,0,9,0,20.35,0,0,0,0,1.8,11.4,0.1,3.8,14.362,0.638,54.7,2.6,47,8.7,58,0,0.3,0.8,0,0,95.8,0,1.2,6,0,0,0,0.2,13.4,0.2,0,0,0,1.7,31,0,0,0,2.3,9,8.8,1.7,6.1,4.8,4.4,2.8,0,0,0,0,0,0,0,0,0,130.2,35.9,2.7,0,0.6,0,0.9,0,0,0,0,7.93,0,10.98,1.54
"Yemen Arab Republic",1,0,9,9,0,9,0,9,9,9,9,0,9,9,0,0,0,9,0,9,0,9,3.2,0,2.2,0,0,0,1.7,0,0,2,0,9,0,9,0,0.6,0,0,0.1,9,0,0,0.1,0.4,0,0,0,0,10,8.5,9,0,0,0.4,9,0,8.4,0,0.8,0,0.8,0,0,0,0,0,0,0,0,0,4.6,9.5,0.2,0,0.1,0,0,9,9,0,0,0,9,3.1,2.86
"Afghanistan",9,0,0,0,0,9,9,0,0,0,9,0,9,9,0,0,9,9,0,0,9,9,4.3,0,0.4,0.0957,0.0043,0,0.4,0,0,4,0,0,0.1,0,0,0.5,0,0,0,0,0,1.7,0,0,0,0,0,0,0,0,0,0,9,0,9,9,0,0,9,0,0,0,0,0,0,0,0,0,0,0,8.2,4.3,2.1,0,0,0,0,0,0,0,0,0,0,0,0
"China",0,3.9,0,0,0,0.9,0,0,0,0,0,0,0,0,0,0,0.7,0,0,0.8,0.3,0.2,4.9,0.4,5.4,15.7025,0.6975,8.1,16.2,0,0.1,16,0,11.58,5.3,2.6,8.34,1,0,0.3,0.1,0.51,0,107.6,5,3.5,0.3,1.7,0,0,0,0,19.8,0.3,0,2.2,9,0,8.3,13.1,1.3,0,0,0,0,0,0,0,0,0,0,0,16.4,9.5,15.4,7.1,10.2,0,1.2,0,0,0,13.2,0,18.5,5.04,0.59
"Mongolia",0,0,0,0,9,0,9,9,0,0,9,0,9,0,0,0,9,0,0,0,0,9,0,0,0,9,9,0,0,0,0,0,0,0,0,0,0,0,0,0,0,0,0,0,9,0,0,0,9,0,0,0,0,0,0,0,9,0,0,0,0,0,0,0,0,0,0,0,0,0,0,0,0,9,0,9,0,0,9,0,0,0,0,0,0,0,9
"Taiwan",0,0,0,0,0,0,0,0,0,0,0,0,0,0,0,0,0,0,0,0,0,0,0,0,0,0,0,0,0,0,0,0,0,0,0,0,0,0,0,0,0,0,0,0,0,0,0,0,0,0,0,0,0,0,0,0,0,0,0,0,0,0,0,0,0,0,0,0,0,0,0,0,0,0,0,0,0,0,0,0,0,0,0,0,0,0,0
"North Korea",9,0,0,0,0,9,0,0,0,0,0,0,0,0,9,0,0,0,0,0,0,0,0,0,0,0,0,0,0,0,0,0,0,0,0,0,0,0,0,0,0,0,0,0,0,0,0,0,0,0,0,0,9,0,0,0,9,0,0,0,0,9,0,0,0,0,0,0,0,0,0,0,0,0,0,0,0,0,0,0,9,0,0,0,0,0,9
"South Korea",314,1.4,0.9,0,0.7,0,0,0,0,0,0,0,0,0,0,0,0,0,0,0,0,0,0.6,0,0.8,1.6277,0.0723,0.5,0.6,0,0,2.5,0,0,0,0,0,1.7,0,0,0,0,9,0,0.1,0.3,0.3,3.4,0,0,0,0.1,0,0,0,0,0,0,0,0,0,0,0,0,0,0,0,0,0,0,0,0,1.9,0.1,0,0,0,0,0,0,0,0,9,1.2,0,0.2,0
"Japan",462.3,76,57.77,1,5.68,122.3,0.33,3.31,9.4,6.1,1.9,0.91,6.9,16.2,0.58,19.5,4.8,1.6,0.1,5.4,35,2.6,1.2,4.6,6.2,1.8192,0.0808,9.8,2.6,6.5,2,27.2,3.5,0.3,3.8,0,0.2,0.3,0,0.2,5.9,0,0,2,0.3,8.3,1.5,6.1,0.1,0,4.3,8.2,0.7,0,0.2,2.6,1.7,8.7,7.5,32.4,1.8,0.1,1.7,0.8,130.2,4.6,8.2,16.4,0,0,0,1.9,0,11.9,30,9.4,20.7,0,25.6,6.5,5.4,0,46.3,60.48,44.4,208.8,2.47
"India",25.1,20,11.66,0.7,1.32,0.3,0.11,0.22,0,0.1,0.4,0.22,0.1,0.9,0.22,1.6,0.01,0.1,0.4,0.4,10.9,3.2,40.7,7.5,16.2,35.7136,1.5864,15.6,29.1,0.4,0.2,126.5,0,2.18,6.6,1.3,13.2,31.5,9,2.8,0.5,0.5,0.3,11.2,4.7,19,4.5,6.5,0.1,0,9,0.2,2.6,0.1,0.8,10.1,42,4.2,0.2,12.5,3.3,0.1,0.1,0.1,35.9,9.5,4.3,9.5,9,0,0,0.1,11.9,0,34.5,7.8,26.7,0,4.8,0.7,0.1,0,0.6,2.47,12.2,31.27,5.97
"Pakistan",14.1,0.6,3.13,0,0.11,0,0,0,0,0,0,0,0.8,0,0.22,0.5,0,0,9,0.1,2.2,0.1,6,1.7,0.1,9.5747,0.4253,23,1.8,2.8,1.9,6.7,0,4.32,2.1,0.1,0.5,12.2,0,0.6,1.5,0,0,0.5,0.2,0.3,0.8,0,0,0,0,10.1,0.2,0,0,0.1,5,0.1,0.4,0.5,0,0.1,0,0.1,2.7,0.2,2.1,15.4,0,0,0,0,30,34.5,0,1,0.3,0,0.9,0,0,0,0.3,1.32,0.8,1.96,0.02
"Myanmar",3.7,0.1,9,0,0,0,9,0,0,0,0,0,0,0,0,0,0,0,9,0,0,9,20,0.1,5.3,0.766,0.034,0.4,1.2,0.1,0.2,9.6,0,2.3,0.2,1,2.4,0.6,0.1,3.8,0,0,0.3,10.4,0.1,1,0.6,1.4,0,0,0,1.2,0,0,0,0,2,0,0.4,0.1,9,0,0,0.2,0,0,0,7.1,9,0,0,0,9.4,7.8,1,0,30.2,0,0.4,0,0,0,0,0.11,41.3,5.9,0.3
"Sri Lanka",25.5,15.2,4.69,0,0.7,1.2,0.11,0,0,0,0,0,0.1,0,0.11,1.7,0.3,0,0,0.3,0.1,0.3,36.6,0.4,4,7.181,0.319,7.6,1.3,0.1,0.1,5,0.1,0.2,1.2,0.2,0.9,4.1,0,0.1,0.2,0,0.1,0.2,0.6,1.5,0.4,0.3,0,0,0.1,17.1,0.3,3.3,1.8,1.7,8.8,0.3,19.2,5.4,1.2,2.7,1,0.2,0.6,0.1,0,10.2,0,0,0,0,20.7,26.7,0.3,30.2,0,0,2.1,0,9,0,9,0.99,3.4,1.54,6.42
"Nepal",0,0,0,0,0,9,0,0,0,0,0,0,0,0,9,0,0,0,0,0,0,9,0,9,0,0,0,0,0,0,9,0,0,0,0,0,0,9,0,0,0,0,0,9,9,9,9,0,0,0,9,0,0,0,0,0,9,0,0,0,0,0,0,0,0,0,0,0,0,0,0,0,0,0,0,0,0,0,0,0,0,0,0,0,0,0,0
"Thailand",47.2,0.7,0.11,0,0,0,0,0,0,0,0,0.1,0,0,0,0.1,1.98,0,0,0,0,0,33.8,0.1,14.1,2.9682,0.1318,1.6,5.7,0,0.2,15.3,0,0.4,0.6,0.1,1.5,2.9,0,0,0.2,0,0,0,0,0.6,0.4,3.1,0,9,0,0.1,0,0,0,0,0.3,0,1.7,0.1,0,0,0,0,0.9,0,0,1.2,9,0,0,0,25.6,4.8,0.9,0.4,2.1,0,0,1.1,8.1,0,9,1.89,14.6,3.45,0.11
"Cambodia",5.7,0,9,0.1,0,9,0,0,0,0,9,0,0,0,0,0,0.1,0,0,0,0,0,0.7,0,0,0.2872,0.0128,5.4,0.1,0,0,0.6,0,0,0,0,0,0.2,0,0,0,0,0,0,0,0.1,0,0.1,0,0,9,9,0.1,0,0,0,0,0,0,0,0,0,0,0,0,9,0,0,0,0,0,0,6.5,0.7,0,0,0,0,1.1,0,0.1,0,0.3,0,2.9,0,0
"Laos",3.4,0,0,0,9,9,0,0,0,0,0,9,9,0,0,0,9,9,9,0,0,0,1.3,0,0.2,0,0,5.4,0.3,0,0,1.5,9,9,0,0,9,0.2,9,0,0,9,0,9,0,0.2,0,0.2,0,0,0,0,9.1,0,0,0,0,0,9,0,9,9,0,0,0,9,0,0,0,0,9,0,5.4,0.1,0,0,9,0,8.1,0.1,0,0,0.9,0,1.3,0.1,0
"Vietnam",0,0,0,0,0,0,0,0,0,0,0,0,0,0,0,0,0,0,0,0,0,0,0,0,0,0,0,0,0,0,0,0,0,0,0,0,0,0,0,0,0,0,0,0,0,0,0,0,0,0,0,0,0,0,0,0,0,0,0,0,0,0,0,0,0,0,0,0,0,0,0,0,0,0,0,0,0,0,0,0,0,0,0,0,0,0,0
"Republic of Vietnam",70,9.3,9.8,9.1,9.1,0,0,0,0,0,0,0,9.1,0,0,0,9.3,0,9,0,0,0,2.5,0,1.6,0,0,15.3,0.9,9,9,8.2,0,0,9.4,0,9.1,2.2,0,9,9,0,0,0,9.1,10.4,9.3,0.4,0,0,0,0.5,0,1.9,0,0,0,0,9,9.3,0,9,0,0,0,0,0,13.2,0,0,0,9,46.3,0.6,0.3,0,9,0,9,0.3,0.9,0,0,0.3,20.8,0.5,0
"Philippines",51.66,15.11,0.11,0,0.11,0.01,0,0,0,0,0,0.55,1.5,3.4,0.77,0.1,0.22,0,0,0,2.89,0.11,11.13,0.2,10.48,3.1692,0.1408,2.47,1.85,3.84,0.27,26.08,0,0,0.22,0,0,1.04,0,0,0,0,0,0,0.11,10.34,4.78,6.37,0.1,0,0,1.05,0.1,0,0,0,0.12,0,0,0.99,0.5,0.4,0,1.9,7.93,0,0,0,0,0,0,1.2,60.48,2.47,1.32,0.11,0.99,0,1.89,0,0,0,0.3,0,24.54,5.17,0.33
"Indonesia",65.8,0.6,0.49,0,0.11,0.5,0,0,0,0,0.1,0,0,0,0,0.6,6.8,0,0,0.1,0.2,0,23.7,0.5,24.8,14.6493,0.6507,6.1,2.7,0.1,0.3,1.4,3.5,0.89,2.5,2.3,6.1,8.3,0,0.5,0.2,0.1,0.1,13.9,0.9,2.6,1.4,0.1,0,0,0,1.3,0.7,0.9,0,3,0.2,0,42.7,0.4,0,0.2,0,0.1,0,9,0,18.5,0,0,0,0,44.4,12.2,0.8,41.3,3.4,0,14.6,2.9,1.3,0,20.8,24.54,0,38.71,19.47
"Australia",84.23,26.49,0,0,0,1.99,0,0,0,0,0,0,0.7,5.17,0,0.12,3.19,0,0,1.32,1.98,0.1,142.22,7.79,19.71,41.2381,1.8319,151.16,16.84,1.41,0.84,35.86,1.44,37.62,1.6,1.21,10.34,62.55,0,3.29,1.37,0,0.29,1.43,1.99,18.36,11.2,1.81,0,0,0.09,5.38,0.01,0,0,1.55,56.28,1.66,5.82,1.07,0.8,1.4,0,0.02,10.98,3.1,0,5.04,0,0,0,0.2,208.8,31.27,1.96,5.9,1.54,0,3.45,0,0.1,0,0.5,5.17,38.71,0,76.89
"New Zealand",14.11,5.65,0,0,0,0.39,0,0,0,0,0,0.66,0.3,0.22,0,0.2,0.22,0,9,0.33,0,0.2,163.08,2.5,3.62,8.531,0.379,50.26,3.13,0.16,0.35,14.65,0.22,0.11,0.4,0,1.1,16.08,9,0.1,2.5,0,0.3,9.29,2.58,0.91,1.79,0.49,0,0,0.11,2.08,0.1,0.33,0,0,4.84,0.11,0.33,1.3,0,0,0,0.1,1.54,2.86,0,0.59,9,0,9,0,2.47,5.97,0.02,0.3,6.42,0,0.11,0,0,0,0,0.33,19.47,76.89,0
