"","United States of America","Canada","Cuba","Haiti","Dominican Republic","Mexico","Guatemala","Honduras","El Salvador","Nicaragua","Costa Rica","Panama","Colombia","Venezuela","Ecuador","Peru","Brazil","Bolivia","Paraguay","Chile","Argentina","Uruguay","United Kingdom","Ireland","Netherlands","Belgium","Luxembourg","France","Switzerland","Spain","Portugal","Poland","Hungary","Czechoslovakia","Italy","Albania","Yugoslavia","Greece","Bulgaria","Romania","Russia","Finland","Sweden","Norway","Denmark","Iceland","Liberia","Ethiopia","South Africa","Libya","Iran","Turkey","Iraq","Egypt","Syria","Lebanon","Jordan","Israel","Saudi Arabia","Yemen Arab Republic","Afghanistan","China","Mongolia","Taiwan","North Korea","South Korea","India","Pakistan","Myanmar","Sri Lanka","Nepal","Thailand","Philippines","Indonesia","Australia","New Zealand"
"United States of America",0,475.5,70.52,3.1,11.31,266.3,14.7,4.95,27.9,1.76,6.8,36.94,117.7,126.6,1.05,81.7,52.68,17.21,4,37.9,5,5,563.3,63.2,152.7,168.8624,7.6377,235.7,75.5,5.2,15.8,10,2,23,305.2,0,121.5,95.8,1,0,29,20.2,54.7,55.8,86.4,1.6,0,15.1,99,0,16.8,29.1,1.3,27.7,0.3,15.9,0,96.3,21,0,0,52,0,0,9,41,112.7,17.8,1.4,35.7,0,83,72.96,110.1,188.46,44.38
"Canada",475.5,0,10,0.8,2.42,5.6,2,3.87,0.7,0.16,6.7,2.06,5.6,114.7,1.84,0.1,5.55,0.52,0.2,2.9,1.6,2.1,290.4,23.8,10.7,39.4172,1.7828,24.9,18.3,7.2,4.7,32.1,0.9,4.7,33.9,9,4.2,1.8,0,3.6,42.1,2.3,0.6,28.8,2,0.5,0,0,1.1,6.7,0.3,0.1,1.9,5,15.9,3.4,1.8,8.8,2.9,0.4,0,101.2,0,0,0,33.1,5.5,0.5,0.3,13.5,0,7.6,5.76,3.1,0.74,12.48
"Cuba",70.52,10,0,0.23,0,2.3,0.02,0.99,0.37,0,0.01,0.44,0.69,7.77,1.21,0.2,0.33,0.33,9,5.6,0.44,6,113.28,9.59,34.93,4.3148,0.1952,7.45,3.12,8.66,1.23,0.33,0,1.32,0.81,0,2.3,13.9,0,0,0,1.91,2.7,1.28,0.34,0.19,0,0,0,0,0,0,0,0,1.6,0.3,0,0,0,9,0,0,0,0,0,0.2,16.7,12.5,9,0.11,0,0,0,0,0,0
"Haiti",3.1,0.8,0.23,0,0.1,0.5,0,0,0,0,0,0,0,0,0,0,0,0,0,0,0,0,1.7,0,1.7,7.3668,0.3332,0.6,1.4,0,0,0,0.2,0,3.9,0,0,0,9,9,0,0,0,0,0,0,0,9,0,0,0,0,0,0,0,0,0,0,9,9,0,0,0,0,0,0,0.3,0,0,0,0,0,0,0,0,0
"Dominican Republic",11.31,2.42,0,0.1,0,0.44,0,0.2,0,0,0,0,0,0.5,0,0,0,0,0,0,0,0.1,61.61,0,0.47,0.9567,0.0433,0.67,0.48,1.45,0,0,0,0.33,0.06,9,0,0,0,0,0,0,0.22,0,0,0,0,9,0,0,0,0,0,0,9,0,0,0,0,0,0,0.11,9,0,0,0,1.76,0,0,0,0,0,0,0,0,0
"Mexico",266.3,5.6,2.3,0.5,0.44,0,3.8,0.99,0.8,0.88,0.6,0.36,0.4,2,0,0.8,4.3,0.33,0,0.4,4.7,1,32.6,0.1,0.2,5.6447,0.2553,24.8,3.3,2.5,3.7,0.2,0.1,1.5,6.6,0,0.9,0.7,0,0,0.3,0.6,1.3,1,1,0,0,0,0.7,0,5.5,0.3,0.8,0.1,9,0,0,0.1,18,9,9,0,0,0,9,0,2.1,0.2,0,0.4,9,1.9,4.6,0.2,5.9,0.6
"Guatemala",14.7,2,0.02,0,0,3.8,0,0.4,0.3,0.3,0,0,0,0,0,0,0,0,0,0,0,0,3.2,0,1.1,1.4351,0.0649,0,2.3,0.1,0,0,0,0.8,0.4,9,0,0,0,0,0,0,0.1,0,0.1,0,9,0,0,0,0,0,9,0,0,0,0,0,0,0,9,0,9,0,0,0,0.6,0,9,0,0,0,0,0,0,0
"Honduras",4.95,3.87,0.99,0,0.2,0.99,0.4,0,1.01,0.11,0.1,0,0.22,0.2,0,0.22,0,0,9,0.11,0,0,1.02,0,0.2,0.287,0.013,0.1,0.09,0,0,0,0,0,0.1,0,0,0,0,0,0,0,0,0,0,0,0,9,0,0,0,0,0,0,0,0,0,0,0,9,0,0,9,0,0,0,0,0,0,0,0,0,0,0,0,0
"El Salvador",27.9,0.7,0.37,0,0,0.8,0.3,1.01,0,1.57,0,0.01,0.1,0.2,0,0.1,0,0,0,0.4,0,0,1.6,0,1.4,0.9567,0.0433,0.8,0.6,0.1,0,0,0,0.2,0.3,0,0,0,0,0,0,0,0.5,0,0.2,0,0,0,0,0,0,0,0,0,0,0,0,0,0,9,0,0,0,0,0,0,0,0,0,0,0,0,0,0,0,0
"Nicaragua",1.76,0.16,0,0,0,0.88,0.3,0.11,1.57,0,0.01,0.22,0,1.1,0,0.99,0,0,0,0,0,0,1.68,0,0.02,0.3444,0.0156,0.18,0.4,0,0,0,0,0,0.2,9,0,0,0,0,0,0,0,0,0,0,0,0,0.2,0,0,0,0,0,0,0,0,0,0,9,0,0,0,0,0,0,0,1.1,0,0,0,0,0,0,0,0
"Costa Rica",6.8,6.7,0.01,0,0,0.6,0,0.1,0,0.01,0,0.08,0.6,0,0.1,0,0,0,0,0.1,0,0,2.8,0,0.5,0.1913,0.0087,0.3,1.3,0.1,0,0,0,0,0.4,0,0,0,0,0,0,0,0.1,0,0,0,0,0,0.1,0,0,0,0,0,0,0,0,0,0,9,9,0,9,0,0,0,0.3,0,0,0,0,0,0,0.2,0,0
"Panama",36.94,2.06,0.44,0,0,0.36,0,0,0.01,0.22,0.08,0,0.43,0.6,0.33,0.1,0,0,0,0.66,0.11,0,2.79,0,0.34,0.1339,0.0061,0.55,0.22,0.01,0,0,0,0,1.66,9,0,0,0,0,0,0,0.44,0,1.88,0,9,0,0,0,0,0,0,0,0,0,0,0,0,0,0,0,0,0,0,0,0,0,0,0,0,0,0,0,0,0.77
"Colombia",117.7,5.6,0.69,0,0,0.4,0,0.22,0.1,0,0.6,0.43,0,0,3.4,8,0.9,0,0,1,0.1,0.8,17.5,0,0.8,8.8976,0.4024,5.2,5.6,0.4,0,0,0,0,3.3,0,0,0,0,0,0,0.9,0.5,0,0,0,0,0,0,0,0,0,0,0,0,0,0,0,0,9,9,0,9,0,0,0,0,0,0,0,0,0,0,0,0,0
"Venezuela",126.6,114.7,7.77,0,0.5,2,0,0.2,0.2,1.1,0,0.6,0,0,0.19,0.4,61.92,0,0,0,16.7,16,7.4,0,3,7.5581,0.3419,19.6,5.3,4.8,0,0,0,1.5,3.1,9,0,0,0,0,0,0.5,12.7,3.8,2.5,0,0,0,0,0,0,0,0,0,0,0,0,0.5,0,9,9,0,0,0,0,0,0,0,0,0,0,0,0,0,0.77,0
"Ecuador",1.05,1.84,1.21,0,0,0,0,0,0,0,0.1,0.33,3.4,0.19,0,0.19,0,0.11,0,0.61,0.1,1.3,3.23,0,1.01,0.421,0.019,0.94,1.7,0,0,0,0,0,3.35,9,0,0,0,0,0,0,0.77,0,0,0,0,0,0,0,0,0,0,0,0,0,0,0,9,0,0,0,0,0,9,0,0,0,0,0,9,0,0,0,0,0
"Peru",81.7,0.1,0.2,0,0,0.8,0,0.22,0.1,0.99,0,0.1,8,0.4,0.19,0,2.21,9.37,0,10.7,2.7,9,39.8,0.2,5.9,5.7404,0.2596,2.9,4.1,0.7,0.3,0,0,1.4,0.7,0,0,0,0,0,0,0.5,4.3,0.9,0,0,0,0,0,0,0,0,0,0.2,0,0.1,0,0,0,0,0,0.1,0,0,0,0,0.8,0,0,0.6,0,0,0.1,0.1,0.37,0
"Brazil",52.68,5.55,0.33,0,0,4.3,0,0,0,0,0,0,0.9,61.92,0,2.21,0,2.2,0.46,11.72,20.6,9,2.47,1.7,19.81,31.4668,1.4232,15.59,23.45,4.27,4.24,0.21,0.1,5.03,14.03,9,1.14,6.32,0,0,0,4.45,23.31,9.33,0.97,0.22,0,0,1.92,0,0,7.25,1.1,2.9,0.7,1.1,0,1.6,0,0,9,1.3,9,0,0,0,3.75,3.41,0,0,0,0,2.53,2.7,12.21,0.22
"Bolivia",17.21,0.52,0.33,0,0,0.33,0,0,0,0,0,0,0,0,0.11,9.37,2.2,0,0,4.86,11.35,1.1,35.32,0,0.28,1.2437,0.0563,0.34,1.77,0.26,0,0,9,0.11,0.16,0,0,0,9,0,0,0,0.88,0.11,0.11,0,0,0,0,0,0,0,0,0.22,0,0,0,0,0,9,9,0,0,0,0,0,0.56,0,0,0,0,0,0,0,0,0
"Paraguay",4,0.2,9,0,0,0,0,9,0,0,0,0,0,0,0,0,0.46,0,0,0,0,4.4,3,0,0.7,2.8702,0.1298,0,0.3,0,0,0,0,0,0.2,0,0.2,0,0,0,0,0,0,0.2,0,9,0,0,0.1,0,0,0,9,0,9,9,9,0,0,0,0,0,0,0,0,0,0.8,9,9,0,0,0,0,0,0,9
"Chile",37.9,2.9,5.6,0,0,0.4,0,0.11,0.4,0,0.1,0.66,1,0,0.61,10.7,11.72,4.86,0,0,0.7,6,0.4,0.4,0.1,1.1481,0.0519,14,3,5,1.2,0,0,0,12.1,0,0,3.4,0,0,0,0.2,0.8,1.1,0.7,0,0,0,0.4,0,0,0,0,12.2,0.1,0.2,0,0.2,0,9,0,1.7,0,0,0,0,2.6,0,0,0.1,0,0,0,0.1,0.91,0.22
"Argentina",5,1.6,0.44,0,0,4.7,0,0,0,0,0,0.11,0.1,16.7,0.1,2.7,20.6,11.35,0,0.7,0,0.9,160.3,2.2,9.6,9.1846,0.4154,7.2,5.9,5.5,1.2,0,0,9,56.5,0,8.4,0.3,0,0,0,20.2,51.8,1.1,2,0,0,0,2,9,9,0.5,0.1,0.3,0.1,0.1,9,5,0,0,0,0,0,0,0,0,42.4,0,0,1.1,0,0,1.54,2.9,1.32,0
"Uruguay",5,2.1,6,0,0.1,1,0,0,0,0,0,0,0.8,16,1.3,9,9,1.1,4.4,6,0.9,0,4,0.4,0.6,2.7745,0.1255,8.5,3.2,1.2,0.1,0,0,0.2,3.9,0,0.2,3.3,0,0.2,0,0.8,3.2,0.1,0.3,0,0,9,0.1,0,0,0.5,0,0.7,9,0,0,0.1,1.1,9,9,0,9,0,0,0,2.9,0,9,0.4,9,0,0.44,0.7,0.77,0.88
"United Kingdom",563.3,290.4,113.28,1.7,61.61,32.6,3.2,1.02,1.6,1.68,2.8,2.79,17.5,7.4,3.23,39.8,2.47,35.32,3,0.4,160.3,4,0,72,148.8,41.1393,1.8607,232.1,32.4,81.9,4.3,37,4,14.7,152.6,0,0.7,23,0.8,1.6,100.7,183.4,96.2,67.5,60.3,9.3,0,2.1,297.4,0,43.3,37.6,5.1,13.6,7.4,12.7,0,17,94,0,0,15.9,0,0,0,0.2,113,3,17.7,50.1,0,23.6,4.86,33.6,326.97,120.11
"Ireland",63.2,23.8,9.59,0,0,0.1,0,0,0,0,0,0,0,0,0,0.2,1.7,0,0,0.4,2.2,0.4,72,0,10.7,10.6197,0.4803,6.1,0.1,2.9,1.8,3.5,0,2.5,4,0,0.2,4.4,0,0,0.4,7.8,15.6,1.2,5,0.1,0,0.1,1.7,0,1.4,2.3,0,0.2,0,0,0,0.3,1.1,0,0,0.8,0,0,0,0,19.6,1.5,0.1,1.2,9,0.2,2.4,1.5,10.84,4.6
"Netherlands",152.7,10.7,34.93,1.7,0.47,0.2,1.1,0.2,1.4,0.02,0.5,0.34,0.8,3,1.01,5.9,19.81,0.28,0.7,0.1,9.6,0.6,148.8,10.7,0,179.9603,8.1396,12.8,5.1,2.5,3.1,1,0.7,1.8,2.6,0,4.7,1.6,0.4,0.3,12.3,1.2,16.6,12.3,27.5,2,0,0.3,15.5,0,7.6,7.1,8,7.5,28.5,3.4,0,6.7,10.6,0,0,16.8,0,0,0,0.2,8,2.3,3.1,2,0,2.7,6.5,94.6,7.52,0.87
"Belgium",168.8624,39.4172,4.3148,7.3668,0.9567,5.6447,1.4351,0.287,0.9567,0.3444,0.1913,0.1339,8.8976,7.5581,0.421,5.7404,31.4668,1.2437,2.8702,1.1481,9.1846,2.7745,41.1393,10.6197,179.9603,0,0,52.1417,31.4763,3.1572,19.8043,2.0091,5.0707,8.3235,14.7336,0,6.4101,21.7177,0.0957,2.3918,3.2529,12.6288,26.6927,21.335,33.1028,1.2437,0,2.2005,12.3418,0,9.0889,10.811,2.9659,7.5581,1.3394,4.3053,0,12.3418,0.4784,0,0,3.6356,9,0,0,0,9.1846,12.3418,2.1048,2.4875,0,0.574,14.0926,6.7928,34.0978,4.1713
"Luxembourg",7.6377,1.7828,0.1952,0.3332,0.0433,0.2553,0.0649,0.013,0.0433,0.0156,0.0087,0.0061,0.4024,0.3419,0.019,0.2596,1.4232,0.0563,0.1298,0.0519,0.4154,0.1255,1.8607,0.4803,8.1396,0,0,2.3584,1.4237,0.1428,0.8957,0.0909,0.2293,0.3765,0.6664,0,0.2899,0.9823,0.0043,0.1082,0.1471,0.5712,1.2073,0.965,1.4972,0.0563,0,0.0995,0.5582,0,0.4111,0.489,0.1341,0.3419,0.0606,0.1947,0,0.5582,0.0216,0,0,0.1644,9,0,0,0,0.4154,0.5582,0.0952,0.1125,0,0.026,0.6374,0.3072,1.5422,0.1887
"France",235.7,24.9,7.45,0.6,0.67,24.8,0,0.1,0.8,0.18,0.3,0.55,5.2,19.6,0.94,2.9,15.59,0.34,0,14,7.2,8.5,232.1,6.1,12.8,52.1417,2.3584,0,69.2,0.5,3.8,7.4,1.7,1.5,35.9,0,8.1,12.7,0.5,2.5,8.8,13.9,10.1,6.7,17.7,0,0,0.9,36.5,0,22.7,6.1,95.9,2.7,0.6,14.1,0,16.8,104.7,0,0,15.5,0,0,0,0,16.2,65,0.2,3.9,0,2,6.19,19.1,152.32,43.55
"Switzerland",75.5,18.3,3.12,1.4,0.48,3.3,2.3,0.09,0.6,0.4,1.3,0.22,5.6,5.3,1.7,4.1,23.45,1.77,0.3,3,5.9,3.2,32.4,0.1,5.1,31.4763,1.4237,69.2,0,3.2,4.5,1.8,3.1,5.2,25.1,0,3.6,0.5,0.6,6.4,0.4,4.9,6.3,2.9,8.9,0,0,1,4,0,12.2,4.6,0.4,3.4,0.2,2.2,0,7.4,1.5,0,0,12.9,0,0,0,0,13.5,3.5,0.4,0.8,0,3,5.64,3,8.03,1.87
"Spain",5.2,7.2,8.66,0,1.45,2.5,0.1,0,0.1,0,0.1,0.01,0.4,4.8,0,0.7,4.27,0.26,0,5,5.5,1.2,81.9,2.9,2.5,3.1572,0.1428,0.5,3.2,0,2.9,0,0,0.2,2.3,0,0,0.1,0,0,0,2.6,5.8,1.8,3.9,0.6,0,0.1,0.6,0,2,0.7,0.1,7.4,0.6,0,0,0.3,12.9,0,0,0.1,0,0,0,0,3.7,6.5,0,0.2,0,0,0.19,0.1,5.21,0.11
"Portugal",15.8,4.7,1.23,0,0,3.7,0,0,0,0,0,0,0,0,0,0.3,4.24,0,0,1.2,1.2,0.1,4.3,1.8,3.1,19.8043,0.8957,3.8,4.5,2.9,0,0.2,0,0.2,0.7,0,0,0.6,0,0,3.3,0.2,3.4,2.1,3.5,0.4,0,0,1.2,0,0.1,0.2,0.2,1.5,0,0.2,0,0.2,14.1,0,0,0.3,0,0,0,0,0.9,4.3,0,0.2,9,0,0.11,0.7,1.06,0.55
"Poland",10,32.1,0.33,0,0,0.2,0,0,0,0,0,0,0,0,0,0,0.21,0,0,0,0,0,37,3.5,1,2.0091,0.0909,7.4,1.8,0,0.2,0,0,9,10.7,0,0,0,0,0,0,28.4,21.2,0.1,19.3,0.2,0,0,0,9,9.4,1,0.1,1.7,0,0.2,9,1.6,0,9,0,0,0,0,0,0,0.1,14.1,0,0.8,0,0,0,1,30.57,20.4
"Hungary",2,0.9,0,0.2,0,0.1,0,0,0,0,0,0,0,0,0,0,0.1,9,0,0,0,0,4,0,0.7,5.0707,0.2293,1.7,3.1,0,0,0,0,9,0.8,0,0,0,0,0,0,0.1,0.2,0.1,0.3,0.4,0,0,10,9,9,0.8,1,0.8,0.8,0.3,9,0.9,0,9,0,0,0,0,0,0,0.4,0.7,0,0,0,0,9,0.9,2.89,0
"Czechoslovakia",23,4.7,1.32,0,0.33,1.5,0.8,0,0.2,0,0,0,0,1.5,0,1.4,5.03,0.11,0,0,9,0.2,14.7,2.5,1.8,8.3235,0.3765,1.5,5.2,0.2,0.2,9,9,0,0.8,9,0,0.2,9,9,9,2.6,4.4,0.3,2.6,0.1,0,0.4,5,9,4.2,1.9,2.9,21.3,1.7,1.9,9,2.6,9,0,0,9,0,0,0,0,3,3.1,0.3,1,0,9,0,2.1,9.2,1.33
"Italy",305.2,33.9,0.81,3.9,0.06,6.6,0.4,0.1,0.3,0.2,0.4,1.66,3.3,3.1,3.35,0.7,14.03,0.16,0.2,12.1,56.5,3.9,152.6,4,2.6,14.7336,0.6664,35.9,25.1,2.3,0.7,10.7,0.8,0.8,0,0.1,20.6,29.5,0.4,0.8,1.7,5.9,1,2,14.4,1.6,0,0.7,3.7,0,19.2,14.1,10.4,6.1,7.3,3.1,0,13.5,81.8,0,0,7,0,0,0,0,26.6,18.1,0.9,9.3,9,3.1,1.83,5.6,59.54,5.44
"Albania",0,9,0,0,9,0,9,0,0,9,0,9,0,9,9,0,9,0,0,0,0,0,0,0,0,0,0,0,0,0,0,0,0,9,0.1,0,0,0,0,0,0,0,0,0,0,0,0,0,0,0,9,0,0,0,0,0,9,0,0,0,0,0,0,0,0,0,9,0,0,0,0,0,0,0,0,9
"Yugoslavia",121.5,4.2,2.3,0,0,0.9,0,0,0,0,0,0,0,0,0,0,1.14,0,0.2,0,8.4,0.2,0.7,0.2,4.7,6.4101,0.2899,8.1,3.6,0,0,0,0,0,20.6,0,0,1.5,0,0,0,0.3,0.7,2.2,2.4,0,0,0,0.2,0,0.5,0.4,7.9,3.2,0.9,0.1,0,2.1,0.1,0,0,0,0,0,0,0,0.6,0.6,0,0.7,0,0,0,0.5,7.89,3.9
"Greece",95.8,1.8,13.9,0,0,0.7,0,0,0,0,0,0,0,0,0,0,6.32,0,0,3.4,0.3,3.3,23,4.4,1.6,21.7177,0.9823,12.7,0.5,0.1,0.6,0,0,0.2,29.5,0,1.5,0,0,0,0,1,15.3,2,2.3,1.3,0,0,0,0,11.8,7.5,0.3,3.4,0.1,0.2,0,0,0,0,0,0,0,0,0,0,1.2,0,0,0,0,0,0,0,4.59,0
"Bulgaria",1,0,0,9,0,0,0,0,0,0,0,0,0,0,0,0,0,9,0,0,0,0,0.8,0,0.4,0.0957,0.0043,0.5,0.6,0,0,0,0,9,0.4,0,0,0,0,0,0,0.2,0.1,0,0,0,0,0,0,9,9,0.2,0,0.1,0.1,0.2,9,0.9,0,9,0,0,0,0,0,0,0,0,0,0,0,0,9,0,0.18,0
"Romania",0,3.6,0,9,0,0,0,0,0,0,0,0,0,0,0,0,0,0,0,0,0,0.2,1.6,0,0.3,2.3918,0.1082,2.5,6.4,0,0,0,0,9,0.8,0,0,0,0,0,0,5.3,2.4,0,0.1,0,0,0,0,9,9,0.4,0,0.9,0.6,0.1,9,1.5,0,0,0,0,0,0,0,0,0,0,0,0,0,0,0,0,1.15,0
"Russia",29,42.1,0,0,0,0.3,0,0,0,0,0,0,0,0,0,0,0,0,0,0,0,0,100.7,0.4,12.3,3.2529,0.1471,8.8,0.4,0,3.3,0,0,9,1.7,0,0,0,0,0,0,80.2,20.3,1.9,8.8,0,0,0,0,9,27.8,2,0,13,0.1,0,0,0.1,0,0,0,0,0,0,0,0,12,2.9,0,0.3,0,0,0,0,10.68,3.07
"Finland",20.2,2.3,1.91,0,0,0.6,0,0,0,0,0,0,0.9,0.5,0,0.5,4.45,0,0,0.2,20.2,0.8,183.4,7.8,1.2,12.6288,0.5712,13.9,4.9,2.6,0.2,28.4,0.1,2.6,5.9,0,0.3,1,0.2,5.3,80.2,0,12.8,8.6,5.1,0.1,0,0.1,6,0,0.1,0.4,0.4,12.1,0.9,0.5,0,1.4,0.1,0,0,0,9,0,0,0,3,5.2,0.1,1.2,9,0.4,0.1,0.5,4.72,1.83
"Sweden",54.7,0.6,2.7,0,0.22,1.3,0.1,0,0.5,0,0.1,0.44,0.5,12.7,0.77,4.3,23.31,0.88,0,0.8,51.8,3.2,96.2,15.6,16.6,26.6927,1.2073,10.1,6.3,5.8,3.4,21.2,0.2,4.4,1,0,0.7,15.3,0.1,2.4,20.3,12.8,0,47.6,41.1,1,0,0.4,17.4,0,19.9,0.8,1.6,13.4,0.5,1.3,0,2.2,1.1,0,0,5.7,0,0,0,0,5.6,5,0.3,4.3,9,0.6,4.08,0.3,23.28,2.73
"Norway",55.8,28.8,1.28,0,0,1,0,0,0,0,0,0,0,3.8,0,0.9,9.33,0.11,0.2,1.1,1.1,0.1,67.5,1.2,12.3,21.335,0.965,6.7,2.9,1.8,2.1,0.1,0.1,0.3,2,0,2.2,2,0,0,1.9,8.6,47.6,0,5.9,0.1,0,1,3.5,0,11.9,0.7,0.3,5.4,0.1,0.1,0,0.8,0.3,0,0,1.7,0,0,0,0,3.3,1.1,1.5,0.2,9,0.5,4.79,3.6,11.27,0.62
"Denmark",86.4,2,0.34,0,0,1,0.1,0,0.2,0,0,1.88,0,2.5,0,0,0.97,0.11,0,0.7,2,0.3,60.3,5,27.5,33.1028,1.4972,17.7,8.9,3.9,3.5,19.3,0.3,2.6,14.4,0,2.4,2.3,0,0.1,8.8,5.1,41.1,5.9,0,2.2,0,0,0.1,0,0.1,0.4,0.1,2.1,0.3,0.3,0,1.4,0,0,0,8.6,0,0,0,0,2.4,0.1,0.8,0.1,0,2.1,0.26,0.5,0.84,1.76
"Iceland",1.6,0.5,0.19,0,0,0,0,0,0,0,0,0,0,0,0,0,0.22,0,9,0,0,0,9.3,0.1,2,1.2437,0.0563,0,0,0.6,0.4,0.2,0.4,0.1,1.6,0,0,1.3,0,0,0,0.1,1,0.1,2.2,0,0,0,0,0,0,0,0,0,0,0,0,1.4,0,0,0,0,9,0,0,0,0.1,0,0,0,0,0,0.1,0,0,0
"Liberia",0,0,0,0,0,0,9,0,0,0,0,9,0,0,0,0,0,0,0,0,0,0,0,0,0,0,0,0,0,0,0,0,0,0,0,0,0,0,0,0,0,0,0,0,0,0,0,0,0,9,0,0,9,0,0,0,9,0,0,0,0,0,0,0,0,0,0,0,0,0,0,0,0,0,0,0
"Ethiopia",15.1,0,0,9,9,0,0,9,0,0,0,0,0,0,0,0,0,0,0,0,0,9,2.1,0.1,0.3,2.2005,0.0995,0.9,1,0.1,0,0,0,0.4,0.7,0,0,0,0,0,0,0.1,0.4,1,0,0,0,0,0,0,0.8,0,0.3,0.5,0.3,0.1,0,0.3,0.8,0,0,0.2,0,0,0,0,11.9,0,0,1.6,9,0,0,0,0,0
"South Africa",99,1.1,0,0,0,0.7,0,0,0,0.2,0.1,0,0,0,0,0,1.92,0,0.1,0.4,2,0.1,297.4,1.7,15.5,12.3418,0.5582,36.5,4,0.6,1.2,0,10,5,3.7,0,0.2,0,0,0,0,6,17.4,3.5,0.1,0,0,0,0,0,18,0.9,0.4,19.1,9.1,0.6,9,13.9,25,0,0,1,0,0,0,0,0.4,2.6,0,13,0,0.9,2,4.9,2.81,4.58
"Libya",0,6.7,0,0,0,0,0,0,0,0,0,0,0,0,0,0,0,0,0,0,9,0,0,0,0,0,0,0,0,0,0,9,9,9,0,0,0,0,9,9,9,0,0,0,0,0,9,0,0,0,9,0,0,0,0,0,0,0,9,0,0,9,0,0,0,9,0,0,0,0,0,9,0,0,0,0
"Iran",16.8,0.3,0,0,0,5.5,0,0,0,0,0,0,0,0,0,0,0,0,0,0,9,0,43.3,1.4,7.6,9.0889,0.4111,22.7,12.2,2,0.1,9.4,9,4.2,19.2,9,0.5,11.8,9,9,27.8,0.1,19.9,11.9,0.1,0,0,0.8,18,9,0,4.8,2.5,16.5,0.9,1.1,9,2.1,9,9,9,9.1,9,0,9,9,46.1,12.5,1,7.2,9,9,1.21,0.7,24.87,8.03
"Turkey",29.1,0.1,0,0,0,0.3,0,0,0,0,0,0,0,0,0,0,7.25,0,0,0,0.5,0.5,37.6,2.3,7.1,10.811,0.489,6.1,4.6,0.7,0.2,1,0.8,1.9,14.1,0,0.4,7.5,0.2,0.4,2,0.4,0.8,0.7,0.4,0,0,0,0.9,0,4.8,0,0.2,5.7,6.8,2.6,0,1.2,13.7,0,9,0,0,0,0,0,2.9,1.6,0.2,1.2,0,0,0,0.3,8.29,0.12
"Iraq",1.3,1.9,0,0,0,0.8,9,0,0,0,0,0,0,0,0,0,1.1,0,9,0,0.1,0,5.1,0,8,2.9659,0.1341,95.9,0.4,0.1,0.2,0.1,1,2.9,10.4,0,7.9,0.3,0,0,0,0.4,1.6,0.3,0.1,0,9,0.3,0.4,0,2.5,0.2,0,8.9,1,10.3,0,0,0.3,0,0,0,0,0,0,0,3.4,2.6,0,7.4,0,0.2,2.42,2.4,0.3,0.33
"Egypt",27.7,5,0,0,0,0.1,0,0,0,0,0,0,0,0,0,0.2,2.9,0.22,0,12.2,0.3,0.7,13.6,0.2,7.5,7.5581,0.3419,2.7,3.4,7.4,1.5,1.7,0.8,21.3,6.1,0,3.2,3.4,0.1,0.9,13,12.1,13.4,5.4,2.1,0,0,0.5,19.1,0,16.5,5.7,8.9,0,1.4,3.5,0,1.1,5.6,0,0,0.1,0,0,0,0,77,3.1,0.8,15.2,0,0,0,1.7,46.98,0.3
"Syria",0.3,15.9,1.6,0,9,9,0,0,0,0,0,0,0,0,0,0,0.7,0,9,0.1,0.1,9,7.4,0,28.5,1.3394,0.0606,0.6,0.2,0.6,0,0,0.8,1.7,7.3,0,0.9,0.1,0.1,0.6,0.1,0.9,0.5,0.1,0.3,0,0,0.3,9.1,0,0.9,6.8,1,1.4,0,12.6,0,9,0.7,0,9,0,0,0,0,0,1.2,0,9,1.9,0,0,0,0.2,0.2,0
"Lebanon",15.9,3.4,0.3,0,0,0,0,0,0,0,0,0,0,0,0,0.1,1.1,0,9,0.2,0.1,0,12.7,0,3.4,4.3053,0.1947,14.1,2.2,0,0.2,0.2,0.3,1.9,3.1,0,0.1,0.2,0.2,0.1,0,0.5,1.3,0.1,0.3,0,0,0.1,0.6,0,1.1,2.6,10.3,3.5,12.6,0,0,0,1.1,0,0,0.1,0,0,9,0,0.1,0.5,0,0.1,0,0,0.2,0,0.7,0
"Jordan",0,1.8,0,0,0,0,0,0,0,0,0,0,0,0,0,0,0,0,9,0,9,0,0,0,0,0,0,0,0,0,0,9,9,9,0,9,0,0,9,9,0,0,0,0,0,0,9,0,9,0,9,0,0,0,0,0,0,0,9,0,9,9,0,0,9,9,0,0,0,0,0,9,0,0,0,0
"Israel",96.3,8.8,0,0,0,0.1,0,0,0,0,0,0,0,0.5,0,0,1.6,0,0,0.2,5,0.1,17,0.3,6.7,12.3418,0.5582,16.8,7.4,0.3,0.2,1.6,0.9,2.6,13.5,0,2.1,0,0.9,1.5,0.1,1.4,2.2,0.8,1.4,1.4,0,0.3,13.9,0,2.1,1.2,0,1.1,9,0,0,0,0,0,0,0.7,0,0,0,0,1.4,0,0,0.2,0,0,3.1,0,1.19,0.1
"Saudi Arabia",21,2.9,0,9,0,18,0,0,0,0,0,0,0,0,9,0,0,0,0,0,0,1.1,94,1.1,10.6,0.4784,0.0216,104.7,1.5,12.9,14.1,0,0,9,81.8,0,0.1,0,0,0,0,0.1,1.1,0.3,0,0,0,0.8,25,9,9,13.7,0.3,5.6,0.7,1.1,9,0,0,0,0,0,0,0,0,0,9.5,3.2,0,1.1,0,0,10.56,0.1,7.69,0.2
"Yemen Arab Republic",0,0.4,9,9,0,9,0,9,9,9,9,0,9,9,0,0,0,9,0,9,0,9,0,0,0,0,0,0,0,0,0,9,9,0,0,0,0,0,9,0,0,0,0,0,0,0,0,0,0,0,9,0,0,0,0,0,0,0,0,0,0,0,0,0,0,0,0,0,0,0,0,0,0,9,0,0
"Afghanistan",0,0,0,0,0,9,9,0,0,0,9,0,9,9,0,0,9,9,0,0,0,9,0,0,0,0,0,0,0,0,0,0,0,0,0,0,0,0,0,0,0,0,0,0,0,0,0,0,0,0,9,9,0,0,9,0,9,0,0,0,0,0,0,0,0,0,0,0,0,0,0,0,0,0,0,0
"China",52,101.2,0,0,0.11,0,0,0,0,0,0,0,0,0,0,0.1,1.3,0,0,1.7,0,0,15.9,0.8,16.8,3.6356,0.1644,15.5,12.9,0.1,0.3,0,0,9,7,0,0,0,0,0,0,0,5.7,1.7,8.6,0,0,0.2,1,9,9.1,0,0,0.1,0,0.1,9,0.7,0,0,0,0,0,0,0,0,15.5,28.4,1.2,6.7,0,0,0.6,3,7.69,1.65
"Mongolia",0,0,0,0,9,0,9,9,0,0,9,0,9,0,0,0,9,0,0,0,0,9,0,0,0,9,9,0,0,0,0,0,0,0,0,0,0,0,0,0,0,9,0,0,0,9,0,0,0,0,9,0,0,0,0,0,0,0,0,0,0,0,0,0,0,0,9,0,9,0,0,0,0,0,0,9
"Taiwan",0,0,0,0,0,0,0,0,0,0,0,0,0,0,0,0,0,0,0,0,0,0,0,0,0,0,0,0,0,0,0,0,0,0,0,0,0,0,0,0,0,0,0,0,0,0,0,0,0,0,0,0,0,0,0,0,0,0,0,0,0,0,0,0,0,0,0,0,0,0,0,0,0,0,0,0
"North Korea",9,0,0,0,0,9,0,0,0,0,0,0,0,0,9,0,0,0,0,0,0,0,0,0,0,0,0,0,0,0,0,0,0,0,0,0,0,0,0,0,0,0,0,0,0,0,0,0,0,0,9,0,0,0,0,9,9,0,0,0,0,0,0,0,0,0,0,0,0,0,0,0,0,0,0,9
"South Korea",41,33.1,0.2,0,0,0,0,0,0,0,0,0,0,0,0,0,0,0,0,0,0,0,0.2,0,0.2,0,0,0,0,0,0,0,0,0,0,0,0,0,0,0,0,0,0,0,0,0,0,0,0,9,9,0,0,0,0,0,9,0,0,0,0,0,0,0,0,0,0,0,0,0,0,0,0,0,0.3,0.1
"India",112.7,5.5,16.7,0.3,1.76,2.1,0.6,0,0,0,0.3,0,0,0,0,0.8,3.75,0.56,0.8,2.6,42.4,2.9,113,19.6,8,9.1846,0.4154,16.2,13.5,3.7,0.9,0.1,0.4,3,26.6,9,0.6,1.2,0,0,12,3,5.6,3.3,2.4,0.1,0,11.9,0.4,0,46.1,2.9,3.4,77,1.2,0.1,0,1.4,9.5,0,0,15.5,9,0,0,0,0,103.9,12.4,26.8,0,8.2,3.59,21.1,80.75,16.05
"Pakistan",17.8,0.5,12.5,0,0,0.2,0,0,0,1.1,0,0,0,0,0,0,3.41,0,9,0,0,0,3,1.5,2.3,12.3418,0.5582,65,3.5,6.5,4.3,14.1,0.7,3.1,18.1,0,0.6,0,0,0,2.9,5.2,5,1.1,0.1,0,0,0,2.6,0,12.5,1.6,2.6,3.1,0,0.5,0,0,3.2,0,0,28.4,0,0,0,0,103.9,0,0.8,1,0,0,0,0,15.31,0.22
"Myanmar",1.4,0.3,9,0,0,0,9,0,0,0,0,0,0,0,0,0,0,0,9,0,0,9,17.7,0.1,3.1,2.1048,0.0952,0.2,0.4,0,0,0,0,0.3,0.9,0,0,0,0,0,0,0.1,0.3,1.5,0.8,0,0,0,0,0,1,0.2,0,0.8,9,0,0,0,0,0,0,1.2,9,0,0,0,12.4,0.8,0,48,0,0.6,0,24.9,3,0.2
"Sri Lanka",35.7,13.5,0.11,0,0,0.4,0,0,0,0,0,0,0,0,0,0.6,0,0,0,0.1,1.1,0.4,50.1,1.2,2,2.4875,0.1125,3.9,0.8,0.2,0.2,0.8,0,1,9.3,0,0.7,0,0,0,0.3,1.2,4.3,0.2,0.1,0,0,1.6,13,0,7.2,1.2,7.4,15.2,1.9,0.1,0,0.2,1.1,0,0,6.7,0,0,0,0,26.8,1,48,0,0,3.3,0.99,3,5.56,11.66
"Nepal",0,0,0,0,0,9,0,0,0,0,0,0,0,0,9,0,0,0,0,0,0,9,0,9,0,0,0,0,0,0,9,0,0,0,9,0,0,0,0,0,0,9,9,9,0,0,0,9,0,0,9,0,0,0,0,0,0,0,0,0,0,0,0,0,0,0,0,0,0,0,0,0,0,0,0,0
"Thailand",83,7.6,0,0,0,1.9,0,0,0,0,0,0,0,0,0,0,0,0,0,0,0,0,23.6,0.2,2.7,0.574,0.026,2,3,0,0,0,0,9,3.1,0,0,0,0,0,0,0.4,0.6,0.5,2.1,0,0,0,0.9,9,9,0,0.2,0,0,0,9,0,0,0,0,0,0,0,0,0,8.2,0,0.6,3.3,0,0,15.53,28,2.08,0.1
"Philippines",72.96,5.76,0,0,0,4.6,0,0,0,0,0,0,0,0,0,0.1,2.53,0,0,0,1.54,0.44,4.86,2.4,6.5,14.0926,0.6374,6.19,5.64,0.19,0.11,0,9,0,1.83,0,0,0,9,0,0,0.1,4.08,4.79,0.26,0.1,0,0,2,0,1.21,0,2.42,0,0,0.2,0,3.1,10.56,0,0,0.6,0,0,0,0,3.59,0,0,0.99,0,15.53,0,11.69,0.88,0.11
"Indonesia",110.1,3.1,0,0,0,0.2,0,0,0,0,0.2,0,0,0,0,0.1,2.7,0,0,0.1,2.9,0.7,33.6,1.5,94.6,6.7928,0.3072,19.1,3,0.1,0.7,1,0.9,2.1,5.6,0,0.5,0,0,0,0,0.5,0.3,3.6,0.5,0,0,0,4.9,0,0.7,0.3,2.4,1.7,0.2,0,0,0,0.1,9,0,3,0,0,0,0,21.1,0,24.9,3,0,28,11.69,0,49.46,12.32
"Australia",188.46,0.74,0,0,0,5.9,0,0,0,0,0,0,0,0.77,0,0.37,12.21,0,0,0.91,1.32,0.77,326.97,10.84,7.52,34.0978,1.5422,152.32,8.03,5.21,1.06,30.57,2.89,9.2,59.54,0,7.89,4.59,0.18,1.15,10.68,4.72,23.28,11.27,0.84,0,0,0,2.81,0,24.87,8.29,0.3,46.98,0.2,0.7,0,1.19,7.69,0,0,7.69,0,0,0,0.3,80.75,15.31,3,5.56,0,2.08,0.88,49.46,0,51.37
"New Zealand",44.38,12.48,0,0,0,0.6,0,0,0,0,0,0.77,0,0,0,0,0.22,0,9,0.22,0,0.88,120.11,4.6,0.87,4.1713,0.1887,43.55,1.87,0.11,0.55,20.4,0,1.33,5.44,9,3.9,0,0,0,3.07,1.83,2.73,0.62,1.76,0,0,0,4.58,0,8.03,0.12,0.33,0.3,0,0,0,0.1,0.2,0,0,1.65,9,0,9,0.1,16.05,0.22,0.2,11.66,0,0.1,0.11,12.32,51.37,0
