"","United States of America","Haiti","Mexico","Guatemala","El Salvador","Colombia","Venezuela","Ecuador","Peru","Brazil","Bolivia","Paraguay","Chile","Argentina","Uruguay","United Kingdom","Netherlands","Belgium","France","Switzerland","Spain","Portugal","Germany","Austria-Hungary","Italy","Yugoslavia","Greece","Romania","Russia","Sweden","Denmark","Morocco","Iran","Turkey","China","Japan"
"United States of America",0,0,1,0,0,0,0,0,0,38,0,0,0.88,3.55,2.44,308.54,11.74,16.83,2.7,11.42,14.62,4.13,7.5,0,5.18,0,0,0,0,2.11,3.64,0,0,0.29,6.38,9
"Haiti",0,0,0,0,0,0,0,0,0,0,0,0,0,0,0,1.24,0,0,4.56,0,0,0,0,0,0,0,0,0,0,0,0,0,0,0,0,0
"Mexico",1,0,0,0,0,0,0,0,0,0,0,0,0,0,0,0.34,0,0,2.55,0,0,0,10.23,0,0,0,0,0,0,0,0,0,0,0,0,0
"Guatemala",0,0,0,0,0,0,0,0,0,0,0,0,0,0,0,0,0,0,0.77,0,0,0,0,0,0,0,0,0,0,0,0,0,0,0,0,0
"El Salvador",0,0,0,0,0,0,0,0,0,0,0,0,0,0,0,0,0,0,0,0,0,0,0,0,0,0,0,0,0,0,0,0,0,0,0,0
"Colombia",0,0,0,0,0,0,0,0,0,0,0,0,0,0,0,2.47,0,0,1.93,0,0,0,0,0,0,0,0,0,0,0,0,0,0,0,0,0
"Venezuela",0,0,0,0,0,0,0,0,0,0,0,0,0,0,0,0.49,0,0,2.41,0,0,0,0,0,0,0,0,0,0,0,0,0,0,0,0,0
"Ecuador",0,0,0,0,0,0,0,0,0,0,0,0,0,0,0,0.48,0,0,9.15,0,0,0,0,0,0,0,0,0,0,0,0,0,0,0,0,0
"Peru",0,0,0,0,0,0,0,0,0,0,0,0,0,0,0,5.66,10.29,0.83,2.57,0,0,0,0,0,0,0,0,0,0,0,0,0,0,0,0,0
"Brazil",38,0,0,0,0,0,0,0,0,0,0,0,0,0,1.12,5.99,0,2.26,0.89,0,0,0,0,0,0,0,0,0,0,0,0,0,0,0,0,0
"Bolivia",0,0,0,0,0,0,0,0,0,0,0,0,0,0,0,0.66,10.29,0,0,0,0,0,0,0,0,0,0,0,0,0,0,0,0,0,0,0
"Paraguay",0,0,0,0,0,0,0,0,0,0,0,0,0,0,0,0,0,0,0,0,0,0,0,0,0,0,0,0,0,0,0,0,0,0,0,0
"Chile",0.88,0,0,0,0,0,0,0,0,0,0,0,0,11.56,0,5.31,0,0.83,0.02,0,0,0,3.12,0,0,0,0,0,0,0,0,0,0,0,0,0
"Argentina",3.55,0,0,0,0,0,0,0,0,0,0,0,11.56,0,0.71,12.92,9.0008,8.52,19.46,0,1.48,0,3.77,0,0,0,0,0,0,0,0,0,0,0,0,0
"Uruguay",2.44,0,0,0,0,0,0,0,0,1.12,0,0,0,0.71,0,3.79,0,13.89,3.96,0,0,0,1.94,0,0,0,0,0,0,0,0,0,0,0,0,0
"United Kingdom",308.54,1.24,0.34,0,0,2.47,0.49,0.48,5.66,5.99,0.66,0,5.31,12.92,3.79,0,78.4,34.31,100.75,8.95,30.55,6.2,32.33,6.65,17.94,0,5.02,9.56,65.42,28.82,14.23,0.26,1.16,7.06,17.65,7.7
"Netherlands",11.74,0,0,0,0,0,0,0,10.29,0,10.29,0,0,9.0008,0,78.4,0,13.58,0.25,0,0,0.13,36.47,0.25,3.92,0,0,0,28.95,0.02,2.93,0,0,0,9.0044,0
"Belgium",16.83,0,0,0,0,0,0,0,0.83,2.26,0,0,0.83,8.52,13.89,34.31,13.58,0,6.33,5.24,3.55,0,31.54,0,2.63,0,0,0,16.78,6.23,0.99,0,0,0,0,0
"France",2.7,4.56,2.55,0.77,0,1.93,2.41,9.15,2.57,0.89,0,0,0.02,19.46,3.96,100.75,0.25,6.33,0,13.8,38.32,2.07,14.23,18.31,16.49,0,8.36,0.38,29.06,7.84,0.95,13.4,0,16.11,11.57,5.06
"Switzerland",11.42,0,0,0,0,0,0,0,0,0,0,0,0,0,0,8.95,0,5.24,13.8,0,0,0,1.87,5.33,9.23,0,0,0,0,0,0,0,0,0,0,0
"Spain",14.62,0,0,0,0,0,0,0,0,0,0,0,0,1.48,0,30.55,0,3.55,38.32,0,0,0.41,7.39,0,1.26,0,0,0,0,0,0,0,0,0,0,0
"Portugal",4.13,0,0,0,0,0,0,0,0,0,0,0,0,0,0,6.2,0.13,0,2.07,0,0.41,0,2.69,0,1.26,0,0,0,0,0,0,0,0,0,0,0
"Germany",7.5,0,10.23,0,0,0,0,0,0,0,0,0,3.12,3.77,1.94,32.33,36.47,31.54,14.23,1.87,7.39,2.69,0,23.61,2.93,0,0,7.42,47.81,9.04,6.8,0,0,0.1057,0,1.18
"Austria-Hungary",0,0,0,0,0,0,0,0,0,0,0,0,0,0,0,6.65,0.25,0,18.31,5.33,0,0,23.61,0,25.92,0.39,0,7.04,3.46,0,0,0,0,12.04,0,0
"Italy",5.18,0,0,0,0,0,0,0,0,0,0,0,0,0,0,17.94,3.92,2.63,16.49,9.23,1.26,1.26,2.93,25.92,0,0,1.1,0,14.16,0,0,0,0,10.05,0,0
"Yugoslavia",0,0,0,0,0,0,0,0,0,0,0,0,0,0,0,0,0,0,0,0,0,0,0,0.39,0,0,0,0,0,0,0,0,0,0,0,0
"Greece",0,0,0,0,0,0,0,0,0,0,0,0,0,0,0,5.02,0,0,8.36,0,0,0,0,0,1.1,0,0,0,5.19,0,0,0,0,0,0,0
"Romania",0,0,0,0,0,0,0,0,0,0,0,0,0,0,0,9.56,0,0,0.38,0,0,0,7.42,7.04,0,0,0,0,0.56,0,0,0,0,0,0,0
"Russia",0,0,0,0,0,0,0,0,0,0,0,0,0,0,0,65.42,28.95,16.78,29.06,0,0,0,47.81,3.46,14.16,0,5.19,0.56,0,8.63,0,0,0,0.45,4.75,0
"Sweden",2.11,0,0,0,0,0,0,0,0,0,0,0,0,0,0,28.82,0.02,6.23,7.84,0,0,0,9.04,0,0,0,0,0,8.63,0,4.15,0,0,0,0,0
"Denmark",3.64,0,0,0,0,0,0,0,0,0,0,0,0,0,0,14.23,2.93,0.99,0.95,0,0,0,6.8,0,0,0,0,0,0,4.15,0,0,0,0,0,0
"Morocco",0,0,0,0,0,0,0,0,0,0,0,0,0,0,0,0.26,0,0,13.4,0,0,0,0,0,0,0,0,0,0,0,0,0,0,0,0,0
"Iran",0,0,0,0,0,0,0,0,0,0,0,0,0,0,0,1.16,0,0,0,0,0,0,0,0,0,0,0,0,0,0,0,0,0,0,0,0
"Turkey",0.29,0,0,0,0,0,0,0,0,0,0,0,0,0,0,7.06,0,0,16.11,0,0,0,0.1057,12.04,10.05,0,0,0,0.45,0,0,0,0,0,0,0
"China",6.38,0,0,0,0,0,0,0,0,0,0,0,0,0,0,17.65,9.0044,0,11.57,0,0,0,0,0,0,0,0,0,4.75,0,0,0,0,0,0,4.83
"Japan",9,0,0,0,0,0,0,0,0,0,0,0,0,0,0,7.7,0,0,5.06,0,0,0,1.18,0,0,0,0,0,0,0,0,0,0,0,4.83,0
