"","United States of America","Canada","Bahamas","Cuba","Haiti","Dominican Republic","Jamaica","Trinidad and Tobago","Barbados","Dominica","Grenada","St. Lucia","St. Vincent and the Grenadines","Antigua & Barbuda","St. Kitts and Nevis","Mexico","Belize","Guatemala","Honduras","El Salvador","Nicaragua","Costa Rica","Panama","Colombia","Venezuela","Guyana","Suriname","Ecuador","Peru","Brazil","Bolivia","Paraguay","Chile","Argentina","Uruguay","United Kingdom","Ireland","Netherlands","Belgium","Luxembourg","France","Monaco","Liechtenstein","Switzerland","Spain","Andorra","Portugal","Germany","Poland","Austria","Hungary","Czech Republic","Slovakia","Italy","San Marino","Malta","Albania","Macedonia","Croatia","Yugoslavia","Bosnia and Herzegovina","Slovenia","Greece","Cyprus","Bulgaria","Moldova","Romania","Russia","Estonia","Latvia","Lithuania","Ukraine","Belarus","Armenia","Georgia","Azerbaijan","Finland","Sweden","Norway","Denmark","Iceland","Cape Verde","Sao Tome and Principe","Guinea-Bissau","Equatorial Guinea","Gambia","Mali","Senegal","Benin","Mauritania","Niger","Ivory Coast","Guinea","Burkina Faso","Liberia","Sierra Leone","Ghana","Togo","Cameroon","Nigeria","Gabon","Central African Republic","Chad","Congo","Democratic Republic of the Congo","Uganda","Kenya","Tanzania","Burundi","Rwanda","Somalia","Djibouti","Ethiopia","Eritrea","Angola","Mozambique","Zambia","Zimbabwe","Malawi","South Africa","Namibia","Lesotho","Botswana","Swaziland","Madagascar","Comoros","Mauritius","Seychelles","Morocco","Algeria","Tunisia","Libya","Sudan","Iran","Turkey","Iraq","Egypt","Syria","Lebanon","Jordan","Israel","Saudi Arabia","Yemen","Kuwait","Bahrain","Qatar","United Arab Emirates","Oman","Afghanistan","Turkmenistan","Tajikistan","Kyrgyzstan","Uzbekistan","Kazakhstan","China","Mongolia","Taiwan","North Korea","South Korea","Japan","India","Bhutan","Pakistan","Bangladesh","Myanmar","Sri Lanka","Maldives","Nepal","Thailand","Cambodia","Laos","Vietnam","Malaysia","Singapore","Brunei","Philippines","Indonesia","East Timor","Australia","Papua New Guinea","New Zealand","Vanuatu","Solomon Islands","Kiribati","Tuvalu","Fiji","Tonga","Nauru","Marshall Islands","Palau","Federated States of Micronesia","Samoa"
"United States of America",0,60984.77,594.81,158.75,36.5086,1195.5278,1143.4888,1421.8779,404.4183,44.4,54.96,87.49,56.4813,77.8,25.55,18931.3,67.33,298.1169,2058.9028,552.474,230.4675,1743.8059,722.0422,2012.2876,11529.0128,7.33,89.8813,1014.7457,121.1884,5239.825,143.3315,37.113,1822.4002,1627.6499,27.45,1925.582,14596.0502,9504.12,2539.03,195.8376,6753.608,0,0,3647.8989,409.772,0,906.0794,26081.254,646.0612,1219.8526,1319.4052,165.3236,116.2742,13599.496,0,48.4793,19.3219,19.7156,161.6933,0,18.19,7.0043,876.1949,172.4561,194.86,6.2495,208.79,4222.6458,7.28,146.3679,100.6587,15.7207,33.6715,22.3546,49.2431,62.095,2367.1057,6277.1726,3969.9868,1435.2319,62.6003,0,1.79,2.64,434.03,10.15,9.51,101.9959,20.1016,24.08,19.664,309.8405,15.31,15.6399,16.92,23.83,83.26,15.2984,27.7504,5097.6591,1593.46,5.05,134.04,144.3497,178.28,18.7443,16.0347,64.7815,1.1904,7.92,6.41,59.6,97.7499,28.5,2865.55,56.4986,7.4229,41.8185,43.4,910.7717,1.1,340.8,1.5,111.6,207.8306,5.29,232.0708,21.6519,84.6746,1399.3961,202.7525,20.13,10.38,105.7934,659.4458,3763.3401,267.5854,141.81,400.1442,44.7404,6509.6999,8624.3281,126.7305,936.03,41.72,6.6262,1353.5,29.2284,83.19,74.0328,4.8,41.88,70.51,113.2552,105394.66,148.2358,15125.1,27.61,13798.412,66044.086,8320.1898,0.1,1758.9255,2052.0075,368.35,1705.6644,116.6105,132.7,9485.6314,1130.3,1.72,2126.5,11634.799,1511.493,255.05,4142.183,7741.3148,0,7200.5992,71.07,410.1624,2.14,1.18,2.4,0,151.81,1.02,2.3,0,0,0,0.1
"Canada",60984.77,0,14.2997,51.6875,20.056,10.4872,69.86,13.0541,32.1018,1.122,1.905,6.3354,3.6991,5.3627,12.8402,3945.8062,1.2439,27.4587,69.5561,4.0844,12.6871,104.2069,11.4962,10.1092,562.3567,150.5677,31.4887,47.9422,122.6025,523.0319,2.5253,3.9906,146.0526,161.2265,26.6738,1278.7578,813.9686,347.2788,42.7946,29.5233,2012.9216,0,0,776.4133,152.3117,0,98.6845,3114.9161,59.1428,422.282,16.2055,11.6747,17.254,1850.5717,0,1.4353,1.6186,0.5374,3.4399,0,1.4028,4.2461,18.1297,8.0896,23.5089,1.9022,40.5336,44.4457,29.1215,2.3979,4.7263,36.9428,2.8973,0.5951,0.0086,1.967,364.9118,1041.5107,2031.7447,491.9661,19.7929,0,0.9235,0.0234,205.588,0.3395,0.047,10.4351,2.8573,1.7843,0.6218,38.5705,24.1652,1.0507,0.1661,1.8173,19.1723,22.9467,13.0437,108.697,2.6649,0.0319,0.766,3.0463,7.4196,6.243,6.4126,15.2515,0.5047,0.6215,0.0755,0.2452,2.2064,0.1317,4.6485,5.1613,6.6822,3.4086,3.1113,91.0341,13.5811,3.5992,1.1442,1.4274,3.1372,0.133,6.0266,0.1986,99.5788,873.7816,79.1248,31.5165,36.0226,185.0901,39.9343,754.5464,26.8637,22.913,18.8588,12.445,65.3584,172.4995,17.258,34.7209,1.0076,31.4518,204.1836,27.1344,1.0537,0.8922,0.7329,8.81,3.0642,39.3203,7278.1778,4.4561,2288.2171,14.7959,1561.1048,3645.2236,373.0108,0.2866,124.988,63.5001,32.1042,64.2639,4.1515,2.7931,832.2684,13.5407,2.3426,135.294,1081.8722,115.9203,3.1109,519.0961,263.4555,0,138.5733,0.3682,214.6206,0.343,0.0647,0.0021,9,0.3435,0.652,0.3424,0,0,0,0.027
"Bahamas",594.81,14.2997,0,0.2457,0.5549,0.4378,1.7592,23.8831,2.093,0.0014,0.1168,0.0537,0.1425,0.0647,0.011,42.3999,0.2714,28.6433,2.422,13.0344,0,13.2635,13.9915,50.3307,239.9089,0.0091,0.0058,9.6423,92.8435,107.1874,0.0982,31.3284,1.1,7.6749,0.7069,28.8333,3.4254,6.846,6.4883,0.1709,61.5772,0,0,28.2272,13.1135,0,0.3322,460.8223,11.362,0.9594,0.5076,2.1168,0.0918,373.9441,0,0.1542,0,0,0.0756,0,0,0.0647,10.4626,0.1756,0.2182,0.0027,13.535,12.6526,4.242,0.269,2.0353,0.5239,0.2513,1.5791,3.168,0,2.3173,6.1768,538.1097,113.9218,1.204,0,0,9,0,0,9,0,0.008,0,9.6432,1.0041,0.0011,0,0.0166,0,0,0.0938,0,0.6229,0.003,0,0,0,0,0,0.0699,0.0008,0,0,0,0,9,0,0,0,0.0087,0.0001,0,34.6203,0,0,0,0,0.1411,0,0.007,0,0.123,0.0133,0.0284,0,0,0,25.4577,0,0,0,0.1178,0,0.14,23.64,0,0,0.0421,9,0,0,0,0.157,0,0,0,30.7416,72.2308,9,54.3449,0.1544,1063.9856,526.1461,2.5346,0,2.3757,0,0,0,9.2217,0,0.9209,0,0,0,0.0951,123.4034,0,2.7448,13.2309,0,2.188,9,1.1701,9,0,0,0,0,0,0,0,0,0,0.0083
"Cuba",158.75,51.6875,0.2457,0,8.2458,27.5771,0.4067,13.6826,0.2327,0,0.025,0.0722,0.0385,0,9.0002,130.9543,24.0717,2.9439,1.1965,1.125,0.8275,7.1975,2.0326,62.6662,330.6666,16.2981,0.0622,3.441,0.4484,65.7555,0.6722,0.1752,44.77,23.149,0.4864,6.8702,0.1545,240.8145,12.328,2.8873,174.2653,0,0,15.2713,339.4574,0,13.9632,48.6375,9.2026,0.8344,0.1228,2.4192,0.0197,245.6064,0,0.1568,0,0.0011,4.4714,0,0,0.9946,0.2463,6.8209,7.8518,6.3056,12.903,250.0657,0.872,0.0149,0.0221,4.7937,20.9513,0,0.0003,0.4608,1.7114,10.2075,0.9749,11.3101,0.0419,0,0,3.2057,0,0.0293,0,0.1482,0.0154,0.023,0.0002,0.0371,9,9,0,9,1.2621,0.0085,0.0014,0.0117,0.0017,0,0,0.0043,9,0.189,0,0.0007,0,0,0,0,0,0,9,0,0.0009,0.0001,0,0.7894,0,0,0,0,0.0056,9,0.0213,0.0182,0.4696,10.7255,10.1752,17.1418,0,34.7413,1.86,0,0.502,7.5459,1.9112,0.0056,0,0.2283,0,0.1567,0.9889,0.0274,0.2,0.0023,0,0,0,0,0,20.1361,224.3932,0.001,17.8531,0,0,0.4852,1.9161,0,0.2588,10.0913,9,0,0,0,3.6143,9,0,51.7,3.1412,5.772,9,0.2557,0.7152,0,7.4878,9,34.2024,0,0,0,0,0,0,0,0,0,0,0
"Haiti",36.5086,20.056,0.5549,8.2458,0,18.2425,1.5378,7.1653,0.2828,0.0236,0,0.0183,0.0254,0.0415,0.0197,18.4228,0,9.7212,0.4471,0.3115,0.0054,7.1317,19.6718,31.5672,19.2218,0.3928,0.0516,0.3565,11.194,28.859,0.0238,0.0265,4.9634,15.0436,5.7527,16.6232,0.4082,16.8116,5.3382,0.5495,15.7708,0,0,0.1231,5.7838,0,0.2133,8.0063,0.0627,1.1299,0.0123,1.1271,0.0215,2.1137,0,0.0025,0,0,0.0003,0,0,0.0864,0.6681,0.2208,0.0506,0,0.0157,0.0585,0,0.2152,0.0003,6.1019,0,9,0.0172,9,0.1533,0.359,2.6473,1.3849,0.1066,0,0,0,0,0,9,0.008,0.0029,9,9.0154,0.0803,0.0011,0,0,9,0,0,0.0001,0,0,9,0,0.0014,0,0.01,0,0,0,9,0,9,9,0,0,0.0144,0.002,1.2222,0,0.0067,0,0,0,0,0.0004,9,0.0415,0,0.0792,0.0787,0,2.1494,0,0,12.3819,0,0.0097,0,0.0052,0.0001,3.5661,0.0113,0,0.0234,0.001,0,0,0,0,0,9,9.0027,0,0.0005,21.0913,0,3.1609,0,4.4476,24.2792,6.0053,0,0.1143,0.3666,0,0,0,9,2.8983,0,0,0.0248,4.9339,0.2989,0,0.1529,4.9576,0,0.0247,0,0.2671,9,0,0,0,0,0,0,0,0,0,9
"Dominican Republic",1195.5278,10.4872,0.4378,27.5771,18.2425,0,3.1992,27.4168,5.985,0.6519,0.0917,0.8083,1.0035,0.3719,0.3822,365.2957,2.4301,42.1372,2.1388,21.4167,4.2557,91.9986,159.0169,167.9777,886.6699,0.9012,0.3048,26.4382,15.8619,189.4427,0.8056,0.8469,31.4492,82.3119,4.6258,29.1543,0.4568,7.9479,7.2632,0.4051,20.4993,0,0,5.4249,249.2427,0,3.4573,61.2287,0.1174,3.8627,0.2286,8.6017,0.2829,70.9246,0,0.176,0.517,0.0128,0.4327,0,0,0.94,0.8728,0.0396,1.1908,9.0046,0.2604,16.6165,0.55,0.1569,0.109,1.518,0.0013,0.1929,0.1199,0,3.4132,8.5939,26.7229,53.3751,3.7904,0,0.1873,9,0,0.0018,9,0,0.0237,9,0,0.0062,0,9,0.0153,0,0.0002,0.0144,0.0138,11.2605,9,0,9,0.0001,0,0.2364,0.0873,0.0726,9.0396,9,9,9,0.1417,0,9,0,0,0.001,0,0.2372,9.827,9.0005,0.0013,0.0201,0.2064,9,0.0596,0,0.4511,0.0003,0.1318,0.0037,0.0004,0.0002,11.3692,0.0168,0.0167,0.0544,0.5048,0.418,7.1646,0.0954,0.5335,0.1325,0.0001,0.0354,0.6521,0.0126,0,0,0,9,0,1.6207,173.2152,0,136.4231,0,79.6796,394.7476,15.6137,0.7228,2.5608,0.0611,0.0182,9.3875,9,9.0172,11.7437,0.0009,0.0106,0.0428,1.9911,0.2012,0.1536,1.0128,13.5351,0,2.1798,0.0709,16.1637,9,0,9,0,0.0324,0,0.023,0,0,0,0
"Jamaica",1143.4888,69.86,1.7592,0.4067,1.5378,3.1992,0,305.0215,5.1635,9.0185,0.8518,3.7656,0.5422,5.2214,1.651,102.3819,1.9121,10.947,13.5312,0.9942,0.0114,29.0798,32.1117,25.5911,146.1093,27.4379,7.809,54.7257,0.264,83.3747,0.0843,0.0085,8.3772,4.4956,0.7916,64.0642,20.9851,59.2469,25.0872,0.2202,34.8984,0,0,23.9229,6.4571,0,6.9365,44.4741,0.7057,3.4424,0.4895,0.9593,0.3424,2.8109,0,0.5745,0,0.002,0.0222,0,0,0.4943,0.0507,0.0762,0.026,0.0002,0.9897,10.5854,0.0039,0.0421,0.2334,0.2497,0.0041,0,0.0816,0.0111,1.0981,47.3413,154.4508,4.5073,0.0113,0,0,0,0,0,0,0.0014,0.0029,0,9.0007,0.0131,0,9,0,0,26.1062,0.0294,0.0007,0.0866,0,0,0,0.0287,0,0.0023,0.1109,0.029,0,9,0,0,0.0692,0,0,0,0.0317,0.0293,0.0051,2.8905,0,0,0,0,0,0,0.0029,0.0912,0.0609,0.0161,0.2214,0,0,0,13.5245,0,1.2566,0.0222,0.0692,0.083,2.5554,0.0729,0,0,0,0,0.2383,0.0028,0,0,0,9,0,0.4587,21.3151,0,18.1094,0.5316,9.4977,180.919,8.0198,0,0.8381,0.0653,0,1.222,0,0,10.9752,0,0,0.2403,7.7887,3.1828,0,15.4085,7.4576,0,13.8524,0,14.28,0,0,0,0,0,0,0,0,0,0,0
"Trinidad and Tobago",1421.8779,13.0541,23.8831,13.6826,7.1653,27.4168,305.0215,0,151.6984,14.9829,49.0703,48.1332,31.4667,18.6215,21.3871,37.5678,7.3163,11.1487,70.271,18.8676,8.2409,9.4468,34.4947,38.2493,237.0482,74.9899,22.1881,0.7967,7.3979,181.1767,0.1461,0.0019,4.2749,2.7961,0.3026,45.7513,23.1669,23.7761,6.4822,0.6137,166.9626,0,0,11.789,42.0614,0,4.3029,240.7061,3.9786,8.583,0.9019,0.0007,0.0003,35.3694,0,0.079,0.2911,0,0.0002,0,0,0,0.1422,7.7217,0.1021,9,2.2423,5.2419,0.212,0.0308,0.016,2.6927,0.0112,0,0.0165,0,1.3832,14.749,4.1413,2.4613,0.0022,0,0.0004,0,0,0.1111,0,1.8713,0.0945,0.0094,0,0.0635,0,0.012,0.0007,0.0052,0.1551,0.0127,0.158,85.6125,117.5792,0.0132,0,144.7365,0,0.3647,0.0644,0.1724,9,0,0,9,0.0223,0,42.8271,0.0092,0,2.5978,0.0485,1.35,0.0071,0,0,0.6483,0.013,0.0216,0.5732,0,0.6302,0.0012,0.0189,0.0089,0,0.2298,4.5907,0,8.3176,0.1821,0.0067,0.076,10.0536,0.1791,0.0021,0.0011,0,0.0065,0.2491,0.0026,0.0532,0,0,9,0.0125,0.1109,70.2682,0,18.8596,2.2093,31.5978,157.8742,19.9519,9,3.9936,0.0919,0.0055,0.6962,0,0,16.262,0.0977,0.0002,0.5395,5.8306,10.1652,0,0.8337,2.1014,0,16.1976,0.0186,10.4076,0,9,0,0,0.0377,0,0,0,0,0,0.0188
"Barbados",404.4183,32.1018,2.093,0.2327,0.2828,5.985,5.1635,151.6984,0,2.8524,5.9478,7.013,2.6551,7.1307,6.9829,10.3849,0.6947,114.9425,0.6442,1.7598,0.0006,2.2076,2.776,3.0709,3.8344,1.1985,11.5235,0.5327,6.8631,9.2607,0.1285,0.0065,6.4882,0.9239,0.0984,41.2088,1.7742,18.074,4.3711,0.0038,7.9551,0,0,5.5583,2.432,0,0.3,15.3497,15.9443,1.237,0.0852,33.7866,0.0231,8.2602,0,0.0181,0.0192,0,0.0102,0,0.0001,0.0122,0.0958,0.2875,0.0438,0.0027,0.0424,0.065,0.0041,0.0024,0.0028,0.0526,0.0011,0,0.0581,0.0007,0.3909,5.5706,2.934,9.6297,0.0529,0,0.019,0,0,0.0139,0.0287,0.0022,0,0,0.0081,0.0064,0.0092,9,0.0022,0.1142,0.0771,0.0038,0.0008,0.3129,0,0.01,0,0.0028,0,0,0.0021,0,0,0,0.0052,0.0006,0,9,0.8252,0.0121,0,0.0218,0.0228,1.4588,0.0008,0,0,0.0192,0.018,0,0.0243,0,0.0028,0.0169,0.0128,0.0032,0.0045,0.036,1.6645,0,0.02,0.0093,0.0318,0.0026,0.928,0.2749,0,0,0.0425,0.001,0.0668,0,0.0009,0,9.0005,0,0.0003,0.0016,29.9166,0,5.7726,0.0002,5.6157,44.6455,1.9191,0,0.1895,0.0171,0,0.0876,9.003,0.0002,2.5329,0.0038,0.0072,0.208,2.6723,0.8363,0.0002,0.7411,1.9633,0,2.4708,0,11.1236,0,0.0024,0.0189,0,0.0131,0,0,0,0,0,0
"Dominica",44.4,1.122,0.0014,0,0.0236,0.6519,9.0185,14.9829,2.8524,0,1.6916,0.4814,0.8217,3.4902,1.2584,0,0.0229,0.4034,0.0105,0.0099,0,0.8914,0,1.1098,2.1725,1.8465,0.2342,0.0076,0.2616,1.0398,0.0152,0,0,0.0844,0.0022,9.0084,0.1393,2.38,0.2116,0,2.449,0,0,0.6362,0.2343,0,0.1694,0.718,0.133,0.1651,0.022,0.0672,0.0023,1.117,0,0,0.0002,0.0014,0.0151,0,0,0,0.0037,0,0.0034,9,1.012,0.378,0.858,0.0712,0,0.2741,0,0.0462,0.0867,0,0.0632,0.0904,0.7423,0.4256,0,0,0,0,0,0,9,0,0,0,0,0.0008,0,0,9,9,0.0068,9.0059,0,0,0,0,0,0,0,0.088,0,0.0088,0,0,0,0,0,0,0,0,0,0.0031,0,0.0366,0,0,0,0,0,0,0.0028,0,0,0,0,0,0,0,1.0562,0,0.0064,0,0.0598,0,0,0.207,0,9,9.001,0,0,0,9,9,9,9,0,0.0027,49.2313,0.0008,1.1961,0.0382,15.8049,8.261,2.2487,0,0,0,0,0.0242,9,0,0.9305,9,0,0,0.4735,0,0,0.0096,0.9683,0,0.0722,0,0.0939,9,0,0,0,0,0,0,0,0,0,9
"Grenada",54.96,1.905,0.1168,0.025,0,0.0917,0.8518,49.0703,5.9478,1.6916,0,1.0441,0.864,1.7857,1.504,0,0.0027,0.0496,0,0,0,7.2646,0,0.0582,3.0118,2.6926,0.0038,0,0,1.9229,0.0007,0,0,0.2353,0.0617,7.0168,0.2675,1.6478,0.6182,0.0219,1.8284,0,0,0.4319,0.2417,0,0.0105,1.5816,0.0217,0.0179,0,0,0.0016,1.4006,0,0,0,0,0.3056,0,0,0.3585,0.0333,0.0127,0,9.0014,0.01,0.0239,0.022,0,0.0068,0.004,0,9,0,0,0.0889,1.5462,0.846,1.5048,0.0001,0,9,0,0,0,9,0,0.0275,0,0,0.0008,0,0,9,9,0,0.0021,0,5.6186,9,0,9,0,0,0,0.0001,0.0429,9,9,0,0,0,0,9,9,0.01,0,9,0.1532,9,9,0,0,0,0,0,9,0,0,0.001,0,9,9,0.0222,9,0,0,0,0,0,0,0,9,9,0,9,0,9,0,0,9,0,0.0023,0.427,0,0.1872,9,0.7297,5.7375,0.2912,9,0,5.1853,0,0,9,0,0.1611,9,9,0,0.051,0,9,0,0.1086,0,0.8223,0,2.1978,0,9,0,0,0,0,0,0,0,0,9
"St. Lucia",87.49,6.3354,0.0537,0.0722,0.0183,0.8083,3.7656,48.1332,7.013,0.4814,1.0441,0,2.3455,1.6552,0.5274,0,0.1383,0.1613,1.9549,0,0,0.4762,1.0135,1.2222,19.4887,4.1985,0.0143,0.0002,0.0155,267.9611,0,0,0.22,0.3624,0,16.0619,0.8143,1.5382,0.9234,0.031,7.1982,0,0,1.2952,2.2872,0,0.0216,5.558,0.029,0.0097,0,0,0.0032,1.8653,0,0,0,0,0,0,0,0,0.024,0,0.0149,0,0,0,0,0,0,0.044,0,0,0,0,0.3153,14.6571,0.5004,0.2571,0,0,0.0048,0,0,0.009,0.0015,0,9,0,0,0,0,0,0,0,0,0,0,0.001,0.0188,0,0,0,0,0.0004,0.0085,0,0,0.0003,0,0,0,0,0,0,0,0,0,0.1386,0,0,0.0005,0.1027,0,0,0,0,0,0,0.0004,0,0.0381,0.0102,0.0513,0,0,0,0.0009,0.2555,0.0417,0.0024,0,0,0,0,0.1712,0,0,0,0,0,0,0,3.8814,0,0.55,0.5809,0.7324,6.9088,0.4264,0,0.4886,0.0351,0,0,9,0,1.2499,0,0,0,0.1863,0,0,0,0.3638,0,1.8882,0,1.1997,0,0,0,0,0,0,0,0,0.0006,0,0
"St. Vincent and the Grenadines",56.4813,3.6991,0.1425,0.0385,0.0254,1.0035,0.5422,31.4667,2.6551,0.8217,0.864,2.3455,0,2.1011,1.5533,0.7038,0.105,0.5778,0.7336,0.0156,0,0.3718,1.6208,0.5151,1.1934,1.9131,0.0023,0.014,0.1571,1.935,0,0,0.0565,0.2002,0.0126,7.3341,0.5883,0.9284,0.4536,0.009,56.1494,0,0,1.9685,38.637,0,0.2529,1.5027,1.0893,0.0408,0.0064,0.0672,0.0009,0.6431,0,0.0078,0,0,0.1084,0,0,0,45.0793,0.108,0.0042,0,0.02,0.0041,2.63,0.0275,1.6369,0.0061,0,0,9,0,0.9124,2.3515,0.5076,0.2003,0.1854,0,0,9,0,0,0.0011,0,0,0.001,0,0.7732,0,0,0,0.0018,0,0,0.0036,0.2675,0.0162,9,0.0015,0,0,0,0,0.0002,0,0,0,0,9,0,9,9,0,0,0.006,0.3219,0,0,9,0.0008,0.0017,0,0,9,0,0.0729,0.003,0,0,0.0268,6.0191,0,0.0611,0,0.0002,0.0153,0.0035,0.0006,0,0,0,0,0,0,0.0012,0,0,0,0,9,1.3422,0,1.3974,0.0194,0.2185,6.3052,1.7371,9.0145,0.0454,0.0007,0,0.0257,0,0,0.0779,0.0003,0,0.0214,0.1342,0.0859,0,0.0014,7.8267,0,1.0964,0,0.3106,0,9,0,0,9,0,9.0079,0,0,0,0
"Antigua & Barbuda",77.8,5.3627,0.0647,0,0.0415,0.3719,5.2214,18.6215,7.1307,3.4902,1.7857,1.6552,2.1011,0,0.9597,0,0.239,0.0188,0.3474,0,0,0.2433,0,0.2711,5.404,3.5749,0.1456,0.0344,0.1123,0.8731,0,9,0.1,1.388,9.0077,24.5167,0.6285,17.4278,0.4091,0.0094,375.9676,0,0,1.0757,1.7119,0,0.0617,106.93,28.6085,0.0778,0.7,0.7086,0.0049,5.4511,0,0.0238,0,0,0.0846,0,0,0.1473,4.8835,0.0126,10.448,0,0.07,0,3.29,0.0113,0.1994,0.0138,0,9,0,0,0.5665,6.9359,0.7172,0.7853,0.0639,0,0,0,0,0,0,0,0,0,0,0.5997,0.0128,9,0,9,0.0112,0,0.0001,0.1834,0,0,0,0,0,0,0,0.0386,0,0,0,0,0,0,0,0,0.0513,0.0258,0,0.0192,0,0,0,0,0.007,0,0.0001,0,0,0.0051,0.0537,0,0,0,3.852,0,0.0212,0,0.0276,0,0,0.0052,0,0,9.0037,0,0,0,0,0.2003,0,0,0,0,2.949,0,0,0,50.5027,0,0.2167,0,0.0833,0,0,0,9,0,0,0,0,0,15.2478,30.5801,0,0.0658,1.1205,0,0.7708,0,0.5366,0,0,0,0,0,0,0,0,0,0,0
"St. Kitts and Nevis",25.55,12.8402,0.011,9.0002,0.0197,0.3822,1.651,21.3871,6.9829,1.2584,1.504,0.5274,1.5533,0.9597,0,0,0.0071,0,0.0228,0,9,0.1271,10.1347,0.4851,0,0.154,0,0,0.0075,0.2332,0,9,0,0.2077,0,6.9164,0.1887,0.3553,0.2842,0,2.0296,0,0,0.075,1.1638,0,4.571,0.1618,0.0378,0.018,0.0132,0,0.0014,0.3766,0,0,0,0.0008,0.0039,0,0,0.0019,0.0223,0.0015,0.012,0.0089,0.01,0.5346,0.033,0,0,0.0158,0.0002,0.1149,0,0.1071,6.1635,0.0666,0.6216,11.647,0.0005,0,0,0,0,0,0,9,9,0,0,0,0,0,0,0,9,9,9,0,9,9,9.001,9.0001,0,0,0.1035,0.0275,9,9,0,0,0,0,0,0,0,0,0,0.2704,0.0023,0,0,9.0028,0,0,0,0,0,0.2302,9,0,0,9.0019,0.2131,0,0,0,0.4605,9.0008,0.0785,9,0,0,9,9.0176,9.0012,0,9.0212,0.4,0,9.02,0,0.1272,0.3997,0,0,9.2472,0.2113,7.3068,0.0714,0,9.0067,0,0,0,0,0,9.0948,9,9.0004,0,0.079,0.0336,0,0,0.9415,0,0.0851,0,0.1123,9,0,0,0,9,0,0,0,9,0,0
"Mexico",18931.3,3945.8062,42.3999,130.9543,18.4228,365.2957,102.3819,37.5678,10.3849,0,0,0,0.7038,0,0,0,71.9184,452.11,158.9012,254.5233,82.3728,103.4777,73.6543,268.424,0.8627,0,1.1664,142.6134,52.9254,2183.2196,6.9489,10.7431,636.0606,598.1811,72.2303,699.442,558.3539,51.6954,243.998,13.7051,1519.5203,0,0,733.9028,951.2711,0,59.4938,5444.4341,1.9631,98.5803,46.1909,26.6109,4.7809,2141.3561,0,0.0794,0.0088,0.3831,5.7697,0,0,1.085,16.4015,2.67,31.6799,0.3174,25.2909,210.074,0.46,0.4513,7.8379,87.8722,0.2664,0.0065,0.0047,0.6837,143.8833,452.9934,71.1839,143.7109,1.7641,0,0,0,0,0,0,0.1997,0.0268,0,0.0368,1.77,0,0,2.2297,0,0,0.3928,3.5642,4.4592,0,0,0,5.4402,0,0.0274,3.6464,0.6625,0,0,0,0,0.0092,0,0,1.7541,0.0231,0.2668,0,2.7183,9,0,0,0,0.2698,0,0.1836,0,83.8902,3.6475,4.5312,0.006,0,46.3091,82.2527,0,7.7651,0,8.1773,3.3243,254.9156,66.9656,2.4126,3.5398,0,11.952,0,3.222,0,0,9,0.04,0,9.6114,6134.8704,0.9097,4466.8683,0,4047.0395,8492.729,440.7483,0,66.4664,10.4288,0,55.4482,0.0119,0.2,777.6239,1.6183,0,54,2056.9218,1379.3384,0,993.8578,555.9639,0,78.4033,0,215.6947,0,0,0,0,0,0,0,0,0,0,0
"Belize",67.33,1.2439,0.2714,24.0717,0,2.4301,1.9121,7.3163,0.6947,0.0229,0.0027,0.1383,0.105,0.239,0.0071,71.9184,0,21.5747,2.539,7.1858,0,2.3453,0.3605,1.2302,0.385,0.1483,0.0536,0.0335,15.1896,3.0344,0.0003,0.7385,0,1.0487,0.1751,25.0622,4.0379,3.6174,0.5084,0,1.191,0,0,0.88,6.1674,0,0.5346,5.6464,1.2181,1.2701,0.2267,1.008,0.1406,0.7156,0,0.0012,0,0,0.0583,0,0,0.0005,0.8783,0,0.3427,9.0001,0.132,0.2014,1.859,1.0136,0.453,1.3768,0.744,0.067,0.1847,0,0.0037,1.9217,0.1127,4.4561,0.0212,0,0,0,0,0,0,0,0,0,0,0.5414,0,0,0,0,0,0.0096,0.0001,0.5063,0,9,0,3.8477,0,0,0.0383,0.045,0,0,0,9,0,0,0,0,0.1967,0,0,0.5286,0,0,0,0,0,0,0,9,0.0013,0,0.003,0,9,0,0.0738,0,0,0,0.0006,0,0,0,0,0,0,0,0,0.0005,0,0,0,9,0,0.0062,11.6441,0,5.2539,0,2.1936,17.247,0.2514,0,0.0693,0,9,0,0,0,3.444,0,0,0,0.2669,0,0.0001,1.0251,0.1802,0,0.7559,0,0.1998,0,0,0,0,0,0,0,0,0,0,9
"Guatemala",298.1169,27.4587,28.6433,2.9439,9.7212,42.1372,10.947,11.1487,114.9425,0.4034,0.0496,0.1613,0.5778,0.0188,0,452.11,21.5747,0,124.7654,21.0165,108.6013,145.602,250.6374,81.973,26.8355,0.5241,0.5205,5.9984,15.9316,86.9784,0.4184,0.4715,28.6383,28.3205,9.45,34.0157,3.533,26.6617,16.5925,0.3083,32.9013,0,0,120.9969,73.6849,0,1.0759,100.6494,2.9067,5.2353,0.2314,2.7953,0.7011,61.1716,0,0.001,0.0056,0.0977,3.326,0,0,0.2143,0.0383,0.0035,2.11,0.0008,0.2325,10.0706,0.0661,0.3298,2.1495,2.8239,1.6336,0,0,0.1559,79.589,21.7336,4.9045,9.7249,0.088,0,0.0483,0,0,0.003,0,0,0.0332,0,0.0888,0.0447,0,0,0,0,0.0665,0.0053,0.0031,0.6176,0.3251,0.062,0,0.035,0.3036,0.0032,0.1238,0.0136,0,0,0,0,0.0002,0,0,0.0005,0.025,0.0004,0,0.1563,0,0,0,0.6541,0,0,0.1036,0.0332,0.3262,0.4298,3.2921,0,0.3699,5.4874,3.584,0,1.7357,5.1449,2.0018,1.8797,13.3313,58.1174,0.1875,2.9378,0.512,1.0228,9.4571,0.5768,0.0705,9,0,2.6864,0.0009,4.3843,214.2819,0.0001,97.3424,5.999,430.1829,135.9306,15.882,9,21.2961,0.0742,0,0.8207,9,0.4342,10.1938,0.034,0,1.894,3.3197,20.8324,0,0.1438,12.7487,0,6.2882,0,18.5146,0,0,0,0,0,0,0.0232,0,0,0,0
"Honduras",2058.9028,69.5561,2.422,1.1965,0.4471,2.1388,13.5312,70.271,0.6442,0.0105,0,1.9549,0.7336,0.3474,0.0228,158.9012,2.539,124.7654,0,6.4738,24.6771,100.661,145.9983,31.0578,80.144,0,0.0229,10.6026,8.1588,50.0906,0.1371,0.1383,17.3514,10.4005,0.519,20.0987,0.3482,15.3059,31.4773,0.0441,3.7397,0,0,3.4316,18.6699,0,2.8553,38.0369,40.3671,1.1374,1.257,1.1282,0.6249,2.6596,0,0.1097,0.2404,0.0673,0.5862,0,0.0011,0.1021,0.1074,0.0288,0.113,0.0282,3.5602,1.4917,1.1032,0.0016,0.1038,6.7023,0.8608,0.0819,0.0367,0,4.6568,0.3134,0.4661,2.1248,0.0565,0,9,0,0.0008,0,0.0037,0.0196,0.3427,0.1477,0.0004,0.3889,0.0379,0,0.0099,0.0135,0.0599,0.5969,0.0024,1.416,0,0.0853,0,0.2508,0,0.0923,0.0154,0.0375,0.0065,9,0,9,0.0168,9,0.0466,0.0072,0,0,0,0.3422,9,0.0013,0.0982,0,0.0186,9,0.4219,0,0.0101,2.496,0.0031,1.7101,0.0224,0.1659,2.8158,0.0247,0.7972,0.1771,0.2797,0.0836,3.2502,0.4266,1.6531,0.0168,0.0322,0.0121,0.5457,0.0743,0.142,0,9,0,0.0112,0.0098,36.6164,0.0131,20.3922,1.5492,5.5815,60.3955,8.7423,0.006,0.8025,0.0853,0,0.3367,9,0.0003,4.8148,9,0,0.1781,2.3068,0.274,0,0.0559,3.6639,0,9.7026,0.0016,11.4076,0,0,9,0,0.0008,9,9,0,0,0,9
"El Salvador",552.474,4.0844,13.0344,1.125,0.3115,21.4167,0.9942,18.8676,1.7598,0.0099,0,0,0.0156,0,0,254.5233,7.1858,21.0165,6.4738,0,5.1722,64.7163,120.4929,39.1238,74.7541,0.0349,0.0151,152.1976,24.4507,82.1295,43.0475,0.0022,22.6507,13.5724,1.0783,4.1738,1.5774,8.2973,6.9814,1.1732,17.4832,0,0,8.4311,48.8951,0,1.303,37.3903,0.4765,3.2728,0.0216,5.4737,0.1397,35.2461,0,0.0057,0,3.4996,0.2527,0,0,0.0889,1.2555,0.0016,0.7439,0,0.16,11.8398,0.02,0,0.0198,18.7164,0.1264,0,0,9,10.5976,11.6282,0.4817,8.4042,0.0249,0,9,0,9,0,0,0.0074,0,0,0.0003,0,0.0089,9,9,9,0,0.0031,0.0125,0.0247,0,0,9,9,0,0,0.0378,0,9,9,9,0,9,0,0.0002,0,0,0,0,2.6123,0,0,0,0,0,0,0.041,0,3.1815,0.363,0.0051,0,0,0.0037,1.262,0,0.1914,0,0.0542,0.004,2.0481,0.0572,0,0.0029,0,0,0.1489,0,0,9,0,9,0,1.3795,89.9848,0,0,0,47.9006,123.8168,5.7048,9,1.1556,0.1155,9,0.6003,0,9,9.3242,0.0042,0,0.2744,1.9211,11.4635,0,0.1691,6.3531,0,4.6741,0,11.3343,9,0,0,0,0,0,0,0,0,0,9
"Nicaragua",230.4675,12.6871,0,0.8275,0.0054,4.2557,0.0114,8.2409,0.0006,0,0,0,0,0,9,82.3728,0,108.6013,24.6771,5.1722,0,102.4136,19.1628,6.8845,193.6461,0,0.0001,18.2401,2.8925,20.4903,0.054,0.1649,9.1365,6.1633,0,2.6362,0.4185,6.5086,4.7409,0.015,1.2707,0,0,5.0885,20.6798,0,0.0189,12.2713,0.714,0.8325,0.201,0.2199,0.003,4.029,0,0,0,0.0515,0.0308,0,0,0.0006,0.1931,0.0034,0.028,0,0.36,13.6186,0,0,0.0014,5.4591,0.5541,0,9,0,3.1939,20.4908,0.1326,1.2793,0.0065,0,0,0,0,0,9,0,0,0,0,0,9,9,9,0,0,0,0,0,9,0,9,0,0,0.0414,0.004,0.0001,9,0,0,0,0,0,9,0,0.181,0.0001,9,1.1121,0,0,0,0,0,9,0.0158,9,0.343,0.059,0,0,0,0,0.7997,9,0,0,0.0026,0.0188,7.7,0.1336,0,9,0,0,0,0,0,0,9,0,0,0.8067,69.439,9,18.9129,0,85.3917,86.9503,4.8484,9,5.8876,0.0415,0,0,9,0,7.325,0.0162,9,0,0.5168,0,0,0.1683,7.688,0,0.1468,9,2.6636,0,0,0,0,0,9,0,0,0,0,9
"Costa Rica",1743.8059,104.2069,13.2635,7.1975,7.1317,91.9986,29.0798,9.4468,2.2076,0.8914,7.2646,0.4762,0.3718,0.2433,0.1271,103.4777,2.3453,145.602,100.661,64.7163,102.4136,0,10.8744,138.8207,257.2462,0.9985,0.2057,5.3736,1.7694,119.515,0.079,0.1791,70.961,28.574,4.3036,398.6145,29.0563,820.169,174.8252,0.4098,19.3592,0,0,29.2236,79.9447,0,41.7329,138.1935,20.7987,8.4656,19.9759,244.2617,7.9306,12.4058,0,0.2334,0.0148,0.1368,1.0023,0,0,1.1776,1.1226,0.2362,0.342,0.0279,2.9725,1.7669,0.0352,0.0922,0.974,12.146,0.1497,1.0186,0.0756,0.0006,3.8475,22.2313,25.1405,3.2523,1.6665,0,0,9.0075,0.0032,9.0104,0,0.0082,0,0,0.0015,0.0146,0.0013,0,0,0,0.0418,0.0181,2.649,0.1149,0.1202,0.0081,0,0.0043,0.0592,0.015,0.0681,0.3159,0,0,0,0,0,0,0.0075,0,0.0012,0.0156,0,9.1865,0,0,0.0109,0,0.0053,0.0325,0.1881,0,0.5032,1.0953,0.139,0,0,0.0245,14.0186,0,0.1167,0.1026,1.4015,0.0072,16.5976,0.6305,0.0061,0.049,0.0286,0.0674,0.3349,0.3213,0.0188,9,9,0,0,0.0497,137.8616,0,38.5901,1.4213,94.3994,153.0312,7.5221,9,1.9105,0.4631,0.3536,0.2649,0,0.0052,6.0139,0.0039,0,0.0723,72.8321,13.7089,9,14.8256,3.0485,0,6.8403,0,1.829,0.0197,0,0.0065,9,0.0122,0,0,0,0,0,0
"Panama",722.0422,11.4962,13.9915,2.0326,19.6718,159.0169,32.1117,34.4947,2.776,0,0,1.0135,1.6208,0,10.1347,73.6543,0.3605,250.6374,145.9983,120.4929,19.1628,10.8744,0,139.7746,136.1772,0.148,2.236,159.5213,100.7705,34.7853,5.2996,0.3748,16.4995,10.53,1.0376,2.1961,6.2341,4.6997,51.7935,1.2043,8.673,0,0,20.8598,2.6934,0,14.5273,115.7279,113.7245,3.6379,3.1835,15.9468,6.0072,34.6354,0,0.2543,0.8459,0.1013,54.1832,0,9,2.8826,144.2639,0.2329,0.5758,0.019,0.9913,62.1238,6.06,1.4979,2.2793,6.4503,0.167,3.1363,0.6183,0,0.3961,36.2085,1.9648,6.5899,1.1673,0,9,9,9,0,0,0,0.0012,0,0,3.2668,0,9,9,0,0.557,0.1106,0.1972,2.4598,0,9,0,0,0,0,0.058,0.0062,9,0,9,0,0,0,0,0,0,0.0001,0,1.3374,0,0,0,0,0.0171,0,0.2531,0,8.0105,1.9398,0.1963,0,0,0,13.8439,0,0.0348,0,6.0223,0.0053,0.0074,0.452,0,0.1557,0,0.0222,1,0,0,0,0,0,0,4.5944,43.6754,0,13.9846,0,79.7173,87.3554,17.9903,9,0.3114,0.2863,9,0.2528,0.0102,9,3.3151,0.0557,9,5.9329,76.2271,4.6732,0,2.1541,19.0715,0,1.4805,0,14.2125,9,0,0,0,0,0,0,0,0,0,0
"Colombia",2012.2876,10.1092,50.3307,62.6662,31.5672,167.9777,25.5911,38.2493,3.0709,1.1098,0.0582,1.2222,0.5151,0.2711,0.4851,268.424,1.2302,81.973,31.0578,39.1238,6.8845,138.8207,139.7746,0,305.5139,2.8522,1.9686,510.3223,208.2236,503.7168,92.5962,66.5123,64.7338,187.269,16.1378,182.2297,33.2936,167.687,147.6184,0.3454,90.4957,0,0,48.388,9.9398,0,69.7092,14.9741,9.1564,28.8235,0.4548,21.7881,6.2108,54.6937,0,0.3978,0.4429,0.0937,10.983,0,0.1204,1.7885,2.3572,0.6081,5.6033,0.0449,0.7305,45.9429,0.674,1.6447,3.1888,11.8802,0.8974,0.0175,0.1979,0,4.849,28.0711,31.6055,13.9538,0.1271,0,0.0784,0,0.032,0.0891,1.4385,0.6961,0.3674,2.8369,0.0015,0.2903,0.0795,18.0965,0.5145,0.0021,0.2095,0.0801,1.3409,0.4525,0.0338,0.0204,0.4621,0.022,0,0.1868,0.0403,0.0667,0.0006,0.0225,0,0.0737,0,1.0516,0,0.047,0.0006,0.1979,0.0001,33.6792,0.0001,0.0005,0.0349,0.0012,0.0844,0.0233,0.0087,0.1095,0.5003,7.5167,4.8837,0.0537,0.0551,0.0603,5.923,0.0039,1.2958,4.7583,2.3682,0.5995,64.2996,1.5801,0.0323,0.5101,1.9442,0.0187,1.4971,0.0528,0.993,0.0003,0.0008,0,0.0018,5.0878,516.1415,0.058,113.6236,4.6338,252.2198,373.0966,79.6071,0.0567,9.242,0.5085,0.0229,2.5795,0.0003,0.0304,46.251,0.03,0.0571,4.6763,32.121,21.0467,0.0003,0.175,55.2516,0,4.5339,0.0026,6.3643,0,0,0,0.0679,0.066,0,0,0,0.2507,0,0.0044
"Venezuela",11529.0128,562.3567,239.9089,330.6666,19.2218,886.6699,146.1093,237.0482,3.8344,2.1725,3.0118,19.4887,1.1934,5.404,0,0.8627,0.385,26.8355,80.144,74.7541,193.6461,257.2462,136.1772,305.5139,0,4.3505,0.7371,245.3253,138.8447,140.9092,87.6249,11.3536,63.6293,198.2869,7.7308,21.4111,26.6776,4.4303,67.73,1.7421,29.37,0,0,110.2094,307.5361,0,100.928,415.7299,12.9992,21.2403,2.8034,3.4534,0.3335,178.8014,0,0.0427,0.0319,0.0003,1.4052,0,0,0.8415,23.1389,3.3859,15.1553,0.0034,12.6841,16.7491,0.6369,0.0566,1.2919,10.0556,2.2168,0,0,0.0075,30.6271,104.4868,1.9148,47.6145,0.8939,0,9,0,0,0,0,2.36,1.0694,0,0.6508,10.7875,0,0,0,0.1078,11.4158,0.0107,12.3269,6.2551,0,0,0,0.2798,0,0.8551,0.5599,1.2652,9,0,0,0,0.022,0,0.1111,0,0.0052,0.001,0.0737,15.5924,0,0,0,0,0.0011,0,0.0241,0,9.4927,6.5125,0.5576,2.3342,0.1485,0.1313,2.2821,0.0253,0.0041,0.5687,14.2984,0.0153,6.3679,0.225,0.1385,0.0836,0.0011,4.5338,20.4863,0.0541,0.0429,0,0,0,0,0.177,239.0141,9,0,16.0226,201.6131,337.4086,32.9491,0,1.7065,1.856,0,0.0786,0,9,13.1415,0.0119,0,2.2107,6.3457,18.8297,0.0022,0.2691,18.4908,0,47.3774,0,29.2358,0,0,0,0,0,0,0,0,0,0,0
"Guyana",7.33,150.5677,0.0091,16.2981,0.3928,0.9012,27.4379,74.9899,1.1985,1.8465,2.6926,4.1985,1.9131,3.5749,0.154,0,0.1483,0.5241,0,0.0349,0,0.9985,0.148,2.8522,4.3505,0,0.8044,0.7104,1.0802,9.5712,0,0,8.9,0.6579,0,47.0627,0.5552,3.6409,21.8581,0.7775,3.1652,0,0,0.6726,11.7375,0,31.156,0.1811,0.177,0.0547,0.007,0.1008,0.0221,35.0693,0,0.071,0.0012,0.0396,0,0,0,0.0791,0.0518,0.0989,0.0011,9.0003,0.008,1.2894,0.011,0,0.0053,2.1028,0,0,9,9,0.7344,1.286,1.6995,0.7942,0,0,0,0,0,0,9,0,0,9,0,0,9.005,9,0,0,0.2845,0.0245,0,0.0513,0,0,0,0,0,0,0.0161,0.0527,9,0,0,0,0,0,0,0,0,0.0001,0,0.1659,0.3822,0,0,0,0.0124,0,0,0,0.0309,0.0016,0,0,0.0058,0.0079,2.071,0,0.2263,0,0.041,0,0,0.3365,0,0,0.0005,0,0,0.1726,9,0,0,0,0,0.0083,10.2109,0,2.3963,5.7414,1.3432,10.2888,1.3499,0,0.2926,0,0,0,0,0,2.0307,9,0,0,1.3458,1.3061,0,0.281,0.9533,0,0.9207,0.0052,4.3926,0,0,0,0,0,0,0,0,0,0,0
"Suriname",89.8813,31.4887,0.0058,0.0622,0.0516,0.3048,7.809,22.1881,11.5235,0.2342,0.0038,0.0143,0.0023,0.1456,0,1.1664,0.0536,0.5205,0.0229,0.0151,0.0001,0.2057,2.236,1.9686,0.7371,0.8044,0,0,0.0237,5.3734,0,0,0.0362,0.1859,0.0033,3.5036,0.1203,22.0931,18.3077,0.9656,43.4089,0,0,0.4584,0.9916,0,0.933,2.2883,1.1662,0.0504,0.0032,0.1075,0.1025,0.8603,0,0.0035,0.2171,0,0.2939,0,0,0.0324,0.1913,0.071,0.002,9,0,0.0021,0,0,0.0634,0.0066,0,0,9,0.0385,0.0367,2.291,110.0123,0.3039,32.8442,0,0,0.1288,0,0,0.0544,0,0,9.0002,0.0049,0,0,9,3.5138,0.0327,0,0.0291,0.0017,1.0659,0,0.0383,0,0,0,0.0954,9,0.0781,0,0,0,0,9,0,0,0.0457,0,0.0057,0,6.4956,0.0406,0,0,0,0.0002,0,0,0,0.0085,0,0.043,0,0,0.0943,0.4634,9,0.0102,0,0.0036,0,0.711,0.0622,0,9,0.0112,0.0059,0.0312,0.0116,9,0,0,0,0,0,4.0219,0,0.9454,0.4301,0.0136,5.161,1.5994,9,0.0314,0,0,0.062,9,0,0.0674,0,0,0,0.1192,0.502,9,0.001,0.5634,0,0.1532,0,0.005,9.1573,0,0,0,0,0,0,0,0,0,0
"Ecuador",1014.7457,47.9422,9.6423,3.441,0.3565,26.4382,54.7257,0.7967,0.5327,0.0076,0,0.0002,0.014,0.0344,0,142.6134,0.0335,5.9984,10.6026,152.1976,18.2401,5.3736,159.5213,510.3223,245.3253,0.7104,0,0,22.9801,358.1056,1.1098,3.1899,181.2252,128.7848,22.0627,5.8883,4.7112,52.7854,30.9412,0.1972,25.6383,0,0,4.9705,36.0532,0,24.2804,150.8716,65.9187,1.36,11.6888,13.5605,2.3655,139.6741,0,2.1777,3.898,1.0111,13.3301,0,0.0512,7.0963,26.7825,0.0332,4.8795,0.7817,21.2506,161.839,2.1671,0.3041,12.4327,4.6573,4.3772,0.7019,0.8254,0.1427,66.1459,12.4068,1.249,2.6448,0.2092,0,0.035,0,0.5146,0,0,0.1199,0.2282,0,0.0018,0.0162,0.0147,0,0.0003,0,0.1937,0.0058,0.1671,0.177,0,0.0001,0.0154,0,0,0.2804,0.0525,1.5741,9,0,0,0,0,0,0.5931,0.0015,0.0001,0,0,0.8994,0,0,0,0,0.0381,0,0.0576,0,0.0122,54.4751,4.0875,0,0,0.8497,16.031,0.0245,0.4388,0.3495,0.393,0.4748,6.8754,15.5819,0.071,0.1983,0.0073,0.0305,0.9,0.002,0.0526,0,0,0.23,0.0461,1.2526,212.8837,9,53.9593,0.6948,179.1225,181.9906,12.82,0,3.2764,0,9.0001,1.669,0,0,21.6423,0.0188,0,0.1529,5.4326,1.3777,0.0021,1.1928,10.6769,0,3.6561,0,32.1182,0.0397,0,0,0,0.2427,9,0,0,0,0,0.0457
"Peru",121.1884,122.6025,92.8435,0.4484,11.194,15.8619,0.264,7.3979,6.8631,0.2616,0,0.0155,0.1571,0.1123,0.0075,52.9254,15.1896,15.9316,8.1588,24.4507,2.8925,1.7694,100.7705,208.2236,138.8447,1.0802,0.0237,22.9801,0,135.885,18.0219,5.4377,379.4159,299.2005,65.3035,145.5512,13.4877,39.4082,18.7289,0.9567,8.45,0,0,124.9529,403.9137,0,1.8238,10.1001,9.8568,30.8063,12.2363,3.4593,5.5751,30.9413,0,0.1332,0.0615,2.7354,3.4927,0,0.0148,0.8095,15.422,0.0489,27.2772,0.0031,8.1263,12.7063,0.0957,5.3935,3.3732,1.2281,1.3739,0.0046,0.031,0.0002,10.9922,22.7846,54.8984,1.421,0.086,0,0.0001,0,0,0.0022,1.4044,0.6962,0.0425,0.0468,0.0332,0.01,0,0.1532,0.194,0.0001,0.2663,0.3336,1.4248,1.3817,0.0002,0,0,0.0187,0.0187,0,0.972,0.0031,0.0009,0,0.0004,0.0006,0.0002,0.0006,9.4125,0,0.0127,0.0021,0.0015,18.4025,0.0054,0,0,0.0911,0.3943,0,0.5573,0.0384,3.6429,2.6563,0.0427,0.0001,0.0104,7.2103,5.5862,0.0269,0.9257,0.2118,1.6823,0.4631,6.947,1.5129,0.4314,0.3433,0.0498,0.4014,13.6145,0,0.0093,0.0141,0.0073,0,0,12.5867,427.6704,0,3.181,9.15,0.6601,189.0452,21.3269,0,4.1968,0.4211,0,2.1233,0,1.0995,17.3037,0.0001,0.0022,2.1783,1.388,1.843,0.0001,7.6663,10.7362,0,16.3006,0.0858,19.5216,0,0,0.0176,0,0.0534,0.0159,0.0002,0,0,0,0.27
"Brazil",5239.825,523.0319,107.1874,65.7555,28.859,189.4427,83.3747,181.1767,9.2607,1.0398,1.9229,267.9611,1.935,0.8731,0.2332,2183.2196,3.0344,86.9784,50.0906,82.1295,20.4903,119.515,34.7853,503.7168,140.9092,9.5712,5.3734,358.1056,135.885,0,42.9599,103.9437,895.9984,2704.3533,81.8033,650.7781,113.6061,2355.0851,748.344,5.7926,252.7862,0,0,530.8222,191.0708,0,434.2104,1258.957,127.4194,183.7886,139.6137,41.6359,36.1746,102.863,0,16.5341,5.9477,23.1994,87.3267,0,1.9833,27.7729,64.0753,12.1001,51.6726,13.1191,185.763,478.1509,13.0847,60.5689,13.9832,79.8437,30.5053,15.5799,18.4063,0.6335,264.8295,387.1236,30.1745,79.382,2.2902,0,0.1133,0.1995,0.7475,24.277,9.245,33.5436,5.9579,26.652,8.2058,3.9121,15.2883,6.903,1.5158,3.5129,33.5674,2.2265,16.2414,1020.3164,56.3951,0.2359,0.2872,53.1251,2.12,1.3945,12.2214,3.0022,0.2003,0.079,30.4081,4.5883,8.9885,0,206.6082,1.0552,1.0345,1.3377,1.3298,309.6585,3.7865,0.009,2.3084,0.2587,7.3037,0.0779,1.6743,0.5646,142.0265,1008.5948,34.5627,30.6735,16.4334,711.1904,166.3663,283.8429,336.9512,92.2515,48.62,23.334,250.8222,191.2524,103.3395,34.2809,74.9815,39.6978,92.5209,32.7689,1.0257,0.2933,0.0055,0.2165,0.0009,28.6554,1602.0714,0.7844,325.3311,28.4759,74.7257,85.3581,315.94,0,11.0462,12.7076,0.7344,5.5236,0.6808,1.8612,160.0608,0.4524,0.0367,12.2792,170.4388,72.4077,0.4173,77.9756,76.481,0,45.6112,1.5096,7.0336,0.017,0,0.0005,0,0.7635,0.1075,0,0,0.0088,0,1.1975
"Bolivia",143.3315,2.5253,0.0982,0.6722,0.0238,0.8056,0.0843,0.1461,0.1285,0.0152,0.0007,0,0,0,0,6.9489,0.0003,0.4184,0.1371,43.0475,0.054,0.079,5.2996,92.5962,87.6249,0,0,1.1098,18.0219,42.9599,0,14.7245,103.6198,292.5631,2.6379,5.7991,0.9793,8.9734,2.4654,0.017,4.112,0,0,4.3758,14.8227,0,0.0699,20.8498,0.2459,0.4469,0.1809,0.8672,0.0382,4.5356,0,0.0179,0.0004,5.8829,0.0215,0,9.0073,0.0582,0.008,0.005,0.0042,0.0056,2.5309,0.4083,0.0315,0.0428,0.128,0.6462,0.0161,0,9.0347,0.0002,5.1895,14.1167,0.3729,1.9758,0.0096,0,9,9,0,9,9.1039,0.0059,0,9,0,0.1441,0,9,0,0.0015,0.013,0.0054,0.0422,0.127,0,0.0003,9,0,9.0005,0,0.0145,0,0.002,0,0,9,0.0028,9,0.0052,0.0041,0,0,9,1.0987,0.0121,0,0.0003,0.3371,0.0261,0,0.0037,9.0016,1.16,0.0085,0.1925,0.0019,0,0.04,0.5228,0.0126,1.3562,0.1293,0.0359,0,2.8171,0.438,0.0033,0,0.0275,0,0.332,0.0592,9,9,9,9,0,0,83.584,9,15.0679,1.4712,9.0265,61.9159,3.9164,9,0.3304,0.0106,0,0.8023,0,0.0084,1.9401,9.0112,9,0.2414,3.0952,0.7275,0,0.4351,4.0846,0,0.9968,0,1.5937,9,9.0001,9,9.0033,0,9,9.0044,0,0,0,9.0001
"Paraguay",37.113,3.9906,31.3284,0.1752,0.0265,0.8469,0.0085,0.0019,0.0065,0,0,0,0,9,9,10.7431,0.7385,0.4715,0.1383,0.0022,0.1649,0.1791,0.3748,66.5123,11.3536,0,0,3.1899,5.4377,103.9437,14.7245,0,57.3808,84.9448,117.3216,21.1113,0.6697,47.0508,2.3873,0.1416,8.4435,0,0,63.2324,7.2103,0,1.754,28.4437,0.7636,3.3285,0.1863,0.0389,0.3628,24.3365,0,0.033,0.0754,0,0.027,0,0,0.0383,1.3439,0.0054,0.0808,0,0.537,3.3592,0.0374,0.0469,0.0005,0.4141,0.0025,0,0,0,0.8406,7.214,0.1074,0.8109,0.0832,0,9,0,0,0,9,0.0419,0,0.0539,0.0023,0.0861,9,0,0,0,0,0.0193,0.0067,0.6083,0,0.0628,0,0,0,0,0,0.2244,0,9,9,9.0311,0,0,0.4515,0,0,2.3624,0,0.1914,0,0,0,0,0.0521,0,0.0029,9,0.3036,1.6683,0.2007,0,9,0,43.6202,0,1.3419,0.022,0.0752,0,1.3859,0.1366,0,0,0,0.0135,0.0763,0,0,0,9.4274,0,0,0,176.5552,0,7.4502,3.0224,15.5111,30.7043,1.1859,0,1.126,0.0311,0,0.1478,0,0,2.7948,0.8584,0,0.1582,8.247,4.5713,0.0277,0.6928,3.044,0,0.6299,0,0.0822,0,0,9,0,0,9,9,0,0,0,0
"Chile",1822.4002,146.0526,1.1,44.77,4.9634,31.4492,8.3772,4.2749,6.4882,0,0,0.22,0.0565,0.1,0,636.0606,0,28.6383,17.3514,22.6507,9.1365,70.961,16.4995,64.7338,63.6293,8.9,0.0362,181.2252,379.4159,895.9984,103.6198,57.3808,0,2882.4708,19,527.8635,9.4754,439.4229,7.26,12.948,47.4405,0,0,61.5402,29.1843,0,17.9851,176.355,6.4893,6.3544,1.769,2.2041,0.237,559.0437,0,0.7912,0.0042,0.0415,1.5014,0,0,2.9683,49.0203,0.5219,16.654,0.1272,10.47,6.3998,5.47,12.7692,3.3069,47.4718,0.1176,0.4,0.0002,0.0156,36.0466,11.3497,29.4811,5.9475,1.0031,0,9,0,0,0,0,0.1661,0.1385,0,0,1.4829,0,0,2.09,0,0.78,0.232,1.1929,177.8609,0,0,0,4.8813,0,0,0.0373,0.1371,0,0,0,0,0,0,0,0,0,0.0982,0,28.8018,0.2,0,0,0,0.0376,9,1.0997,0,9.3205,0.3941,1.7262,0,0,0.9133,56.97,0,5.118,0.3,2.014,0.5911,35.6,44.1272,0.0626,0,1.54,2.9289,33.2,17.1356,0,0,0,2.28,0,0.2971,571.7274,0.8636,360.7,10.81,315.235,1591.1612,67.0789,0,36.1916,1.5032,0.7,5.1974,0,0,33.7787,0.0962,0,13.3,39.5488,15.91,0,29.7689,33.7049,0,43.4754,0,6.3694,0,0,0,0,0,0,0,0,0,0,0
"Argentina",1627.6499,161.2265,7.6749,23.149,15.0436,82.3119,4.4956,2.7961,0.9239,0.0844,0.2353,0.3624,0.2002,1.388,0.2077,598.1811,1.0487,28.3205,10.4005,13.5724,6.1633,28.574,10.53,187.269,198.2869,0.6579,0.1859,128.7848,299.2005,2704.3533,292.5631,84.9448,2882.4708,0,457.1615,174.2212,13.308,865.9033,236.3897,1.7602,120.9641,0,0,82.9583,1043.0709,0,131.842,324.5018,77.3342,7.0176,20.9041,22.2658,5.7276,702.0048,0,3.5789,1.3238,3.5271,13.1744,0,0.2696,43.4714,78.3442,30.128,20.1932,0.1812,10.6114,111.2809,4.598,26.01,3.3576,1.0586,2.0276,0.8877,0.1861,1.3943,13.7972,1.4061,42.4673,221.632,0.8824,0,0,0,0.6853,0.7626,2.7506,22.7665,1.667,1.4743,0.8991,6.6443,0.5545,0.0734,0.4773,0.5528,7.8376,0.0124,1.7505,10.5417,2.3817,0,0,2.7234,2.1725,0.0419,26.879,3.9809,0,0,0,0.0792,0.012,0,32.0119,0.8047,2.3012,5.0476,1.0431,218.1191,4.7771,0,0,0.0105,6.7091,0.002,29.9856,0.0003,113.2901,160.8882,122.6258,20.1641,4.74,206.4231,103.9672,55.0252,301.9707,123.5133,38.3444,104.2528,21.6558,70.8974,52.5292,15.1585,2.5133,9.7658,26.5141,20.6713,0.0928,0,0.55,0.0694,1.7114,4.295,1073.5778,0.03,23.6661,0.0104,306.8343,129.7959,323.7063,0,47.8813,43.9123,0.9352,8.9674,0,5.7998,323.0912,0.3698,0.0021,87.4536,180.0136,7.4908,0.0485,147.0833,48.6323,0,54.6184,0.0177,4.2841,0.0102,0,0,0,1.3124,0,0,0,0,0,0
"Uruguay",27.45,26.6738,0.7069,0.4864,5.7527,4.6258,0.7916,0.3026,0.0984,0.0022,0.0617,0,0.0126,9.0077,0,72.2303,0.1751,9.45,0.519,1.0783,0,4.3036,1.0376,16.1378,7.7308,0,0.0033,22.0627,65.3035,81.8033,2.6379,117.3216,19,457.1615,0,18.3096,4.3546,22.6945,6.5119,0.1715,39.0418,0,0,48.0239,0.3388,0,7.9946,49.1526,26.1065,5.0034,0.0551,7.6607,0.6003,10.0628,0,0.4571,0.1053,0.3497,0.6266,0,0,0.3614,0.8571,0.9398,0.1643,0.0622,0.257,37.6455,0.239,0.4402,0.2984,0.0384,0.0772,0.0396,0.0081,0.6508,1.7171,1.2787,8.0604,9.6166,0.1307,0,0,25.0594,11.6583,0,9,0.41,0.0062,0,0.0002,0.1155,0,0,0,0,0.858,0.9609,0,4.2005,0,0,9,0.3845,0.1911,0,0.0595,0.0005,0,9,9,0,9,9,0.4332,0,0.041,0.0013,0,5.352,9,0,0.0982,0,0.0018,0,5.9728,0,7.0626,19.889,3.4191,0,0.001,36.1067,15.7362,0,11.7011,0.0018,3.0527,0.7246,56.44,4.6404,0,2.7155,1.0566,0.2036,4.268,0.0365,0.0288,0,0,0,0.0068,0.2296,20.9992,9,30.9517,1.2298,32.4782,18.8699,16.6952,9,0.9965,0.1655,0.035,0.4288,0,0,10.6698,0.0037,9.0016,0,14.28,5.5402,0,0.0907,0.5774,0,8.6336,0,2.8058,0,0,0,0,0,0,0,0,0,0,9
