"","United States of America","Canada","Bahamas","Cuba","Haiti","Dominican Republic","Jamaica","Trinidad and Tobago","Barbados","Grenada","Mexico","Guatemala","Honduras","El Salvador","Nicaragua","Costa Rica","Panama","Colombia","Venezuela","Guyana","Suriname","Ecuador","Peru","Brazil","Bolivia","Paraguay","Chile","Argentina","Uruguay","United Kingdom","Ireland","Netherlands","Belgium","Luxembourg","France","Switzerland","Spain","Portugal","German Federal Republic","German Democratic Republic","Poland","Austria","Hungary","Czechoslovakia","Italy","Malta","Albania","Yugoslavia","Greece","Cyprus","Bulgaria","Romania","Russia","Finland","Sweden","Norway","Denmark","Iceland","Cape Verde","Sao Tome and Principe","Guinea-Bissau","Equatorial Guinea","Gambia","Mali","Senegal","Benin","Mauritania","Niger","Ivory Coast","Guinea","Burkina Faso","Liberia","Sierra Leone","Ghana","Togo","Cameroon","Nigeria","Gabon","Central African Republic","Chad","Congo","Democratic Republic of the Congo","Uganda","Kenya","Tanzania","Burundi","Rwanda","Somalia","Djibouti","Ethiopia","Angola","Mozambique","Zambia","Zimbabwe","Malawi","South Africa","Lesotho","Botswana","Swaziland","Madagascar","Comoros","Mauritius","Seychelles","Morocco","Algeria","Tunisia","Libya","Sudan","Iran","Turkey","Iraq","Egypt","Syria","Lebanon","Jordan","Israel","Saudi Arabia","Yemen Arab Republic","Yemen People's Republic","Kuwait","Bahrain","Qatar","United Arab Emirates","Oman","Afghanistan","China","Mongolia","Taiwan","North Korea","South Korea","Japan","India","Bhutan","Pakistan","Bangladesh","Myanmar","Sri Lanka","Maldives","Nepal","Thailand","Cambodia","Laos","Vietnam","Malaysia","Singapore","Philippines","Indonesia","Australia","Papua New Guinea","New Zealand","Fiji","Samoa"
"United States of America",0,49.099,888.61,1.4,70.582,259.07,58.756,1383.5,37.592,0.1,1276.5,63.951,44.21,185.059,21.231,15.454,84.722,147.39,392.2998,21.849,15.745,222.85,35.95,476.7851,21.899,8.01,160.1,350.37,24.099,1096.5,225.12,2299.1001,848.348,36.5516,1631.3,21.6,1060.0601,341.52,0,17.8,244.56,128.4,97.23,33.1,57.0999,40.09,4.5,174.31,161.9,29.419,5.1,62.02,1186.1,52.26,377.9,23.87,138.02,126.512,0,0.6,0.269,0.2,3.131,2.584,61.778,14.019,17.9,11.038,179.87,61,18.936,2.438,46.871,69.622,22.021,18.213,5599.8002,229.041,1.329,8.2,23.478,76.4,252.512,19.978,49.908,23.67,29.393,0.059,2.2,61.188,443.1,62.323,32.4182,50.7,8.986,276.7,12.6,48.3,12.9,68.536,1.9,12.794,1.8,177.68,2652.1599,100.23,4277.2999,50.321,1758.0999,346.41,249.4,600.07,97.98,80.3,201.52,389.58,4370.8999,8.922,27.5,422.4,52.56,365.95,1702.9999,410.62,0.303,53.1,2.2,2240.9,9,714.5999,7725.501,19.8,0,222.11,76.64,12.427,16.179,0,3.2,192.47,0.4,1,0.3,829.63,401.1699,358.75,2960.5999,1452.6301,65.9,46.96,2.802,2.247
"Canada",49.099,0,1.21,126.7,10.809,3.97,9.155,20.92,13.271,0.315,36.2,6.736,12.107,3.637,9.488,10.64,2.814,0.88,1114.7,1.473,9.686,54.57,3.98,114.486,8.226,4.02,15.1,77.98,5.601,800.0999,19.48,141.2,158.9515,6.8485,4.8,123.5,35.95,5.98,0,24.9,138.27,8.7,2.75,30.8,140.5,1.47,9.2,41.07,4.73,2.598,1.9,12.59,279.8,18.85,155.8,118.41,20.48,0.452,0,0,0,0,0.027,0,2.401,0.851,4.1,0.211,7.42,22.9,1.009,3.388,3.485,11.104,1.292,1.81,0.1,16.853,0.008,0,0.066,6.5,2.231,8.318,1.021,1.897,0.278,0.048,0,1.376,3.2,5.151,10.3615,0,1.619,74.5,0,0,0,0.683,0,5.65,0,49.16,215.8,18.42,12.5,1.447,435.5,42.49,43.2,41.85,31.79,25.2,6.55,11.63,702,0.172,2.3,20.1,2.03,0.64,4.8,1.45,0.179,261.5,0,263,0.4,184.9,1040.8999,146.05,0,60.67,46.84,0.823,9.665,0,0,49.87,9.7,9,10.3,0.8,51.77,36.77,38.3,6.2,5.272,17.48,0.11,0.092
"Bahamas",888.61,1.21,0,0.07,0.038,0.18,1.242,5,0.061,0.01,0.74,4.672,0.08,0.015,0.02,0.005,0.127,6.17,62.94,0.1,0.059,0.01,1.87,19.528,0,0,0,18.71,0.18,36.38,20.86,26.56,10.5936,0.4564,7.81,4.18,6.45,1.26,0,0,0.01,0.68,0.24,0.02,0.19,0.11,0,0.06,0.05,0.006,0,0,4.39,0.22,19.51,12.74,25.67,7.808,0,0,0,0,9,9,0,0,0,0,0,0,0,0.001,0.002,0,0,0,449.1,95.1,0,0,12.87,17.08,0,0,0,0,0,0,0,0,153.5,0,0,0,0,7.52,0,0,0,0,0,0.001,9,0,9.85,13.46,362.85,0,386.45,0,16.73,0.01,1.67,0,0,0,1274.06,9,0,0,0.03,9,12.5,9,0,0,0,0,0,0.3,16.2,0.03,0,0,0,0,0,0,0,0.02,0,0,0,0.01,0.01,0.05,85.44,3.19,9,0.37,0.037,5.39
"Cuba",1.4,126.7,0.07,0,0,0,1.038,0,0.885,9,31.8,0,0,0,0,0.46,0.125,3.43,0,0.137,0.338,0,19.62,0,0,9,0,167.61,0,31,0.28,6.9,64.7118,2.7882,24.1,17.8,3.9,15.61,0,0,11.43,4,2.18,0,12.5,0.07,0,21.68,9.12,9.106,0,5.19,0,13.58,25.4,1.2,77.48,0,0,0,0,0,9,0,0,9,0,0,0,0,9,0,9,0.708,0,0.012,0,0,9.014,0,0.147,9,0,0,0,0.042,9,9.002,0,0,0,9,0,0,0,0,0,0,0,9,9,9,0,31.07,0,0.58,9,5.106,9,0.03,27.4,8.6,13.13,0,0,0,3.1,10.311,0,9,0.02,0,0.2,0,0,0,0,0,0,0,300.3,0,0,0,9,9,0,0,0,0,0,0,0,5.77,1.76,0.01,29.3,15.61,0,3.82,0.008,0
"Haiti",70.582,10.809,0.038,0,0,1.243,2.028,0.184,0.335,9.001,0.624,0.139,1.959,0.093,0.33,0.069,0.197,0.582,0.373,0.144,0.134,0.258,0,2.045,0.075,0,0.155,0.039,0,3.168,0.083,2.664,8.1872,0.3528,17.417,2.555,0.649,0.022,0,0,0.404,0.015,0.479,0.533,10.04,0,0,0,0.023,0,9.2,0.582,0,0.071,1.217,0.621,0.989,0.561,0,0,0,0,0,0,0,9,0,9,0.001,0,0,0.002,0,0,0,0,0,0,9,0,0,0,0,9,0,0,9,0,9,9,0,9.274,0,9,0,0,0,0,0,0.009,9,0,0,0.158,0,0,0,0,0,0.016,9,0,0,0,0.168,0.013,9,9,0,9,0.05,0,0,0,0,3.436,0,0,0,0.039,14.107,0.135,0,0.018,0,0,0,0,0,0,0,0,9,9,0.551,0.01,0,0.033,0,0.047,0,0
"Dominican Republic",259.07,3.97,0.18,0,1.243,0,0.837,0.56,0.064,0.012,10.9,2.722,8.165,0.634,1.015,3.656,8.017,4.86,125.29,0.008,0.105,0.01,0.19,13.72,0.02,0,1.81,11.03,0.375,12.62,0.18,8.17,8.7625,0.3775,4.1,5.04,14.04,5.23,0,0.05,0.26,0.77,0.1,0.27,3.33,0.01,9,0.13,0.1,0,0,0.01,0,2.01,12.26,5.89,0.68,0.03,0,9.01,0,0,0,0,9,9,0,0,9,0,0,0,9.035,0,9,0.037,0,0,0,0,0,9,0,0,9,0,0,0,9,9,9,0,0,0,9,0.3,0,0,0,0,0,0,0,15.59,1.05,0.31,0,9,0.01,0,0,0,9,0,0,0.32,0,0,9,9,0,9,0,0,0,0.06,9,9.62,0.01,1.2,65.94,0.85,0,0,1.04,0,0,0,0,0,0,9,9,0,0.04,1.21,0,3.19,0,0.6,0,0
"Jamaica",58.756,9.155,1.242,1.038,2.028,0.837,0,0.75,5.314,0.347,3.672,0.269,4.146,0.216,0.974,0.106,0.578,0.579,122.172,6.613,1.396,0.11,0.345,5.319,0,0.19,0.013,1.109,0.226,54.321,0.46,5.411,4.1032,0.1768,7.984,4.101,0.561,1.933,0,0.127,0.51,0.099,0.028,0.011,3.251,0.06,0,0.4,0.2,0.001,9.004,0.108,0.026,0.116,9.663,64.724,1.374,0.001,0,0,9,0,0,0,0,0,0,9,0.001,9,0,0.007,0.04,3.635,0,0.186,0.027,0,0,0,0.051,0.052,0,0.085,0.002,0.081,9,0.006,0,0.001,0.005,0,0.0014,0,0,0,0.006,0,0,0.001,0,0,0.001,0.028,0,0.31,0,0.015,0.005,0.23,0.018,0.018,0.018,0.01,0.002,0.121,10.287,0,0,0,0.03,0,0.1,0.01,0.024,0.558,0,6.768,0,0.783,14.47,0.058,0,0.093,0.112,0,0.117,0,9,0.007,0,0,0,0.524,0.183,0.12,0.505,4.071,0,9.017,0.125,0
"Trinidad and Tobago",1383.5,20.92,5,0,0.184,0.56,0.75,0,16.931,6.06,3.97,5.358,21.887,0.4,1.336,2.488,3.077,6.3,12.01,55.742,53.999,2.66,2.43,4.32,0,0.06,0.02,1.88,0.25,135.72,2.47,18.69,2.1571,0.0929,7.14,2.07,3.54,0.32,0,0.32,0.34,0.75,0.23,10.42,0.37,0.01,0,0.09,0.01,0.002,0,0.41,9.15,0.45,5.52,4.33,6.52,0.006,0,0,0,0,1.526,9,0,0.61,0,0,0,0,0,0.063,0.001,0.026,1.14,6.383,0.52,0,0,0,0.01,0,0,0.145,0.059,9.001,0.27,0,0,0,0,0.21,0.0364,0,0,0.02,0,0,0,0.02,0,0,0,0.21,0,0,32.7,0,163.37,0.01,0.05,0.05,0,9,0,0.38,430.14,9.364,0,0,0,0,18.7,142.88,0,5,0,9.33,9.1,0.64,76.65,3.75,0,0.05,0.08,0,0.02,0,0,0.11,0,0,0,0.43,2.57,0.05,187.47,7.22,0,10.41,0.001,0
"Barbados",37.592,13.271,0.061,0.885,0.335,0.064,5.314,16.931,0,0.021,0.368,0.137,2.47,0.109,0.015,0.03,0.038,0.684,18.384,3.757,0.233,0.008,0.02,4.327,0.005,0,0.929,1.847,0.425,42.138,9.928,2.499,1.0929,0.0471,2.879,1.182,0.8,0.108,0,0.042,0.295,0.123,0.08,9.443,2.177,0.005,0,0.039,0.002,0.037,0.004,0.042,0.032,0.079,0.606,2.302,1.792,0,0,0,0,0,0,0,0,0,0,0,0,0,0,0,0,0.005,0,0,0,9,0,0,0,0,0,0.196,0.012,9,0,0.001,0,0,0,0.041,0,0,0,0.008,0,0,0,0.011,0,0.002,0,0.006,0,0,0,0,0.006,0.014,0.004,0,0,9,9,0.065,1.1,0.001,0,0,0,0,0,0,0,0.311,0,1.403,9.006,0.153,8.581,0.356,0,0.203,0,0.016,0.237,9.024,0,0.018,0,0,0,0.427,0,0.034,0.044,2.407,0,6.198,0,9
"Grenada",0.1,0.315,0.01,9,9.001,0.012,0.347,6.06,0.021,0,0,9,0.343,0,9,0,0,0,0.003,0.727,0.324,9,0,0.03,0,9,9,0.34,9.039,0.3,0.17,1.756,1.2463,0.0537,0.108,0,0.22,0,0,9,0.294,0,9,9,0.4,0,0,0,0.006,0,0,0,9,0.03,0.003,0.01,0.16,9,0,0,0,0,0,0,9,0,0,0,0,0,0,0,0,0,0,0,0,0,9,0,0,0,9,9,9,0,0,0,0,0,0,9,0,9,9,9,0,0,0,9,0,0,0,9,0,0,9.023,9,0,9,0,0,0,0,9.03,0,9,9,9,0,0,0,0,9,9,9.477,0,9,0,0,0,0.13,0,9,9,0,0,0,0,0,0,0,0,9,0,9,9,0.05,0,0,0,0
"Mexico",1276.5,36.2,0.74,31.8,0.624,10.9,3.672,3.97,0.368,0,0,35.783,13.782,15.72,7.832,22.209,9.268,25.17,90.4,0.389,0,20.31,0.85,143.597,2.277,1.792,32.8,43.41,1.896,57.1,12.84,8.1,7.2861,0.3139,63.5,55.8,27.49,6.68,0,1.5,0.8,7.4,2,4.4,30.2,0.22,0,10.25,1.01,2.535,0,7.21,1.8,2.49,64.4,21.59,1.18,0.006,0,0,9,0,0,9,0,0,0,0,0.2,0,9,0.096,0,0.034,0,0.021,1.6,0,0.004,0,0.004,0.3,0,0,0,0,9,0,0,0.244,0,0,0.04,0,9,2,0,0,0,9,9,0.008,0,0.55,6.8,0.01,2.6,0.195,0.2,0.24,0.3,1.2,9,0,0,0.2,0.1,10.319,0,0.1,0,0.01,0.2,9,0,24.2,0,0,9,3.8,8.2,30.76,0,0.23,1.01,0,4.6,0,9,8.05,9,0,9,4.27,11.62,1.27,7,0.25,0,4.32,0.06,9
"Guatemala",63.951,6.736,4.672,0,0.139,2.722,0.269,5.358,0.137,9,35.783,0,13.893,82.523,36.456,33.191,5.523,4.644,86.13,0,0.141,0.553,0.293,8.253,0.374,0.005,0.308,3.219,0.075,24.895,0.634,27.11,3.9594,0.1706,1.932,14.481,1.532,7.942,0,1.07,0.516,10.389,3.533,2.33,17.756,0,9.003,0.083,0.209,0,0.245,2.044,0.38,38.569,16.557,6.388,15.605,0.013,0,0,0,0,0,0,9,0,9,0,0,0,0,0,0.004,0,9,0,0,9,0,0,9,0,9,0.009,0.005,9,0,0,0,0.085,0,9,0.0582,0,0,0.925,9,0,0,0.003,0,0,0,0.02,0.543,0,0.8,0,1.184,0.004,9,0,0.377,9.296,2.184,1.547,0.5,2.875,9,9.464,4.92,9,0.4,9,9,0.93,9,19.304,0,3.295,1.326,25.72,0,0.082,0,9,0.299,0,0,2.939,0,0,0.001,0.499,0.071,0.911,0.381,2.995,9,0.219,0,0
"Honduras",44.21,12.107,0.08,0,1.959,8.165,4.146,21.887,2.47,0.343,13.782,13.893,0,0,3.36,10.036,5.306,2.077,21.707,0,0,0.25,0.582,8.261,0,0,0.006,2.264,0.016,12.489,0.03,3.444,1.5627,0.0673,1.978,11.718,3.896,0.174,0,0.538,0.172,9.069,0.395,1.104,6.544,0,0,2.394,0.2,0.013,0,1.999,0.066,1.463,6.387,3.226,3.698,0.046,0,0,0,0,0,9,0,0,0,0,9,0,0,0,9.147,0,0,0,0,0,9,0,0,0,9,0,9,9,0,0,0,9,0,0,0,9,0,0.456,0,0,0,0,0,0,0,0.33,0,0.01,0,0,0,0.03,9,0,0.425,0,0,0.278,0.2,9,0,1.016,0,9,0,9,0,2.423,9,0,0,2.05,32.979,0.061,0,0.1,0,0,0,0,0,0,0,0,9,0.048,0,0.01,0,1.025,9,0.05,9,0
"El Salvador",185.059,3.637,0.015,0,0.093,0.634,0.216,0.4,0.109,0,15.72,82.523,0,0,2.869,4.062,16.835,3.584,87.008,0,0.224,0.326,1.794,5.376,0.002,0.056,1.335,1.705,0.086,23.428,0.044,46.186,0.2205,0.0095,14.151,6.163,6.961,0.047,0,0,0.02,11.477,0.154,0.46,1.581,0,0,2.52,0.024,0,0,0.508,0,5.945,0.925,8.444,1.874,0.257,0,0,0,0,0,0,0,0,0,0,9,0,0,0,0,0.002,0,0,0,0,0,0,0,0,0,0,0,0,9,0,0,0,0.009,0,0,0,0,0.24,0,0,0,0,0,0,0,0.473,0,0,0,0,0.132,0,0.021,0,0,0,0,0.602,0,10.757,0,0,0,0,0,9,0,0,0,5.772,0,3.692,29.824,0.056,0,0.027,9.44,0,0.184,0,0,0.241,0,0,0,0.023,0.258,0.396,0.075,2.846,0,2.514,0,0
"Nicaragua",21.231,9.488,0.02,0,0.33,1.015,0.974,1.336,0.015,9,7.832,36.456,3.36,2.869,0,9.758,4.508,2.803,78.862,0,0.002,0.005,0.059,5.071,0.049,0,1.277,0.892,0.05,14.074,0.13,4.201,18.081,0.779,6.587,8.105,27.812,1.025,0,0,0.34,11.93,0,0.39,6.175,0.02,9,0.64,0.023,0,0,4.975,0.201,1.439,0.993,2.711,2.798,0.004,0,0,0,0,0,0,0.052,9,0,0,0,0,0,0,0,0.097,0,0,0,0,0,0,9,0,0,0,0,0,0.018,0,0,0.003,0,0,0,0,0,1.429,0,0,0,0,0,0,0,0.824,1.475,1.478,0,0,1.735,0,0,0,0,0.03,0,0.221,0.1,9,0,0,0.01,0,0,0,0,19.687,0,3.293,0,3.624,12.736,16.621,0,0.005,9.41,0,0.088,0,0,8.386,0,0,0,0.95,0.126,0.35,0.797,1.686,0,0.009,0,0
"Costa Rica",15.454,10.64,0.005,0.46,0.069,3.656,0.106,2.488,0.03,0,22.209,33.191,10.036,4.062,9.758,0,8.64,6.094,10.952,0.002,0.542,0.561,5.083,9.052,0.129,0,3.734,3.486,0.044,20.94,1.946,29.436,1.2463,0.0537,0.57,18.607,16.325,0.174,0,1.659,19.063,8.043,0.795,1.04,12.681,0,0.002,1.492,0.108,0,0.869,7.497,2.248,54.867,25.051,7.998,3.433,0.143,0,9,0,9,0,0,0,0,0,0,0,0.282,0,0,0,0,0,0,0,0,0,0,9,0.013,9,0,0.002,9,0.003,0,9,0,0,0,0.037,0,9,0.218,9,0,0,0.001,0,0,0,1.76,0,0.002,0.6,0.038,2.739,0.001,0,0,0.74,0.078,0,0.785,0.2,9,9,0.925,0,0,9,9,9,0.162,9,2.704,0.965,1.318,127.929,0.099,0,0.062,9,0,0.012,0,0,0,9,9,9,0.032,0.024,0.153,0.03,1.709,0,5.451,9,9
"Panama",84.722,2.814,0.127,0.125,0.197,8.017,0.578,3.077,0.038,0,9.268,5.523,5.306,16.835,4.508,8.64,0,2.053,13.236,0.003,3.873,125.674,0.726,31.888,0.01,0,2.082,13.636,1.128,10.886,0.781,0.423,3.1829,0.1371,1.412,115.717,0.856,5.599,0,0.092,1.113,7.918,0.21,0.48,51.09,0,9,10.489,0.074,0,0,0.108,0.024,2.252,1.219,15.142,10.567,0.334,0,0,9,9,0,0,0,0,0,0,0,0,0,9,0,0,0,0,0,0,0,0,0,0,0,0,9,0,9,9,0,0,9,9,0,0,0,0.19,0,0,0,9,0,0,0,0.81,0,0,0.5,0,3.767,0.003,3.238,0.121,0.299,9.006,0,10.876,63.979,0,0,0.257,0,9,0,9,0,1.091,0,7.013,0,12.108,9.167,0.488,0,0.879,0.01,0,0.037,0,0,0.156,9,9,0,0.164,2.241,0.653,0.095,2,0,3.163,0,9
"Colombia",147.39,0.88,6.17,3.43,0.582,4.86,0.579,6.3,0.684,0,25.17,4.644,2.077,3.584,2.803,6.094,2.053,0,59.75,0.033,0.518,15.93,15.02,45.46,0.332,0.626,20.37,8.2,5.294,18.91,2.81,80.07,9.1268,0.3932,15.45,9.08,12.3,0.57,0,30.23,19.14,13.18,0.02,3.4,25.14,0.66,0,1.28,1.72,0,0.43,3.16,2.74,76.62,69.79,15.32,14.04,0.086,0,0,9,0,0,0,0,0,9,0,0.05,0,0,0,0.021,0.396,0,0,0,0,0,0,0.06,0,0.11,0,0,0,9,0,0,0,0,0,0.0327,0,9,6.49,9,9,0,0.11,9,2.196,9,4.69,1.44,0.36,0.2,0.006,1.58,0.05,0,0.01,0.7,0,0,0.39,0,9,0,0.19,0.05,0,0,0,9,0.28,9,0,1.66,4.48,88.96,0.35,0,2.55,0.01,0.047,0.22,9,0,4.61,0,9,0,6.54,2.86,1.41,0.15,1.15,0.1,1.31,9,0
"Venezuela",392.2998,1114.7,62.94,0,0.373,125.29,122.172,12.01,18.384,0.003,90.4,86.13,21.707,87.008,78.862,10.952,13.236,59.75,0,4.181,6.063,0.19,131.63,99.594,3.048,0.237,80.6,121.61,24.627,156.1,8.81,126,141.6949,6.105,114.7,102,172.38,48.59,0,0,0,16.1,0,7.8,417.7,0.02,9,7.44,0.15,0,0,2.01,0,22.19,80.5,12.58,36.42,1.356,0,0,0,0,0,0,2.41,0.099,9,0.048,12.82,0,9.094,5.575,0,0,8.207,1.626,0,0,0,9,0,0,0,0,0,0,0.001,0,0,0,0,0.89,0,0,0,0,0,0,0,0,0,0,0,0.42,0,0,0,0,0,7.59,9,0.01,0,0,0,7.8,0,9,9,0,0,0,1.3,0,0,0,0,0,0,16.8,1044.6,1.15,0,0.28,0.02,0,0,0,0,0.11,9,0,0,2.55,4.83,0.3,2.6,31.53,0,16.54,0.002,9
"Guyana",21.849,1.473,0.1,0.137,0.144,0.008,6.613,55.742,3.757,0.727,0.389,0,0,0,0,0.002,0.003,0.033,4.181,0,0.492,0.003,0.23,0.438,0,0,0.01,2.081,0.004,15.932,0.135,9.824,0.0863,0.0037,5.546,0.932,4.799,0.141,0,2.271,0.008,0.111,0,0.042,1.764,0.01,0,0.392,0.197,0,0,0.002,1.442,0.129,0.835,17.437,0.577,0,0,0,0,0,0,9,0,0,0,0,0,0,9,0.003,0,0,9,0.004,0,0,0,0,0,0,0,0.092,0,9,0,0,0,0,0,0,0,0,0,0,0,0,0,0,0,0,9,0.037,0,0,0,0,0.094,0,9.041,0.141,0,0,0,0.044,1,0,0,0,0,0,0,0,9,2.025,0,0.053,0.013,0.477,10.947,2.258,0,0.017,0.003,0,0,0,0,0.22,0,0,0,0.471,1.062,0.006,0.008,0.114,0,0.813,0,0
"Suriname",15.745,9.686,0.059,0.338,0.134,0.105,1.396,53.999,0.233,0.324,0,0.141,0,0.224,0.002,0.542,3.873,0.518,6.063,0.492,0,0.001,0.043,7.711,9,0,0.012,0.079,0.003,14.05,0.053,44.997,1.4956,0.0644,5.888,0.01,1.813,0.456,0,0.19,0.076,3.348,0.486,0.282,0.043,0,0.117,0.544,0.01,0.002,0.008,0.091,2.851,1.001,0.819,49.088,1.858,0,0,0,0,0,0,0,0,0,0,0,0,0,9,9,0,0,0,0,0.009,0,0,0,9,0,0,0,0,0,0,0,0,0,0,0,0,0,0,0.007,0,0,0,9,0,0.006,0,0.158,0,0,0,0,0,0.019,0,0,0,0,0,0,0.9,0,0,0,0,0,0,0,0,12.874,9,0,0,0.962,8.569,0.504,0,0,0.01,0,0.009,0,0,0.003,0,0,0,1.012,0,0.142,0.132,0.069,0,0.04,0,0
"Ecuador",222.85,54.57,0.01,0,0.258,0.01,0.11,2.66,0.008,9,20.31,0.553,0.25,0.326,0.005,0.561,125.674,15.93,0.19,0.003,0.001,0,158.82,12.356,0.076,0.381,86.93,6.14,0.062,36.13,8.65,11.59,1.6681,0.0719,30.75,29.9,17.39,5.67,0,6.3,0.87,2.58,32.3,4.26,5.8,0.64,9,39.55,6.71,0,0.5,0.4,8.26,3.51,6.71,0.69,1.42,0.387,0,0,0,0,9,9,0,9,0,0,0,0,0,0,0,0,0,0.004,9,0,9,0,0,9,9,0,9,0,9,9,0,0,0,0,0,0,9,6.53,0,0,0,9,0,0,0,2.52,0,0.93,1.5,0,2.8,0,13.4,0,0,0,0,3.88,2.1,0,0,0,0,10.05,4.6,0,0,1.76,0,11.79,9,4.3,190.09,0.13,0,0.02,9,0,0,0,9,0.2,0,9,0,6.73,0.52,1.29,0.43,5.91,0,7.54,0,9
"Peru",35.95,3.98,1.87,19.62,0,0.19,0.345,2.43,0.02,0,0.85,0.293,0.582,1.794,0.059,5.083,0.726,15.02,131.63,0.23,0.043,158.82,0,17.863,7.253,0.83,23.56,27.36,1.599,6.58,2.27,10.1,15.828,0.682,17.89,9.5,20.86,4.77,0,42.01,22.31,6.43,33.38,17.08,56.96,0.05,0,39.41,0.86,0,5.02,9.11,17.49,6.75,47.5,2.67,1.51,0.002,0,0,0,0,0,0,0,0,0,0,0.01,0,0,0,0,0,0,0.004,0.58,0,0,0,0,0,0,0,0,0,9,9,0,0,0.45,0,0,0,0,7.58,0,9,0,0,0,0,0,0.06,5.02,0,0,0,8.63,0.01,0,0,0.47,0,0,0.05,0,0,0,0,0.01,9,0,0,0,35.35,0,12.28,0,16.34,176.12,1.49,0,0.01,0.32,0,0,0,0,0,9,0,9,6.49,0.24,4.06,0,11,1.53,23.03,0.336,0
"Brazil",476.7851,114.486,19.528,0,2.045,13.72,5.319,4.32,4.327,0.03,143.597,8.253,8.261,5.376,5.071,9.052,31.888,45.46,99.594,0.438,7.711,12.356,17.863,0,42.731,22.478,260.142,181.957,15.544,212.76,4.993,232.877,57.8764,2.4936,262.185,116.716,471.547,79.671,0,76.203,68.317,71.224,203.726,2.104,290.495,3.506,9.87,138.791,62.868,6.358,40.399,36.253,277.984,3.21,6.287,44.429,152.35,7.252,0,0,1.55,9,1.91,0.01,7.429,0.15,3.1,0.01,19.27,0.12,9.08,1.45,0.926,2.022,0.94,1.625,12.375,168.644,0.044,9.01,3.283,2.576,5.37,2.744,3.512,0.426,0.333,2.45,0.72,1.073,24.718,1.24,0.1436,0,0.01,106.43,0,9,9,7.683,0,2.105,0.044,4.45,218.5,11.902,171.554,17.66,391.901,59.52,1197.659,29.093,22.297,20.2,7.08,1.772,1561.009,0.259,0,514.856,0.24,1.377,91.408,0.82,0.4,162.121,9,14.849,0,0.623,75.948,59.872,0,1.081,0.47,0.019,5.775,0,0,25.016,9,0,0,15.575,15.606,46.381,36.9,34.331,0.07,5.795,0.149,9
"Bolivia",21.899,8.226,0,0,0.075,0.02,0,0,0.005,0,2.277,0.374,0,0.002,0.049,0.129,0.01,0.332,3.048,0,9,0.076,7.253,42.731,0,2.105,5.906,95.411,2.622,50.396,1.52,3.539,8.2735,0.3565,18.203,7.33,3.73,0.18,0,0,0,1.4,0,0,5.584,0,0,4.57,0.26,0,9,0,0,2.34,8.284,0.08,4.14,0,0,0,0,0,0,0,9,0,0,0,0,9,0,0,9,0.949,0,0,9,0,9,0,0,0,0,0,9,0,0,0,0,0,9,0,0,9,0,0,9,9,0,9,0,0,0,0.07,0,0,0,0,0,0.11,3.3,0,0,0,0,0.01,0,9,0,0,0,9,0.2,9,9,0,0,0,0,1.8,59.619,1.46,0,0,0.09,0,0,0,0,0.58,0,9,0,0,0,0.04,0,0.28,9,0,0,0
"Paraguay",8.01,4.02,0,9,0,0,0.19,0.06,0,9,1.792,0.005,0,0.056,0,0,0,0.626,0.237,0,0,0.381,0.83,22.478,2.105,0,18.453,12.171,5.501,0.394,0.018,11.269,2.3392,0.1008,18.298,1.681,28.951,15.287,0,9,9,0.25,9,9,28.246,0,0,0.25,4.406,0,0,9,9,0.12,3.763,0.608,9.046,0,0,0,0,0,0,9,0,0,0,0,0,0,9,9,0,0,0,0.028,0,0,0.015,0,0.149,0,0,9,0,9.017,0,0,0,0,0,0,9,9,0,1.011,0,0,0,0,0,0,0,0.404,24.62,0.479,0,0,0,0.01,9,0,9.001,9,0,0.13,1.9,0,0,0,0,9,0,0,0,0,0,2.394,9,0.013,8.532,8.134,0,0.008,0.16,9,0.002,0,0,0.62,0,9,0,0,0.26,0,0.1,0.06,0,0,0,0
"Chile",160.1,15.1,0,0,0.155,1.81,0.013,0.02,0.929,9,32.8,0.308,0.006,1.335,1.277,3.734,2.082,20.37,80.6,0.01,0.012,86.93,23.56,260.142,5.906,18.453,0,111.42,7.957,74.5,0.38,25.4,64.9994,2.8005,52.3,13.9,0.01,5.35,0,0,0,16.2,0,0,71,0,0,3.86,0.42,1.1,0,3.32,0,2.63,1.7,1.51,1.25,0.03,0,0,0,0,0,0,0,9,0,0,0,0,9,0,0,0,9,0,9,12.6,0,0,0.001,0,0,0,0,0,9,0,0,0,9,0,0.04,0,0,3.7,0,0,0,0,0,0.002,0,0.02,0,0,1.6,0,144,9.61,13,0,0,0,0,0.1,2.8,9,9,3.2,0,2.73,16.8,9,0,9.3,0,10.2,2.9,20.1,79.3,0.31,0,0.06,1.68,0,3.2,0,0,1.52,0,0,9,4.96,3.46,3.65,0.1,0.11,0,0.2,0,0
"Argentina",350.37,77.98,18.71,167.61,0.039,11.03,1.109,1.88,1.847,0.34,43.41,3.219,2.264,1.705,0.892,3.486,13.636,8.2,121.61,2.081,0.079,6.14,27.36,181.957,95.411,12.171,111.42,0,52.094,41.17,9.56,221.51,94.997,4.093,67.64,43.19,206.43,55.19,0,38.04,12.87,6.11,6.14,11.19,351.9,5.19,9.03,10.16,37.84,3.197,8.4,61.32,190.47,7.4,24.24,14.48,84.42,0.045,0,0,0,0,0,0,16.775,4.39,0,0.01,4.13,0.03,0.02,0.669,0.005,1.935,5.11,0.194,12.2,41.081,0,9,0.803,4.13,0.013,0.053,0.323,0,0,0.69,9,1.6,10.01,2.104,0.0382,0,0,13.87,0,0.04,9,0,0,0.444,0,73.4,67.31,38.34,25.2,0.01,2.17,0.57,46.07,12.33,7.73,12.34,7.54,26.68,22.46,0,0.87,62.35,0.01,0.02,3.03,0.18,0,86.22,0,42.41,0.17,5.79,58.3,26.79,0,0.03,2.04,0,2.74,0,0,1.71,0,9,26.66,6.64,16.71,1.48,2.39,58.49,0,0.21,0.142,0
"Uruguay",24.099,5.601,0.18,0,0,0.375,0.226,0.25,0.425,9.039,1.896,0.075,0.016,0.086,0.05,0.044,1.128,5.294,24.627,0.004,0.003,0.062,1.599,15.544,2.622,5.501,7.957,52.094,0,4.794,0.09,19.399,7.1423,0.3077,14.924,3.342,2.01,28.028,0,9.972,1.992,7.16,9.428,6.628,12.984,0,0,1,8.185,0.078,0.306,0.608,12.895,0.047,4.143,14.418,0.197,0.001,0,0,0,0,0,9,0.543,9,9,0,0.213,0,9,0.035,0.002,2.598,0,0.011,50.175,0,0,0,0.422,1.89,0.01,0.001,0,9,0,9,0,9,0,0,0,0,9,8.761,0,0,0,0,0,0.029,9,0.234,0,1.21,2.4,0,7.895,3.256,64.905,8.67,9.002,9.082,0,12.97,28.275,9,0,11.033,0,9.013,0,9,9,0.364,9,1.245,0,0.086,7.788,0.418,0,0.019,1.465,9,0.604,0,9,0.01,0,0,9,3.769,0.277,0.505,0.018,0.194,9,0.029,9,0
"United Kingdom",1096.5,800.0999,36.38,31,3.168,12.62,54.321,135.72,42.138,0.3,57.1,24.895,12.489,23.428,14.074,20.94,10.886,18.91,156.1,15.932,14.05,36.13,6.58,212.76,50.396,0.394,74.5,41.17,4.794,0,345.8,1291,232.6738,10.0249,979.3003,367.6,87.79,116.18,0,71.1,596.19,19.3,56.24,36.8,886.8,72.67,0.3,282.32,210.7,36.956,22.9,126.36,345.4,376.41,52.0999,97.75,37.0399,11.013,0,0.8,1.054,1.692,3.032,0.366,36.683,28.22,13,1.63,86.24,9.1,1.801,8.874,34.234,64.364,27.313,10.972,2032.9999,1.79,1.469,1,0.612,12.5,37.097,39.762,35.113,0.75,6.374,20.585,13.3,14.467,8.7,15.287,12.3836,1.4,50.481,785.9,1.1,64.6,58.1,1.463,0.1,89.374,12,32.51,123.83,31.86,29.8,129.681,341.4,302.12,271,126.23,97.91,70.4,96.67,184.85,1017.1,38.694,39.2,467.2,191.38,55.4,467.7,174.75,22.538,73.4,7.4,151.2,3.5,164.3,883.9,160.16,0,119.78,5.16,15.025,56.458,9.3,3.7,125.76,0.1,0.6,8,46.18,213.21,66.05,184.6,813.74,36.5,117.42,49.911,0.155
"Ireland",225.12,19.48,20.86,0.28,0.083,0.18,0.46,2.47,9.928,0.17,12.84,0.634,0.03,0.044,0.13,1.946,0.781,2.81,8.81,0.135,0.053,8.65,2.27,4.993,1.52,0.018,0.38,9.56,0.09,345.8,0,53.69,42.5852,1.8348,31.56,2.27,9.16,9.92,0,6.65,35.53,3.54,1.46,12.81,64.56,0.4,0,5.73,6.65,2.306,0.68,1.17,33.6,38.77,39.06,9.93,14.56,0.744,0,0,0.01,0,0.222,0.02,7.571,0.03,0.01,0.032,2.5,0,0.01,0.408,0.796,18.644,0.021,5.52,32.17,0.923,0.02,0.07,0.392,0.56,0.08,7.584,3.05,0.197,0.742,0.008,0,0.162,1.47,1.24,6.6,0,3.214,8.44,9,0.11,0.17,0.022,0.01,1.837,0.1,0.96,9.54,2.13,29.78,0.423,48.25,4.26,35.45,6.07,2.29,1.57,2.19,3.8,97.34,0.135,0.91,31,1.27,0.95,11.4,0.37,0.39,4.9,0.01,1.83,0.13,11.92,64.54,28.8,0,1.76,1.12,0.043,5.392,0,9,1.17,0.03,9,0,10.56,1.2,0.17,2.32,20.21,1.18,17.01,0.054,1.05
"Netherlands",2299.1001,141.2,26.56,6.9,2.664,8.17,5.411,18.69,2.499,1.756,8.1,27.11,3.444,46.186,4.201,29.436,0.423,80.07,126,9.824,44.997,11.59,10.1,232.877,3.539,11.269,25.4,221.51,19.399,1291,53.69,0,477.4301,20.5703,1093.0998,57.5,46.66,93.78,0,21.3,147.06,99.6,33.25,16.2,416.8,11.8,0.3,48.89,74.6,6.919,16,37.33,228.4,65.22,80.2,111.17,386.31,36.599,0,2.8,1.247,2.6,3.745,1.427,7.454,9.654,4.5,1.095,112.59,3.7,6.432,6.212,4.869,80.976,24.507,128.928,743.3,1.733,0.862,4.7,4.716,18.4,1.196,55.974,15.899,6.067,1.69,4.249,3.8,0.803,25.7,12.248,3.99,0,7.782,22.7,9.4,9,0.5,5.001,0,1.137,1,45.92,107.17,20.12,62.8,26.34,1110.4,90.58,289.2,83.78,37.79,36.5,31,241.82,1177.9,31.79,22.1,620.5,24.89,62.66,323.4,11.96,0.194,42.1,1.8,100.7,0.8,156.2,612.3,34.93,0,36.68,0.81,6.581,5.083,0,0.7,216.53,0,9.1,22.5,180.31,11.21,39.05,50.5,83.05,4.9,27.86,1.492,1.415
"Belgium",848.348,158.9515,10.5936,64.7118,8.1872,8.7625,4.1032,2.1571,1.0929,1.2463,7.2861,3.9594,1.5627,0.2205,18.081,1.2463,3.1829,9.1268,141.6949,0.0863,1.4956,1.6681,15.828,57.8764,8.2735,2.3392,64.9994,94.997,7.1423,232.6738,42.5852,477.4301,0,0,87.7212,141.2156,0.8244,79.1786,520.0923,8.2448,196.6953,217.3359,43.1604,25.0219,5.272,2.8282,0.2876,58.2599,114.9474,9.8362,8.9158,49.4878,127.3145,11.7344,65.7664,150.352,309.361,5.5604,0.0959,0.3835,0.2876,0,0.8724,1.5723,11.2838,2.6652,13.4217,3.8635,1.8599,6.0398,6.7109,19.7683,2.7131,1.8599,5.1194,4.5634,83.0229,26.3833,10.095,1.0546,1.9174,443.8754,1.5627,13.5751,18.2631,6.337,13.5559,2.5022,1.2463,0.0767,19.4615,2.1475,31.4356,0.0959,0.6423,154.2539,0.3835,9.4793,1.438,1.8599,0.0959,2.2913,0.2876,13.0957,174.7316,15.0803,33.3625,28.2431,380.7932,104.4785,111.6879,22.3471,36.881,51.1943,22.5677,77.846,1241.7002,8.1681,5.4646,37.5808,10.2676,142.6441,127.3146,4.5442,0.997,7.2861,9.3835,12.0795,1.7256,12.5589,434.8636,71.3364,0,25.4437,7.5353,2.8473,2.8953,9,0.4793,56.1507,0,1.1504,1.5339,45.7968,12.9903,17.6112,17.8317,69.8313,8.9159,46.6405,0.0192,0.0671
"Luxembourg",36.5516,6.8485,0.4564,2.7882,0.3528,0.3775,0.1768,0.0929,0.0471,0.0537,0.3139,0.1706,0.0673,0.0095,0.779,0.0537,0.1371,0.3932,6.105,0.0037,0.0644,0.0719,0.682,2.4936,0.3565,0.1008,2.8005,4.093,0.3077,10.0249,1.8348,20.5703,0,0,3.7795,6.0844,0.0355,3.4115,22.4085,0.3552,8.4747,9.3641,1.8596,1.0781,0.2272,0.1219,0.0124,2.5102,4.9526,0.4238,0.3841,2.1322,5.4854,0.5056,2.8336,6.478,13.329,0.2396,0.0041,0.0165,0.0124,0,0.0376,0.0677,0.4862,0.1148,0.5783,0.1665,0.0801,0.2602,0.2891,0.8517,0.1169,0.0801,0.2206,0.1966,3.5771,1.1367,0.435,0.0454,0.0826,19.1247,0.0673,0.5849,0.7869,0.273,0.5841,0.1078,0.0537,0.0033,0.8385,0.0925,1.3544,0.0041,0.0277,6.6461,0.0165,9.0207,0.062,0.0801,0.0041,0.0987,0.0124,0.5642,7.5284,0.6497,1.4374,1.2169,16.4067,4.5015,4.8121,0.9628,1.589,2.2057,0.9723,3.354,53.4995,0.3519,0.2354,1.6192,0.4424,6.1459,5.4854,0.1958,0.043,0.3139,9.0165,0.5205,0.0744,0.5411,18.7364,3.0736,0,1.0963,0.3247,0.1227,0.1247,9,0.0207,2.4193,0,0.0496,0.0661,1.9732,0.5597,0.7588,0.7683,3.0087,0.3841,2.0095,0.0008,0.0029
"France",1631.3,4.8,7.81,24.1,17.417,4.1,7.984,7.14,2.879,0.108,63.5,1.932,1.978,14.151,6.587,0.57,1.412,15.45,114.7,5.546,5.888,30.75,17.89,262.185,18.203,18.298,52.3,67.64,14.924,979.3003,31.56,1093.0998,87.7212,3.7795,0,574.4999,480.4801,227.04,0,40.3,203.05,341.6,32.71,5,65.9004,18.91,0.1,310.96,173.7,29.123,79.9,81.08,338.3,83.62,386,204.77,123.56,13.415,0,0.7,1.968,1.7,5.422,21.064,31.356,51.285,49.5,15.456,79.15,10.2,77.828,43.997,7.192,3.416,42.467,124.564,175.5,118.714,14.741,36.7,67.279,82.5,36.158,35.683,10.084,1.704,5.133,2.496,25.8,12.705,23.6,1.814,71.06,0,4.062,5.3,0.5,1.8,1.8,8.864,1.7,19.481,1.3,437.63,927.3101,370.02,23.4,14.715,436.7,209.17,1578.8,240.13,14.94,163.8,38.24,7.76,3824.6998,40.355,8.1,205.3,27.52,245.82,1014.5,45.83,3.887,98.6,0.8,80.7,3.6,13.5,818.7,102.12,0,20.67,3.04,9.401,0.386,0,1.8,19.63,1.9,1.7,40.4,174.08,9.98,1.02,31,244.67,4.5,84.1,1.167,0.025
"Switzerland",21.6,123.5,4.18,17.8,2.555,5.04,4.101,2.07,1.182,0,55.8,14.481,11.718,6.163,8.105,18.607,115.717,9.08,102,0.932,0.01,29.9,9.5,116.716,7.33,1.681,13.9,43.19,3.342,367.6,2.27,57.5,141.2156,6.0844,574.4999,0,188.04,106.73,0,65.5,523.04,167.3,101.49,35.6,448.9,5.86,1,132.51,67.18,6.139,33.5,280.64,124.5,53.67,37.1,134.67,64.97,10.46,0,1.1,0.256,0,6.436,3.9,6.023,2.165,1.8,0.237,13.23,5.1,0.749,5.305,0.486,18.016,0.466,4.523,117.3,1.346,0.396,1,0.542,4.8,0.225,1.163,4.693,0.473,0.846,1.247,9.1,4.578,2.4,3.335,2.5327,6.8,0.018,93.9,0,0.1,0.1,2.161,0.1,2.155,0.2,41.87,91.31,20.11,36.5,5.951,346.4,290.37,84.5,76.27,40.41,35.1,13.34,357.53,408.5,2.75,0.1,48.7,8.65,36.27,129.1,8.29,1.767,17.8,0.8,22.7,10.4,13.6,116,14.69,0,11.25,8.22,0.048,2.173,9,0.7,16.02,0,0.4,0.1,9.7,69.82,19.25,3.6,108.74,0.1,16.22,0.673,0.1
"Spain",1060.0601,35.95,6.45,3.9,0.649,14.04,0.561,3.54,0.8,0.22,27.49,1.532,3.896,6.961,27.812,16.325,0.856,12.3,172.38,4.799,1.813,17.39,20.86,471.547,3.73,28.951,0.01,206.43,2.01,87.79,9.16,46.66,0.8244,0.0355,480.4801,188.04,0,196.02,0,5.3,38.55,22.42,9.78,4.59,328.22,4.4,0.03,12.75,116.7,8.31,10,1.63,21.05,25.19,104.74,0.92,20.72,9.104,0,0.11,0.01,1.818,3.2,1.88,3.626,2.728,9.94,0.264,175.24,33.43,1.426,19.716,0.346,59.366,10.089,7.686,170.02,22.128,6.019,13.01,21.956,8.66,34.522,3.306,1.378,0.464,2.19,0.165,1.06,2.338,18.52,1.651,0.7591,0,0.029,85.38,1.2,0.59,6.6,9.401,0,0.158,0,141.09,200.32,59.45,373.19,3.908,1038.28,43.7,507.62,41.9,37.1,26.65,16.21,4.42,1472.86,3.644,1.14,31.27,5.08,4.67,338.28,4.46,0.35,20.28,0,29.98,0.53,35.75,402.86,7.23,0,16.77,3.82,0.026,5.971,0,0,1.22,0,9.01,0.24,95.11,2.47,22.74,64.16,23.13,39.79,17.23,0.095,0
"Portugal",341.52,5.98,1.26,15.61,0.022,5.23,1.933,0.32,0.108,0,6.68,7.942,0.174,0.047,1.025,0.174,5.599,0.57,48.59,0.141,0.456,5.67,4.77,79.671,0.18,15.287,5.35,55.19,28.028,116.18,9.92,93.78,79.1786,3.4115,227.04,106.73,196.02,0,0,6.17,9.28,6.87,3.44,3.93,177.33,0.34,0.42,0.45,2.89,2.11,0.91,11.65,82.39,6.82,41.51,6.86,25.5,29.654,0,3.01,7.33,9,4.557,2.01,18.89,0,3.63,0.024,35.78,0.12,0.02,0.852,1.059,0.44,0.05,5.523,0.3,6.227,0.34,7.62,5.331,7.76,0,0.038,2.084,0.078,0.016,0.14,0,0,39.38,4.512,0.5664,0,1.248,17.72,9,1.49,9.06,0.85,0,0.247,0,2.27,3.73,3.05,2.09,10.118,116.7,30.48,200.07,1.03,7.49,2.91,0.53,9.86,150.33,0.515,0.03,6.63,7.96,0.89,2,20.24,0.36,1.22,0,1.18,0.5,1.79,164.97,2.58,0,0.55,3.89,0.075,2.66,0,9,1.69,9,9,0,13.91,1,10.47,33.27,1.66,0.098,5.46,0.07,0
"German Federal Republic",0,0,0,0,0,0,0,0,0,0,0,0,0,0,0,0,0,0,0,0,0,0,0,0,0,0,0,0,0,0,0,0,520.0923,22.4085,0,0,0,0,0,0,0,0,0,0,0,0,0,0,0,0,0,0,0,0,0,0,0,0,0,0,0,0,0,0,0,0,0,0,0,0,0,0,0,0,0,0,0,0,0,0,0,0,0,0,0,0,0,0,0,0,0,0,0,0,0,0,0,0,0,0,0,0,0,0,0,0,0,0,0,0,0,0,0,0,0,0,0,0,0,0,0,0,0,0,0,0,0,0,0,0,0,0,0,0,0,0,0,0,0,0,0,0,0,0,0,0,0,0,0,0,0,0
"German Democratic Republic",17.8,24.9,0,0,0,0.05,0.127,0.32,0.042,9,1.5,1.07,0.538,0,0,1.659,0.092,30.23,0,2.271,0.19,6.3,42.01,76.203,0,9,0,38.04,9.972,71.1,6.65,21.3,8.2448,0.3552,40.3,65.5,5.3,6.17,0,0,79.04,18.1,3.06,0,6.9,0.32,0,93.12,9.83,0.255,0,43.97,0,22.27,9.4,37.11,27.44,0.719,0,0,0.135,0,0.386,0,1.681,1.811,0,0,0,0,9.48,9.136,0.184,3.909,0.207,0.521,9.7,0.006,0.026,0,0.096,1.6,0.02,0.053,0.384,0.748,0.775,2.809,0,46.11,0,0,1.1345,0,9,0,0,0,0,3.221,0,0.018,9,4.6,20.77,2.11,10.7,1.453,26.2,3.99,64.1,2.84,4,0,1.02,2.5,3.3,0.332,0,14.6,0.01,9.44,2,9,0,0,0,0,0,0,25,5.92,0,3.09,1.64,0.137,0.786,0,0,0.89,0,0,0,12.16,0.21,0.06,0.4,4.32,9,3.09,0.029,9
"Poland",244.56,138.27,0.01,11.43,0.404,0.26,0.51,0.34,0.295,0.294,0.8,0.516,0.172,0.02,0.34,19.063,1.113,19.14,0,0.008,0.076,0.87,22.31,68.317,0,9,0,12.87,1.992,596.19,35.53,147.06,196.6953,8.4747,203.05,523.04,38.55,9.28,0,79.04,0,455.89,164.72,54.02,62.36,1,0,19.09,3.34,0.062,47.68,12.84,787.98,110.71,85.04,117.73,67.56,7.031,0,9,9,9,0.959,0,3.79,0.617,0,0.1,17.67,0,9.106,3.885,0.976,0.962,11.898,0.479,111.9,0,0.03,9,0.685,0.2,6.876,3.673,0.188,0.141,0.127,0,0,0.914,0,0,1.9408,0,0.01,0,0,0,0,0.008,0,0.44,0,8.79,62.27,7.62,43.1,10.584,23.76,11.67,48.53,6.73,18.16,0,4.58,0.66,7.2,10.933,0,25,1.46,9.67,67.6,9.04,0.98,0.84,0,0,0,17.09,228.24,78.74,0,8.76,4.76,0.075,4.496,0,0,5.44,0,0,22.77,44.24,20.89,0.01,0.3,111.89,0,30.35,0.079,9
"Austria",128.4,8.7,0.68,4,0.015,0.77,0.099,0.75,0.123,0,7.4,10.389,9.069,11.477,11.93,8.043,7.918,13.18,16.1,0.111,3.348,2.58,6.43,71.224,1.4,0.25,16.2,6.11,7.16,19.3,3.54,99.6,217.3359,9.3641,341.6,167.3,22.42,6.87,0,18.1,455.89,0,106.4,14.9,330.9,2.81,3.1,162.67,54.8,8.195,13.7,145.83,230.2,26.55,39.4,88.36,66.08,1.919,0,0,0.4,0,0.1,0.3,3.4,3.099,2.5,0.228,0.55,1.5,0.244,8.57,0.2,4.565,0.084,1.072,56,14.382,0.063,2.8,0.256,8.6,1.467,8.309,1.483,0.1,0.055,0.885,0.1,0.039,2,1.907,1.44,0.1,0.309,17.6,0.1,9.1,9.1,0.7,0,0.421,0,8.24,0.34,14.51,28.9,13.443,15,25.13,119.8,62.35,44.92,24.4,12.98,4.38,25,4.492,0.9,24.2,5.61,8.49,39.4,1.86,2.203,14.1,1,26.1,1.4,12.8,227.8,10.69,0,1.77,0.48,0.592,0.6,0,0.3,5.25,0,9,0.6,25.35,0.03,11.11,2.4,8.04,0.6,0.49,0.116,0
"Hungary",97.23,2.75,0.24,2.18,0.479,0.1,0.028,0.23,0.08,9,2,3.533,0.395,0.154,0,0.795,0.21,0.02,0,0,0.486,32.3,33.38,203.726,0,9,0,6.14,9.428,56.24,1.46,33.25,43.1604,1.8596,32.71,101.49,9.78,3.44,0,3.06,164.72,106.4,0,62.14,16.49,0.99,0.96,113.28,22.66,1.344,10.54,82.27,26.67,16.32,37.68,8.77,8.6,2.243,0,0,0,0,1.712,0,0,9.314,0,0.049,0.63,10.94,9,0.428,2.817,5.58,0.208,2.077,5,0.016,0.003,0,0.09,0,3.447,0.55,0.28,0.35,0.111,0,0,2.912,0,0,0.0873,0,9,0,0,0,0,0,9,0.151,0,1.84,37.13,6.29,23.3,6.987,27.88,9.93,29.16,4.53,22.24,26.41,5.43,2,12.6,9.203,0,32.3,0.31,9.4,2.1,0.05,0.128,9.26,1.32,0,3.36,0.1,57.64,15.49,0,1.94,0.27,0.021,0.497,0,0,2.03,0,0,9.9,16.41,0.55,0,2,22.39,9,0.48,0.1,9
"Czechoslovakia",33.1,30.8,0.02,0,0.533,0.27,0.011,10.42,9.443,9,4.4,2.33,1.104,0.46,0.39,1.04,0.48,3.4,7.8,0.042,0.282,4.26,17.08,2.104,0,9,0,11.19,6.628,36.8,12.81,16.2,25.0219,1.0781,5,35.6,4.59,3.93,0,0,54.02,14.9,62.14,0,31.4,3.44,0,149.41,6.66,5.973,0,3.91,0,3,1.1,8.4,16.77,1.861,0,0,0,0,0.396,0,0.965,9.806,0,0.062,0,0,9,1.98,10.559,0.689,10.01,0.729,18.5,0.04,0.048,0,0.264,2.3,0.442,4.327,0.37,0.104,0.195,0.927,0,4.413,0,0,0.8173,0,9.001,0,0,0,0,0,9,0.181,9,5.04,3.92,2.6,10,8.055,104.2,38.14,62,38.2,12.57,0,5.64,3.16,20.8,2.909,0,17.4,0.54,9.62,3.8,9.33,9.799,0,0,0,0,0,10.9,28.35,0,2.05,2.92,3.072,0.51,0,0,6.62,0,0,0,1.89,1.66,0.85,7.6,2.05,9,3.94,0.454,9
"Italy",57.0999,140.5,0.19,12.5,10.04,3.33,3.251,0.37,2.177,0.4,30.2,17.756,6.544,1.581,6.175,12.681,51.09,25.14,417.7,1.764,0.043,5.8,56.96,290.495,5.584,28.246,71,351.9,12.984,886.8,64.56,416.8,5.272,0.2272,65.9004,448.9,328.22,177.33,0,6.9,62.36,330.9,16.49,31.4,0,82.89,3,522.08,367.6,50.408,22.1,57.64,225.5,50.27,16.2,77.98,59.89,0.291,0,0.3,0.066,0.291,0.274,1.025,3.716,2.987,20.2,1.568,224.72,8.2,1.014,54.027,2.668,11.656,2.66,28.027,668.4,4.784,10.374,2.9,56.073,118.4,6.307,20.345,1.878,0.277,0.59,45.686,2.1,17.099,18.5,0.981,64.51,0.1,4.235,571.9,1.5,10.3,13.1,5.724,2.8,4.642,0.9,125.38,494.2,8.43,480.6,32.189,682.7,249.1,1162.9,11.61,125.33,194.8,76.28,112.44,2012.7,39.455,15.2,458.8,28.54,68.48,65.4,1.3,4.69,73.9,0.4,44.4,1.5,91.7,168.9,89.83,0,31.52,21.7,0.091,1.034,0.1,9.5,7.03,0.2,0.6,29.5,111.64,34.18,1.13,85.9,57.62,0.7,30.34,0.702,0
"Malta",40.09,1.47,0.11,0.07,0,0.01,0.06,0.01,0.005,0,0.22,0,0,0,0.02,0,0,0.66,0.02,0.01,0,0.64,0.05,3.506,0,0,0,5.19,0,72.67,0.4,11.8,2.8282,0.1219,18.91,5.86,4.4,0.34,0,0.32,1,2.81,0.99,3.44,82.89,0,9.5,0.17,5.45,0.452,0.81,0.92,1.86,0.9,2.56,0.76,4.4,0.142,0,0,0,0,0,0,0.09,0.02,0,0.01,0.64,9,0,0.11,0.011,0.251,0,0.355,0.9,0.171,0.179,0.01,0.277,0.21,1.2,0.03,0.13,0,0.003,0,0.39,0.306,0.2,0,0.0236,0,0.04,1.51,0,0,9,0,0,0.013,0,0.02,0.64,0.3,22.43,0.109,0.07,4.3,0.02,0.39,0.06,0.63,0.32,1.4,0.4,0.008,0.16,4.43,1,9.46,2.1,0.11,0.1,3.1,0,2.29,9.07,0.28,14.9,0.96,0,1.39,0,0,0.23,0,0,0.06,0,0,9,0.04,1.62,0.15,2.32,5.74,0,6.58,0.01,0
"Albania",4.5,9.2,0,0,0,9,0,0,0,0,0,9.003,0,0,9,0.002,9,0,9,0,0.117,9,0,9.87,0,0,0,9.03,0,0.3,0,0.3,0.2876,0.0124,0.1,1,0.03,0.42,0,0,0,3.1,0.96,0,3,9.5,0,9.2,4.86,9,0,9.96,0,0.41,3,0.01,0.1,0,0,0,0,0,0,0,9,9,0,0,9,0,0,9.002,0,0,0,0,9,0,0,0,9,0,0,0,0,9,9,0,0,0,0,0,0,0,0,0,0,0,0,0,0,9.001,0,0.24,0,0.01,10,0,9.1,3,15.9,1.56,0,0,0,0,0.1,9.453,0,0,9,9,0,0,0,0,0,0,0,0,3,9,0,0.01,0,0,0,0,0,0.18,0,0,0,0,9.05,0,0,0,9,9,0,0
"Yugoslavia",174.31,41.07,0.06,21.68,0,0.13,0.4,0.09,0.039,0,10.25,0.083,2.394,2.52,0.64,1.492,10.489,1.28,7.44,0.392,0.544,39.55,39.41,138.791,4.57,0.25,3.86,10.16,1,282.32,5.73,48.89,58.2599,2.5102,310.96,132.51,12.75,0.45,0,93.12,19.09,162.67,113.28,149.41,522.08,0.17,9.2,0,48.21,1.654,40.79,85.29,162.59,1.01,73.8,23.29,31.2,2.843,0,0,0.271,0.25,0.13,0.63,0.02,0,0.43,0.09,23.35,0.34,1.95,1.793,0.04,10.412,14.15,0.57,31.16,0.574,3.536,0.05,0.238,2.11,9.426,13.889,7.291,0.029,0.034,0.648,0,4.927,17.59,0.27,7.2836,0,4.07,0,0,7.77,3.64,8.901,0,0.128,0,14.37,20.98,8.27,7.88,29.226,15.93,30.56,413.44,95.41,12.97,9.95,3.96,4.04,17.4,2.234,1.19,19.35,0.94,1.34,11.9,0.98,0.287,6.78,0.21,0,5.07,0.9,155.28,57.2,0,13.58,6.03,1.898,3.929,0.02,0.09,2.06,3.42,0.12,2.97,42.11,0.27,5.1,5.9,96.82,0.06,15.65,0.04,0
"Greece",161.9,4.73,0.05,9.12,0.023,0.1,0.2,0.01,0.002,0.006,1.01,0.209,0.2,0.024,0.023,0.108,0.074,1.72,0.15,0.197,0.01,6.71,0.86,62.868,0.26,4.406,0.42,37.84,8.185,210.7,6.65,74.6,114.9474,4.9526,173.7,67.18,116.7,2.89,0,9.83,3.34,54.8,22.66,6.66,367.6,5.45,4.86,48.21,0,46.564,10.92,0.11,11.73,33.51,135.9,110.08,24.84,0.932,0,0,0.032,0,0.12,0.68,0.55,0,0,0.29,19,0.26,0.14,0.314,0.344,4.711,2.09,2.088,63.49,24.437,0.017,0.25,0.896,2.14,0.7,0.2,0.233,0.496,0.01,0.111,0.39,1.597,0.1,2.13,6.71,0.01,0.25,24.76,0,0,9,1.63,0,0.079,0.18,7.23,13.42,36.9,119.37,18.419,115.4,15.48,9.47,17.46,2.28,31.87,15.08,21.16,156.1,9.011,0.03,31.2,2.99,3.47,25,1.86,3.38,3.61,0.04,15.38,0.12,0.45,997.5,6.22,0,1.07,0.59,0.027,1.67,0,0,0.99,0.02,9.03,4.12,7.86,1.1,0.74,5.58,22.74,0,55.17,0.009,9
"Cyprus",29.419,2.598,0.006,9.106,0,0,0.001,0.002,0.037,0,2.535,0,0.013,0,0,0,0,0,0,0,0.002,0,0,6.358,0,0,1.1,3.197,0.078,36.956,2.306,6.919,9.8362,0.4238,29.123,6.139,8.31,2.11,0,0.255,0.062,8.195,1.344,5.973,50.408,0.452,9,1.654,46.564,0,1.437,2.512,21.764,1.055,4.367,1.246,1.332,0.067,0,0,0,0,0.011,0,0,0,0,0.014,0.636,0,0,0.003,0.063,0.833,0,0.012,2.085,0,0,0,0,0.01,0.016,0.725,0.017,0,0,0,9.764,0.115,0,0,0.0211,0.021,0.909,0.039,0,9.195,0,0.003,0,0.029,0,0.223,10.993,0.09,13.833,5.272,0.419,2.969,27.269,11.252,8.857,27.071,3.329,12.283,25.235,12.651,0.737,8.545,4.771,11.89,8.585,4.848,0.001,0.33,0,5.172,0,1.807,31.103,3.543,0,0.399,0.326,0,0.208,0,9,0.896,9,9,0,0.82,1.002,0.484,0.003,0.084,0,5.127,0.018,0
"Bulgaria",5.1,1.9,0,0,9.2,0,9.004,0,0.004,0,0,0.245,0,0,0,0.869,0,0.43,0,0,0.008,0.5,5.02,40.399,9,0,0,8.4,0.306,22.9,0.68,16,8.9158,0.3841,79.9,33.5,10,0.91,0,0,47.68,13.7,10.54,0,22.1,0.81,0,40.79,10.92,1.437,0,74.13,0,2.62,18.6,1.6,0.2,0.071,0,0,0,0,9,9,0,9,0,0,0,0,0,9.038,9,0.548,0,0.273,2.6,0,9.092,0,0.435,9,9,0.028,0.106,0.002,9,0.317,0,0.008,0,9,9,0,0,0,0,0,0,0,9,0,0,11.79,15.45,1.81,6.1,0.353,79,26.76,28.5,24.38,9.74,0,7.13,0.06,7.2,9.253,0,20.5,0.03,9.8,3.9,9.24,0.37,0,0,0,0,0.6,34,14.83,0,1.17,2.18,0.001,0,0,0,1.75,0,0,0,11.56,1.77,9.15,0.9,1.5,9,1.43,0,0
"Romania",62.02,12.59,0,5.19,0.582,0.01,0.108,0.41,0.042,0,7.21,2.044,1.999,0.508,4.975,7.497,0.108,3.16,2.01,0.002,0.091,0.4,9.11,36.253,0,9,3.32,61.32,0.608,126.36,1.17,37.33,49.4878,2.1322,81.08,280.64,1.63,11.65,0,43.97,12.84,145.83,82.27,3.91,57.64,0.92,9.96,85.29,0.11,2.512,74.13,0,127.4199,1.47,62.07,0.28,4.86,0.073,0,0,0,9,0.656,0,0.631,0,0,0,4.78,3.91,9.09,4.136,0.466,0.241,0,0.44,23.03,0.007,1.36,0,0.404,10.61,0.033,10.464,0.048,0.878,0.185,0.119,0,0.383,5.61,1.118,0.49,0,9,0,0,0,0,0.25,9,0.056,0,18.29,76.14,3.11,22.33,1.265,133.06,92.99,214.85,61.4,222.11,0,56.13,16.21,45,7.404,3.58,74.27,1.24,11.13,40.6,2.7,9.445,61.32,0.15,0,9.43,0,236.72,16.16,0,0.67,0,0.023,6.124,0,0,3.48,0,0,2.47,12.42,6.36,5.44,2.67,51.21,0,0.01,0.243,9
"Russia",1186.1,279.8,4.39,0,0,0,0.026,9.15,0.032,9,1.8,0.38,0.066,0,0.201,2.248,0.024,2.74,0,1.442,2.851,8.26,17.49,277.984,0,9,0,190.47,12.895,345.4,33.6,228.4,127.3145,5.4854,338.3,124.5,21.05,82.39,0,0,787.98,230.2,26.67,0,225.5,1.86,0,162.59,11.73,21.764,0,127.4199,0,8.1499,230.6,41.18,204.52,18.562,0,0,2.725,9.22,9.635,1.003,0.765,2.101,0,0.045,15.2,0,0.033,1.131,12.111,73.968,1.294,19.053,25.2,0.041,0.05,0,1.124,0,0.62,1.825,3.767,0.75,2.447,24.752,0,6.443,0,0,0.0187,0,0,0,0,0,0,1.647,9,0.51,0,33.47,34.68,7.16,20.7,17.243,281.6,1.54,163.9,124.7,15,0,16.86,0.01,8.7,10.817,0,22.1,0.12,9.27,1.9,9,4.399,0,0,0,0,0,517.8,216.63,0,7.29,23.52,1.759,0.638,0,0,10.72,0,0,0,108.64,54.08,140.8,19.7,325.01,9,131.24,0.19,0
"Finland",52.26,18.85,0.22,13.58,0.071,2.01,0.116,0.45,0.079,0.03,2.49,38.569,1.463,5.945,1.439,54.867,2.252,76.62,22.19,0.129,1.001,3.51,6.75,3.21,2.34,0.12,2.63,7.4,0.047,376.41,38.77,65.22,11.7344,0.5056,83.62,53.67,25.19,6.82,0,22.27,110.71,26.55,16.32,3,50.27,0.9,0.41,1.01,33.51,1.055,2.62,1.47,8.1499,0,158.24,161.02,212.87,0.037,0,0.71,0.006,0,0.03,0.16,6.415,0.02,0.31,0.101,0.14,0.56,0.01,0.248,0.209,5.759,0.254,1.055,22.41,0.019,0.25,9,0.018,0.7,0.764,24.069,0.511,3.3,0.008,0.51,0.14,8.805,0.02,1.936,0.2409,0,0.22,14.76,0,9.01,1.01,0.09,0,0.451,0,8.55,26.16,12.93,9,2.842,8.24,17.93,17.95,69.56,12.13,6.18,5.24,9.29,184.06,1.02,0.34,3.96,1.34,4.91,7.38,1.49,0.052,9.91,9.17,1.77,0.13,18.27,147.91,1.94,0,0.31,1.38,0.204,1.02,9,9.02,3.44,0.06,9,5.59,3.11,2.39,0.16,5.89,49.75,0.46,1.55,0.028,0
"Sweden",377.9,155.8,19.51,25.4,1.217,12.26,9.663,5.52,0.606,0.003,64.4,16.557,6.387,0.925,0.993,25.051,1.219,69.79,80.5,0.835,0.819,6.71,47.5,6.287,8.284,3.763,1.7,24.24,4.143,52.0999,39.06,80.2,65.7664,2.8336,386,37.1,104.74,41.51,0,9.4,85.04,39.4,37.68,1.1,16.2,2.56,3,73.8,135.9,4.367,18.6,62.07,230.6,158.24,0,1159.9101,368.12,28.45,0,0.1,2.984,9,0.99,1,6.287,0.705,0.3,0.159,2.96,0.1,0,27.335,0.544,11.096,0.697,1.087,20.9,0.584,0.112,0,0.167,6.4,1.924,16.513,5.105,1.474,1.367,8.236,0,5.515,42.2,1.079,3.4318,0,0.539,51,9.1,9,0.7,2.324,0.1,0.647,0.2,43.67,39.95,17.11,17.9,4.799,7.6,25.78,62.1,64.25,26.82,20.6,12.5,12.81,240.7,6.45,5.3,44.8,6.3,91.72,150,49.06,1.1,13,0,39.7,2.4,144.5,558.5,30.64,0,0.24,24.53,4.606,13.052,0,9.9,24.64,9,11,34,4.22,18.01,10.75,1.9,186,2,14.93,1.031,0.03
