"","United States of America","Canada","Cuba","Haiti","Dominican Republic","Jamaica","Trinidad and Tobago","Barbados","Mexico","Guatemala","Honduras","El Salvador","Nicaragua","Costa Rica","Panama","Colombia","Venezuela","Guyana","Ecuador","Peru","Brazil","Bolivia","Paraguay","Chile","Argentina","Uruguay","United Kingdom","Ireland","Netherlands","Belgium","Luxembourg","France","Switzerland","Spain","Portugal","German Federal Republic","German Democratic Republic","Poland","Austria","Hungary","Czechoslovakia","Italy","Malta","Albania","Yugoslavia","Greece","Cyprus","Bulgaria","Romania","Russia","Finland","Sweden","Norway","Denmark","Iceland","Equatorial Guinea","Gambia","Mali","Senegal","Benin","Mauritania","Niger","Ivory Coast","Guinea","Burkina Faso","Liberia","Sierra Leone","Ghana","Togo","Cameroon","Nigeria","Gabon","Central African Republic","Chad","Congo","Democratic Republic of the Congo","Uganda","Kenya","Tanzania","Burundi","Rwanda","Somalia","Ethiopia","Zambia","Zimbabwe","Malawi","South Africa","Lesotho","Botswana","Swaziland","Madagascar","Mauritius","Morocco","Algeria","Tunisia","Libya","Sudan","Iran","Turkey","Iraq","Egypt","Syria","Lebanon","Jordan","Israel","Saudi Arabia","Yemen Arab Republic","Yemen People's Republic","Kuwait","Afghanistan","China","Mongolia","Taiwan","North Korea","South Korea","Japan","India","Pakistan","Myanmar","Sri Lanka","Maldives","Nepal","Thailand","Cambodia","Laos","Vietnam","Republic of Vietnam","Malaysia","Singapore","Philippines","Indonesia","Australia","New Zealand"
"United States of America",0,547.8,0,9.423,51.3,25.423,176.1,9,203.9,5.023,20.508,17.932,7.988,21.265,38.805,57.7,195.6,9.793,8.9,146.81,95.167,27.378,7.464,187.98,181.4,10.858,443,5.54,570.7,40.6054,1.9945,569.9,32.3,399.19,36.1,0,23,51,38.6,6.8,12,132.4,3.66,0,15.34,90.9,8.829,3,15.37,51,24.58,128.4,71.11,18.7,18.37,0,0.429,1.013,12.798,0.518,6.474,2.184,29.17,4,2.188,25.28,7.69,8.094,3.056,4.655,7,3.245,10.2,3.698,4.532,16,38.73,8.462,9.442,17,4.6,4.585,31.408,39.1164,1,0.891,248,9,0,0,14.627,6.89,32.26,85.8,47.08,8.4,2.356,95.3,56.11,12.3,4.13,10.43,41.34,16.09,173.77,95.3,0,2.59,64,1.019,0,3,20,9,221.2,1112.1997,246.84,168.87,10.487,4.73,0,1,90.55,1,14.37,169.044,0,253.17,102.46,91.1,51.8,485.63,107.52
"Canada",547.8,0,30,1.982,5.2,4.931,3.55,6.7,25.1,1.448,11.602,2.362,0.169,6.194,8.726,0.2,273.5,21.821,3.41,11.9,0.341,2.796,0.915,6.89,52.41,3.38,406.9,10.32,12.7,40.4148,1.9852,2.5,43,29.93,6.82,0,1.7,6.4,27.5,3.98,27,7.3,0.24,12.4,2.16,9.28,0.321,1.2,6.24,3.4,5.1,35.5,66.4,13.1,0.272,0,0.183,0.003,0.7,0.176,0.487,0,4.1,0.1,0.034,0.094,0.456,1.24,0.394,0.564,19.9,0.771,0.108,0.003,0,0.8,5.803,3.444,3.403,0.4,0,0,0.07,3.1273,0,0.3,27.5,0,0,0,0.1,14.143,1.3,3.6,4.07,8.4,0.57,27.8,4.14,6.6,1.6,1.83,1.55,0.27,5.69,26.2,9,0.39,4.6,0.1,85.3,0,31.5,0.3,9.9,165.1,62.06,15.7,0.467,3.657,0,0,8.69,9.2,0,2,0,25.76,16.14,22.8,2.6,77.13,0.34
"Cuba",0,30,0,0.003,9,0,0,0,0,0,0,0,0,0,0,0,0,0,0,0,0,0,9,0,0,1.571,18.8,0.51,0.5,1.4298,0.0702,32.4,8.1,3.2,0,0,0,0,0.8,3.22,0,36.8,0.02,0,0.76,9.01,9,0,18.51,0,3.18,16.1,1.44,3.66,0,0,9.001,0.001,0,9.055,0,0,0,0,9,0,9,0,0.001,0.001,0,0,9,9,0,9,0,0,0,0,9,9,0.002,0.0036,0,0,0,0,0,0,9,9,4.86,0,0,9.1,0,9,0,13.5,0.68,3.22,0.04,0,0,0,9,0,9.1,0,0,0,0,0,0,58.2,0.01,0,9,0,0,0,0,0,0,0,0,1.76,1.56,0,0,0,0
"Haiti",9.423,1.982,0.003,0,0.205,0.021,0.195,0.018,0.078,0.016,0.057,0.02,0.342,0.032,0.001,0.046,0.113,0,0,0.001,0.055,0,0,0.024,0.017,0,1.3,0.233,0.901,1.2391,0.0609,2.715,1.299,0.008,0.019,0,0,0.459,0.127,0.215,0.396,2.275,0,0,0,0.034,0,9.371,0.112,0,0.05,0.024,0.151,0.201,0.014,0,0,0,0,9,0,9,0,0,0,0,0,0,0,0,0,0,9,0,0,0.004,0,9,0,0,9,0,9,0,9,0,0.002,0,0,0,0.003,0,0.001,0,0,0,0,0,0.01,0,0,0.017,0.023,0,0,9,9,0,9,0,0.028,0,0,0,0,0.766,0.166,0,0,0,0,0,0,0,0,9,0,9,0.009,0,0.002,0.028,0
"Dominican Republic",51.3,5.2,9,0.205,0,0.23,0.11,9,1.1,0.503,3.596,0.188,0.038,0.117,0.113,0.6,3.7,0,0.02,0.01,0.2,0,0,0.01,0.2,0.683,5.2,0.04,3.7,0.286,0.014,1.8,1.7,1.2,0.6,0,9,9,0.5,0,9,4.9,0,0,0,0.01,0,9,0,9,0.07,1.2,1.52,0.72,0,0,0,0,9,9,0,0,9,0,0,0,9,0,9,0,9,0,0,0,0,9,0,0,0,0,0,0,9,0,9,9,9,0,9,0,9,0,0,0,9,0,9,9,0,0,0,9,0,0,0.04,0,0,9,9,0,9,0,9,9,0,18.2,0.07,0.04,0,0,0,0,0,9,0,9,0,0,0.15,0,0,0,0
"Jamaica",25.423,4.931,0,0.021,0.23,0,1.155,1.44,0.3,0.02,3.677,0.23,0.824,0.239,0.331,0.81,22.007,0.302,0,0.11,0,0,0,0,1.249,0.002,30.018,0.69,4.713,2.5927,0.1274,5.679,2.328,0.23,0.24,0,0,0,0.5,0,0,4.241,0.03,0,0.345,0,0,9,0,0,0.37,6.476,21.618,1.011,0.011,0,0,0,0,0,0,9,0,9,0,0,0.004,3.66,0.001,0,0,0,0,0,0,0,0.002,0.016,0.005,0,9,0,0,0.0209,0,0,0,0,0,0,0,0.002,0,0,0,0,0,0,0,0,0,0,0,0,0,0,0,0,0,0,0,0,0,0,0,8.883,0.418,0.23,0,0,0,9,0,0,0,0,0,0,0.276,0,0,5.839,5.99
"Trinidad and Tobago",176.1,3.55,0,0.195,0.11,1.155,0,5.74,0.18,0.388,1.246,0,0.034,1.042,0.253,6.05,172.6,8.303,0.69,0,7.505,0,0,0.02,0.92,0.307,14.76,1.67,3.13,1.2296,0.0604,2.84,0.62,0.64,0.91,0,0,9,0,0,9,1.48,0.01,0,0,0,0,0,0,9,0,32,0.87,4.52,0.001,0,0.001,9,0,0.026,0,0,0,0,0,0,0.266,0.037,0,0.839,0.68,0,0,0.04,0,0,0.002,0.019,0.003,9,0,0,0,0.0073,0,0,0,0,0,0,0,0,0,0,0,18.2,0,0,0,0,0,0,0,0,0.01,28.35,9,0,0,0,0,0,0,9,0,8.51,1.16,0.01,0,0,0,0,0.01,0,9,0,0,0,0,0,1.04,3.46,6.39
"Barbados",9,6.7,0,0.018,9,1.44,5.74,0,0,0,0.407,0,0,0,0,0.11,2.9,1.184,0,0,0.27,0,0,0,1.18,0.026,6.7,0.39,0,0,0,0,0.4,0,0.2,0,0,0,0,0,0,0,0,0,0,0,0,0,0,0,0,0.2,0,0.84,0,0,0,0,0,0.062,0,0,0,0,0,0,0,0,0,0,0,9,0,0,0,0,0,0,0,0,0,0,0,0,0,0,0,0,0,0,0,0,0,0,0,0,0,9,0,0,0,0,0,9,0.03,0,9,0,9,0,0,0,0,0,0,1.6,0.06,0,0,0,0,0,0,0,0,0,0,0,0,0,0,0.73,0.01
"Mexico",203.9,25.1,0,0.078,1.1,0.3,0.18,0,0,8.157,2.314,3.153,2.205,2.926,5.223,25.98,19.5,0.172,0.44,4.37,11.6,0.317,0.096,12.86,9.14,0.166,30,0.96,18.4,16.8713,0.8287,57.1,23.6,17.86,2.65,0,0.2,8.8,0.6,0.2,3.5,14.7,0.26,0,1.08,0.2,0,0,0.1,0.4,3.34,38.3,1.43,2.53,0.018,0,0,9,0,0,0,0,0,0,9,0.3,0,0.001,0,0.609,0,0,0,9,0,0.1,0,0,0,0,9,0,0.001,0,0,9,1.3,0,0,0,9,0,0.42,0.1,0,0.3,0.017,0.1,0.07,0,0,9,0.65,0,0.39,0,9,0,0,0,0,0,1.5,9,2.4,121.3,0.88,0.1,0.06,3.1,0,9,0.57,9,9,9,0,6.04,4.95,4,0.4,12.57,0.84
"Guatemala",5.023,1.448,0,0.016,0.503,0.02,0.388,0,8.157,0,11.718,4.923,8.292,10.11,0.855,1.08,0.968,0,0.025,0.339,0.181,0.034,0.001,0.076,0.509,0.012,8.1,0.105,0.13,1.2391,0.0609,1.299,1.036,3.047,1.185,0,0,0.458,1.025,0.081,0,9.749,0,9,0,0.01,0,0,0.38,0,4.909,0.112,1.292,1.033,0,0,0,0,9,0,9,0,0,0,0,0,0,0,9,0,0,9,0,0,9,0,9,0,0,9,0,0,0.092,0,0,0,1.01,9,0,0,0,0,0,0,0,0,0,0,0,9.752,0,0,0.159,0.352,0.04,0,0,9.16,0.1,9,0,9,2.747,0,0.053,1.336,0.021,0.044,9,0.218,0,0,0.247,0,0,0,0,0.016,0,0.091,0.047,0.013,0
"Honduras",20.508,11.602,0,0.057,3.596,3.677,1.246,0.407,2.314,11.718,0,5.088,1.665,1.459,0.132,0.5,7.251,0,0.025,0.092,0.054,0.004,0,0.027,0.284,0.001,3.954,0.197,0.391,1.3154,0.0646,0.3,4.088,0.026,0.074,0,0.128,0.153,2.139,0.219,0.415,9.823,0.013,0,0.182,0.002,0,0.002,0.026,0.001,0.262,0.924,0.032,2.098,0.2,0,0,9,0,0,0,0,9,0,0,0,9,0,0,0,0,0,9,0,0,0,9,0,9,9,0,0,9,0,9,0,0.021,0,0,0,0.001,0,0.011,0,0,0,0,0.019,0,0,0,0,0.004,0.006,0.036,0,9,0,9,0,0.048,9,0.032,0,0,3.895,0.101,0.013,0,0.028,0,0,0,0,0,9,0,0.004,0,0.047,0.011,0.012,0
"El Salvador",17.932,2.362,0,0.02,0.188,0.23,0,0,3.153,4.923,5.088,0,5.618,5.799,2.789,0.726,6.951,0,0.1,0.38,0.085,0.001,0,0.015,0.21,0.01,5.125,0,5.981,6.148,0.302,2.191,0.095,0.689,0.048,0,0,2.176,1.948,0.403,0.078,3.294,0,0,0,0,0,0.002,0.001,0,2.523,0.689,0.392,0.897,0.001,0,0,0,0,0,0,0,9,0,0,0,0,0,0,0,0,0,0,0,0,0,0,0,0,0,9,0,0,0,0,0,2.042,0,0,0,0,0,0.069,0,0,0,0.273,0.031,0,0,0,0,0.002,0,0.054,0,9,0,0,0,0.003,0,0.026,0,0.019,1.336,0.009,0.012,0,0.009,0,0,0.101,0.001,0,0,0,0,0.001,0.006,0.003,0.009,0.184
"Nicaragua",7.988,0.169,0,0.342,0.038,0.824,0.034,0,2.205,8.292,1.665,5.618,0,0.849,3.982,0.802,6.183,0,0.054,0.068,0.031,0.003,0.007,0.022,0.18,0.008,4.659,0.407,2.372,1.1248,0.0552,0.66,0.291,0.609,1.344,0,0,0,0.665,0,0,1.337,0,9,0.004,0.003,0,0,0,0,0.039,0.32,0.008,2.414,0,0,0,0,0,9,0,0,0,0,0,0,0,0,0,0,0,0,0,0,9,0,0,0,0,0,0,0,0,0,0,0,0.001,0,0,0,0,0,0.235,0,0,0,0,0,0,0,0,0,0,0,0.109,0,9,0,0,0,0,0,2.983,0,0,19.934,0.044,0.561,0,0.025,0,0,0.055,0,0,0,0,0,0.175,0.191,0,0.03,0
"Costa Rica",21.265,6.194,0,0.032,0.117,0.239,1.042,0,2.926,10.11,1.459,5.799,0.849,0,0.984,1.906,6.393,0.024,0.034,0.118,0.067,0.003,0,0.023,0.208,0.022,14.227,0.103,0.85,1.7062,0.0838,0.092,0.43,1.99,0.053,0,0.051,0.079,1.394,0.067,0.084,10.109,0,0,0.052,0.227,0,0,0.002,3.298,4.05,1.118,0.422,0.145,0.01,9,0,0,0,0,0,0,0,0,0,0,0.001,0,0,0,0,0,0,0,9,0,9,0,0,9,0,0,0,0,0,9,0.028,9,0,0,0,0,0.025,0.001,0,0.2,0.795,0.005,0.038,0,0,0,0,0,0.232,1.7,9,9,0.1,9,0.015,9,0.041,0,0,19.549,0.016,0.008,0,0.006,0,0,0.05,9,0,9,0,0.568,0,0.008,0,0.029,0.162
"Panama",38.805,8.726,0,0.001,0.113,0.331,0.253,0,5.223,0.855,0.132,2.789,3.982,0.984,0,0.879,59.954,0,0.141,0.472,6.91,1.377,0.001,2.728,1.748,2.983,1.115,0.045,6.054,2.6022,0.1278,2.65,2.038,0.316,0.123,0,0.195,0.233,1.81,0.133,0.374,0.04,0,9,0.182,0.094,0,0.011,0.024,0.006,0.115,0.792,0.143,1.625,0.034,9,0,0,0,0,0,0,0,0,0,9,0,0,0.015,0,0,0,0,0,0,0,0,0,9,0,9,9,0,0,0,0,0.749,0,0,0,9,0,0.006,0,0,0.163,0,0.636,0.006,0,0,0,0.005,0,0.133,0,0,0,0,0,0.018,0,0.295,0,0.465,15.966,0.533,0.021,0,0.017,0,0,0.034,9,9,0,0,0.034,0.028,0.448,0.004,0.476,1.11
"Colombia",57.7,0.2,0,0.046,0.6,0.81,6.05,0.11,25.98,1.08,0.5,0.726,0.802,1.906,0.879,0,2.71,0.038,0.29,5.94,0.115,0.49,0.123,2.16,0.32,4.955,12.07,1.51,20.32,10.6089,0.5211,1.77,0.58,16.52,2.24,0,3.93,1.38,1.94,2.28,0.05,5.59,0,0,2.62,1.36,0,0.96,1.18,0.96,11.54,10.52,7.12,3.29,0.01,0,0,0,0,0,9,0,0,0,0,0,0,0.003,0,0,0,0,0,0,0,0,0,0,0.63,0,9,0,0,0,0,9,0.44,9,9,0,0.01,0,0.05,0.18,0.2,0.8,0,0,0,0.3,0,0,0,0,0.46,0,9,0,0,9,0.09,9,0,0,0,18.94,1.9,0,0,0,9,0,0.01,0,9,0,0,1.27,1.15,0.1,0,1.86,2
"Venezuela",195.6,273.5,0,0.113,3.7,22.007,172.6,2.9,19.5,0.968,7.251,6.951,6.183,6.393,59.954,2.71,0,0.294,13.01,3.05,61.324,0.033,0.093,30.94,26.08,1.596,43,1.2,14.5,16.2994,0.8006,13.1,35.6,17.43,3.32,0,0.6,3.7,3.7,0.2,5.4,27.8,0,9,1.4,0.16,0.099,0,0.3,0.2,1.47,26.5,27.38,16.16,0.1,0,0,0.35,0.204,0.278,0.101,0.264,0.3,0,9.282,2.266,0.031,0.448,0.954,0.123,1,0.019,0.001,9.786,0,0.3,0,0.2,0.1,0,0,0,0,0.3,0,0,0.2,0,0,0,0,0,2.8,0.1,0,0.8,1.1,0.4,0.1,0,0.3,0,0.01,0,0.09,0,9,9,0,0,2.9,0,0.3,0,0.2,98.3,0.8,0.1,0,0.1,0,0,0.09,9.6,0,3.6,0,2.5,2.11,1.1,0,1,0.6
"Guyana",9.793,21.821,0,0,0,0.302,8.303,1.184,0.172,0,0,0,0,0.024,0,0.038,0.294,0,0,0,0.204,0,0,0,0.168,0,5.419,1.66,4.04,0.5624,0.0276,0.786,0.057,1.894,0.107,0,0,0.016,0.119,0,0.032,0.076,0,0,0.61,0.01,0,0,0,0.673,0.177,2.433,6.753,0.435,0,0,0,9,0,0,0,0,0,0,9,0,0,0,9,0,0,0,0,0,0,0,0,0.044,0,9,0,0,0,0,0,0,0,0,0,0,0,0.001,0.02,0,0,0,0.015,0,0,0,0,0,0,0,0,0,0,0,0,9,0.233,0,0,0,0.064,0.276,0.849,0.506,0,0.012,0,0,0,0,0,0,0,0,0.212,0,0,3.2,0.199
"Ecuador",8.9,3.41,0,0,0.02,0,0.69,0,0.44,0.025,0.025,0.1,0.054,0.034,0.141,0.29,13.01,0,0,0.74,0.459,0.106,0.582,8.98,3.07,0.055,10.54,1.42,1.5,3.7555,0.1845,0.65,0.26,0.99,0.35,0,0.46,0.63,4.73,2.09,0.6,4.04,0.02,9,2.73,1.03,0,0.61,1.19,5.64,0.79,0.45,0.66,1.26,0.1,0,9,9,0,9,0,0,0,0,0,0,0,0.003,0,0,9.01,0,9,0,0,9,9,0,9,0,9,9,0,0,0,9,0.23,0,0,0,9,0,0.01,0,0,1.2,0.27,0.09,0,0.05,0,0,0.07,0,0.08,0.86,0,0,0,0,0.38,0,0.09,9,0.02,23.81,0.31,0.22,0,0.1,0,9.02,0.63,0,0,0,0,0.43,0.01,0.01,0.03,0.42,2.05
"Peru",146.81,11.9,0,0.001,0.01,0.11,0,0,4.37,0.339,0.092,0.38,0.068,0.118,0.472,5.94,3.05,0,0.74,0,5.166,2.042,0.303,4.05,48,1.356,7.04,2.58,24.46,22.5332,1.1068,21.31,1.11,16.65,1.19,0,5.74,11.12,5.17,4.61,0.3,10.64,0.17,0,5.77,0.78,0,0.33,0.13,3.31,0.35,5.14,2.28,0.24,0.09,0,0,0,0,0,0,0,0,0,0,0,0,0.089,0,0,0,0,0,0,0,0,0,0,0,0,9,9,0,0,0,0,0.76,0,9,0,0,0,0.02,0,0,0,0.017,0.71,0.08,0.09,0,0.02,0.28,0.1,1.81,0.04,0,0,0.1,0,4.1,0,1.07,0.01,2.49,167.45,2.84,2.33,0,0.12,0,0,0,9,0,9,0,0.56,1.59,2.77,0.84,18.43,4.07
"Brazil",95.167,0.341,0,0.055,0.2,0,7.505,0.27,11.6,0.181,0.054,0.085,0.031,0.067,6.91,0.115,61.324,0.204,0.459,5.166,0,2.341,1.331,0.886,2.947,13.153,22.788,3.706,41.29,28.2427,1.3873,57.335,32.627,49.501,5.448,0,10.347,6.253,24.771,8.666,1.075,78.223,0.65,9,16.519,8.554,1.324,5.755,8.415,25.894,12.648,8.149,6.704,4.455,0.555,9,0.171,0,3.176,0.022,0,0,0.91,0,9,0.042,0.01,0.383,0.007,0.035,26.475,0,0,9.006,0.231,1.232,0,0.027,0.007,0,0,0.08,0.136,12.4559,0,0.11,9.974,0,9,9,0,0.008,2.98,8.717,1.722,6.347,0.008,15.121,0.951,47.095,1.96,1.25,4.19,0.82,0.144,46.618,0,0,20.225,0,0,9,12.473,0,0,32.074,4.674,0.121,0,0,0,0,1.3,9.22,9,4.64,0,0.535,1.15,0.214,0.11,5.849,0.254
"Bolivia",27.378,2.796,0,0,0,0,0,0,0.317,0.034,0.004,0.001,0.003,0.003,1.377,0.49,0.033,0,0.106,2.042,2.341,0,0.022,0.559,5.227,0.155,73.767,0.027,5.33,5.5952,0.2748,0.168,2.887,0.18,0.284,0,0.172,0.118,0.472,0.123,1.003,2.255,0,0,0.151,0.001,0,9.001,0.652,0,0.266,1.597,0.11,1.42,0.004,0,0,0,9,0,0,0,0,9,0,0,9,0,0,0,9,0,9.001,0,0,0,0,0,9,0,0,0,0,0.03,9,0,0.769,9,9,0,9,0,0.079,0,0,0,0,0.027,0.003,0.013,0,0,0.001,0,0.062,0,9,0,0,9.007,0.165,0,0.525,0,0.001,14.997,1.183,0.046,0,0.275,0,0,0.004,0,9,0,0,0.004,0.171,0.001,0,0.065,0.009
"Paraguay",7.464,0.915,9,0,0,0,0,0,0.096,0.001,0,0,0.007,0,0.001,0.123,0.093,0,0.582,0.303,1.331,0.022,0,1.591,2.133,2.191,1.832,0.48,1.686,0.7435,0.0365,3.888,0.242,0.584,0.013,0,9,9,0.201,9,9,3.069,0,0,0.015,0.24,0,0,9,9,0.011,1.734,0.051,0.656,0.001,0,0,9,0,0,0,0,0,0,9,9,0,0,0,0.007,0,0,0,0,0,0,0,9,0,9,0,0,0,9,9,0,0.038,0,0,0,0,0,0,3.104,0.197,0,0,0,0.001,9,0,9,9.033,0,0.01,0,0,0,0,0,0,0,0.682,9,0.046,3.516,0.119,0.196,9,0.002,0,0,0,0,9.034,0,0,0,0,0.2,0,0,0
"Chile",187.98,6.89,0,0.024,0.01,0,0.02,0,12.86,0.076,0.027,0.015,0.022,0.023,2.728,2.16,30.94,0,8.98,4.05,0.886,0.559,1.591,0,20.84,1.07,125.04,0.72,1.85,9.0075,0.4424,53.62,11.61,18.66,0.62,0,0,3.32,4.49,0,1.62,50.37,0.03,0,1.2,0,0,0,0,0,0.89,39.61,0.03,5.35,0.002,0,0,0,0,9,0,0,0,0,9,0,0,0,9,0,9,0,0,0,0,0,0,0,0,0,9,0,0,0,0,0,0,0,0,0,0,0,0,0,0,0,0,0,0,0,0,0,0.16,0,0.08,0,9,9,0,0,0.21,0,0,0,0,178.63,0.41,1.35,0,0,0,0,0.01,0,0,9,0,4.41,1.16,0,0,4.7,0.15
"Argentina",181.4,52.41,0,0.017,0.2,1.249,0.92,1.18,9.14,0.509,0.284,0.21,0.18,0.208,1.748,0.32,26.08,0.168,3.07,48,2.947,5.227,2.133,20.84,0,17.158,96.17,5.78,63.04,56.8381,2.7919,35.46,5.18,67.92,2.41,0,7.95,12.31,1.22,7.63,5.29,164.01,0.32,9.3,3.75,30.25,2.019,0.97,1.8,12.42,17.81,18.63,1.91,4.08,0.097,0,0.002,0.2,1.7,0.003,0,0,0.04,0.03,0,0.024,0.066,2.059,0.001,0.054,0.89,0.02,0,0,0,0.9,0.01,0.085,0.02,0,0,0,0,0.5436,0,0,5.1,0,0,9,0,0.007,0.01,4.99,0.33,0.6,0.04,1.9,0.15,0.04,1.45,1.22,2.8,0.91,12.92,5.46,0,0,5.13,0,0.44,0,0.78,0,0.66,31.29,7.1,6.36,0,0.17,0,0,0.07,0,0,9.48,0,9.7,8.46,5.02,0.04,5.01,0.02
"Uruguay",10.858,3.38,1.571,0,0.683,0.002,0.307,0.026,0.166,0.012,0.001,0.01,0.008,0.022,2.983,4.955,1.596,0,0.055,1.356,13.153,0.155,2.191,1.07,17.158,0,19.402,0.072,3.879,3.2885,0.1615,5.29,1.105,5.887,0.107,0,3.233,0.799,5.156,0.357,5.247,9.89,0.001,0,0.465,9.114,0.245,0.222,0.081,0.735,0.288,1.651,0.014,1.148,0,0,0,9,0,9,9,0,0,0,9,0,0.003,0.074,0,0,3.118,0,0,0,0,0,0.002,0.031,0,9,0,9,9,0.0173,0.005,9,1.955,0,0,0,0,0.001,0.002,0,0.756,0,0,0.419,0.053,1.752,0.236,9.063,0.21,0.003,4.104,0.908,9,0,11.153,9.004,0.073,9.004,0.305,0,0.246,0.79,0.438,2.322,9,0.19,0.009,9,0,0,0,9,0,1.182,0.083,0.895,0.024,0.214,0.076
"United Kingdom",443,406.9,18.8,1.3,5.2,30.018,14.76,6.7,30,8.1,3.954,5.125,4.659,14.227,1.115,12.07,43,5.419,10.54,7.04,22.788,73.767,1.832,125.04,96.17,19.402,0,39.55,356.9,234.5776,11.5224,9.9,7.9,45.22,9.64,0,4.5,4.6,33,15.61,8,35.6,49.97,0.3,59.97,102.34,17.64,5.4,52.18,240,146.38,16.7,37.97,65.96,0.536,0,0.863,0.136,2.283,1.765,17.946,0.811,15.64,2.9,0.414,11.216,51.984,10.767,5.908,3.501,9,1.152,0.177,1.737,2.211,28.7,1.816,40.369,4.804,1.2,0.4,4.469,10.91,153.23,1.8,1.529,111.2,0,0,0,0.805,42.211,8.49,25.6,1.13,280.3,33.66,13,54.53,22.3,5.46,13.96,27.01,26.63,151.12,141.4,1.5,22.91,331.2,12.218,40.2,0,1.8,0.4,22.2,79.7,109.78,31.97,8.632,4.97,9,0.3,84.1,2.1,2.896,9,0,71.81,64.23,44.7,11.5,407.4,216.33
"Ireland",5.54,10.32,0.51,0.233,0.04,0.69,1.67,0.39,0.96,0.105,0.197,0,0.407,0.103,0.045,1.51,1.2,1.66,1.42,2.58,3.706,0.027,0.48,0.72,5.78,0.072,39.55,0,22,12.7536,0.6265,4.7,5.72,0.74,2.33,0,0.91,10.28,1.98,0.11,2.95,13.85,0.3,0.01,0.62,2.18,0.01,0.2,1.21,3.74,18.38,18.63,4.68,11.04,0.351,9,0.15,0,1.02,0.01,0,0,1.11,0,0,0.001,0.271,7.535,0.009,0.015,2.34,0,0,0,0.25,0.17,0.613,0.787,2.208,0,0.11,0,0.017,1.0227,0,1.3,3.69,9,0.01,0.26,0.01,0.018,4.1,0.63,1.66,2.53,0.337,12.65,1.3,7.16,0.23,0.17,6.55,0.02,3.61,11.45,9,0.02,0.7,0,2.7,0.01,0.04,0.03,0.28,6.9,9.23,3.27,0.019,2.991,0,9.01,0.09,0,0,0,0,1.74,0.68,0.2,0.6,3.93,4.88
"Netherlands",570.7,12.7,0.5,0.901,3.7,4.713,3.13,0,18.4,0.13,0.391,5.981,2.372,0.85,6.054,20.32,14.5,4.04,1.5,24.46,41.29,5.33,1.686,1.85,63.04,3.879,356.9,22,0,513.478,25.2219,256.7,51.2,65.38,17.98,0,17.8,3.3,10.8,0.2,1.7,3.8,3.56,0.9,15.23,35.97,5.111,2.2,38.17,12.3,28.66,1.8,32.85,89.9,5.464,3.5,5.076,0.387,1.249,1.926,2.266,1.962,8.02,0.6,1.519,9.776,6.924,0.977,7.109,39.565,56.2,2.272,1.134,1.281,2.2,5.3,1.064,6.712,3.751,1,0.2,0.4,2.508,3.5109,0.1,1.8,34.6,9,9,0,4.265,0.295,2.1,14,4.6,143.2,5.515,51.9,0.05,7.1,2.49,34.1,26.95,3.95,55.91,113.4,0.9,4.45,146.1,0.761,4.9,0,3.1,10.9,12.5,21.8,8.2,1.92,2.601,0.244,0,0.1,1.89,0.2,0.2,4,0,1,11.84,17.3,12.7,30.72,0.38
"Belgium",40.6054,40.4148,1.4298,1.2391,0.286,2.5927,1.2296,0,16.8713,1.2391,1.3154,6.148,1.1248,1.7062,2.6022,10.6089,16.2994,0.5624,3.7555,22.5332,28.2427,5.5952,0.7435,9.0075,56.8381,3.2885,234.5776,12.7536,513.478,0,0,360.2069,47.2777,42.8931,10.3706,13.6308,19.5402,4.4799,14.5837,0.5338,0,38.4132,2.8977,0,9.6748,31.6265,3.2599,0.4766,29.9203,7.3395,14.0499,24.2108,21.9899,63.1482,1.2391,0.0953,0.0286,0.6291,2.097,0.753,8.4166,0.3622,4.2893,0.286,0.7721,25.2116,1.2582,5.3092,4.7564,0.2288,10.8663,0.2002,0.753,2.2018,1.3345,313.6916,1.6585,2.5736,3.155,2.9549,1.2391,0.3813,1.2105,3.1169,0.3813,1.1438,57.4767,0,9,0,3.1455,0.4385,0.591,5.3378,2.6594,86.7394,1.8682,86.0722,0.7816,12.8679,4.0129,6.3196,4.0796,2.9453,8.4356,64.149,0.1906,0.4957,49.1841,0.0953,3.8127,9.5719,2.0589,2.6689,7.0535,34.8864,30.5971,10.2943,1.0008,2.5355,9,2.0017,6.9487,0.286,0,0,0,6.2719,1.9636,3.908,14.7743,40.0908,20.1312
"Luxembourg",1.9945,1.9852,0.0702,0.0609,0.014,0.1274,0.0604,0,0.8287,0.0609,0.0646,0.302,0.0552,0.0838,0.1278,0.5211,0.8006,0.0276,0.1845,1.1068,1.3873,0.2748,0.0365,0.4424,2.7919,0.1615,11.5224,0.6265,25.2219,0,0,17.6933,2.3223,2.1069,0.5094,0.6696,0.9598,0.2201,0.7163,0.0262,0,1.8869,0.1423,0,0.4752,1.5535,0.1601,0.0234,1.4697,0.3605,0.6901,1.1892,1.0801,3.1018,0.0609,0.0047,0.0014,0.0309,0.103,0.037,0.4134,0.0178,0.2107,0.014,0.0379,1.2384,0.0618,0.2608,0.2336,0.0112,0.5337,0.0098,0.037,0.1082,0.0655,15.4085,0.0815,0.1264,0.155,0.1451,0.0609,0.0187,0.0595,0.1531,0.0187,0.0562,2.8232,0,9,0,0.1545,0.0215,0.029,0.2622,0.1306,4.2606,0.0918,4.2278,0.0384,0.6321,0.1971,0.3104,0.2004,0.1447,0.4144,3.151,0.0094,0.0243,2.4159,0.0047,0.1873,9.0281,0.1011,0.1311,0.3465,1.7136,1.5029,0.5057,0.0492,0.1245,9,0.0983,0.3413,0.014,0,0,0,0.3081,0.0964,0.192,0.7257,1.9692,0.9888
"France",569.9,2.5,32.4,2.715,1.8,5.679,2.84,0,57.1,1.299,0.3,2.191,0.66,0.092,2.65,1.77,13.1,0.786,0.65,21.31,57.335,0.168,3.888,53.62,35.46,5.29,9.9,4.7,256.7,360.2069,17.6933,0,97.8,210.79,44.33,0,22.9,23.5,39.7,14.15,11.4,208.6,4.61,0.6,25.49,66.72,4.827,7.7,49.92,59.9,27.2,91.9,48.56,84.7,0.899,0,2.394,10.681,3.061,9.012,4.97,6.426,28.83,7.4,19.883,12.631,4.102,0.881,4.612,16.438,63.4,28.272,7.156,6.114,30.439,30.1,3.19,6.766,2.291,1.4,1,0.7,2.927,91.5745,1.2,0.1,52.1,0,0,0,47.506,4.37,34.44,154,43.56,196.4,1.221,7.4,17.15,222.8,65.4,18.39,35.75,4.63,18.05,57.4,0.9,1.86,112,0.109,32.1,0.3,6.7,6,32.9,10.6,10.7,13.5,1.866,4.745,0,0.3,8.83,13.3,6.983,24.6,0,55.28,20.11,11.1,12.8,86.21,45.84
"Switzerland",32.3,43,8.1,1.299,1.7,2.328,0.62,0.4,23.6,1.036,4.088,0.095,0.291,0.43,2.038,0.58,35.6,0.057,0.26,1.11,32.627,2.887,0.242,11.61,5.18,1.105,7.9,5.72,51.2,47.2777,2.3223,97.8,0,49.26,26.55,0,11.3,10.4,7.3,2.01,4.4,214.4,0.68,1.3,54.82,20.29,1.395,10.9,38.39,16,20.04,8.2,33.78,36.17,3.84,0,1.191,1.185,1.468,0.305,0.266,0.2,3,0.1,0.176,0.814,0.437,3.445,0.262,0.698,4.6,0.592,0.024,0.055,1.328,3.4,0.224,0.325,2.109,0.2,0.3,0.3,0.831,11.3736,2.1,0.2,50.7,0,0,0,1.224,0.509,2.98,15.9,2.38,28.8,0.465,14.8,19.2,8.2,9.1,5.93,7.08,1.38,33.96,11.2,0,1.65,1.1,0.1,3.7,0.2,4.4,1.8,1.4,55.4,0.17,14.36,0.315,0.452,9,0.1,19.9,0.2,0.4,6.3,0,0.01,19.44,6,6.2,54.09,6.57
"Spain",399.19,29.93,3.2,0.008,1.2,0.23,0.64,0,17.86,3.047,0.026,0.689,0.609,1.99,0.316,16.52,17.43,1.894,0.99,16.65,49.501,0.18,0.584,18.66,67.92,5.887,45.22,0.74,65.38,42.8931,2.1069,210.79,49.26,0,35.67,0,2.69,7.54,13.2,1.5,1.41,154.23,1.28,0,12.24,3.3,0.599,4.95,1.35,16.48,17.87,42.75,2.08,0.97,0.627,15.54,0.044,0.087,2.395,0.285,0.448,0.072,14.6,2.8,0.195,0.315,1.29,2.947,0.584,4.808,15.85,2.405,0.049,0.256,0.827,0.42,0.821,0.473,2.26,0.2,0.1,0,0.154,12.8091,0,0.4,40.23,0,0,0,0.081,0.342,7.48,17.08,1.25,114.13,3.521,18.51,1.42,46.2,13.24,1.8,2.31,0.75,5.69,148.5,0,7.02,31.23,0,0.21,0,0.04,0,0.3,70.29,6.15,6.27,0.822,1.697,0,0,4.05,0.2,0,0,0,27.58,0.2,5.58,4.46,3.74,6.35
"Portugal",36.1,6.82,0,0.019,0.6,0.24,0.91,0.2,2.65,1.185,0.074,0.048,1.344,0.053,0.123,2.24,3.32,0.107,0.35,1.19,5.448,0.284,0.013,0.62,2.41,0.107,9.64,2.33,17.98,10.3706,0.5094,44.33,26.55,35.67,0,0,0.53,9.81,7.16,0.09,0.73,50.58,0.02,0,0.58,0.38,1.245,0.42,0.6,0.77,7.28,20.87,3.82,11.57,4.603,9,2.966,0.099,0.004,0.04,0.18,0.45,0.06,0,0,0.001,0.02,0.002,0.002,0,16.15,0.16,0.244,0.066,0.18,1.73,0.01,0.01,0.03,0.2,0.01,0.01,0,1.4564,0,0.36,1.49,9,0,9.02,0.2,0.064,0.73,0.02,0.36,0.01,0.26,2.13,5.72,32.83,1.54,0.01,1.71,0.43,2.13,0.46,0,0.05,0.21,0,0.25,0,0.07,0,0.03,12.28,0.24,4,0.004,0.11,0,9.2,0.51,9,0,0.67,0,5.12,0.75,1.81,0.05,1.66,1.36
"German Federal Republic",0,0,0,0,0,0,0,0,0,0,0,0,0,0,0,0,0,0,0,0,0,0,0,0,0,0,0,0,0,13.6308,0.6696,0,0,0,0,0,0,0,0,0,0,0,0,0,0,0,0,0,0,0,0,0,0,0,0,0,0,0,0,0,0,0,0,0,0,0,0,0,0,0,0,0,0,0,0,0,0,0,0,0,0,0,0,0,0,0,0,0,0,0,0,0,0,0,0,0,0,0,0,0,0,0,0,0,0,0,0,0,0,0,0,0,0,0,0,0,0,0,0,0,0,0,0,0,0,0,0,0,0,0,0,0,0
"German Democratic Republic",23,1.7,0,0,9,0,0,0,0.2,0,0.128,0,0,0.051,0.195,3.93,0.6,0,0.46,5.74,10.347,0.172,9,0,7.95,3.233,4.5,0.91,17.8,19.5402,0.9598,22.9,11.3,2.69,0.53,0,0,0,0.8,18.03,0,3.8,0.27,0,33.88,0.19,0.892,0,28.43,0,3.12,13.6,4.65,1.81,0.526,0,0.142,0,0,0.879,0,0.087,0,0,9,9.171,1.198,0.406,0.209,0.199,0.2,0.024,0.096,0.122,0,0.2,0.133,0.379,0.397,0.4,0.5,0,0.074,0.0109,0,9,0,0,0,0,0,0.122,2.44,0,0.47,0.9,0.899,10.9,1.23,3.6,5.43,4.38,1.65,3.33,0.01,0.3,0,0.25,11.3,0,0,0,0,0,0,25.1,5.22,0.23,1.759,11.93,0,0,0.45,0,9,0,0,0.78,4.58,0,0,3.16,0.45
"Poland",51,6.4,0,0.459,9,0,9,0,8.8,0.458,0.153,2.176,0,0.079,0.233,1.38,3.7,0.016,0.63,11.12,6.253,0.118,9,3.32,12.31,0.799,4.6,10.28,3.3,4.4799,0.2201,23.5,10.4,7.54,9.81,0,0,0,3.9,27.75,0,13.6,0.11,0,0.21,1.78,0.03,0,13.67,0,2.29,10.6,1.44,6.03,0.131,0,0.601,9.027,0.097,0.083,0,9,1.65,0,9.03,1.411,10.219,0.488,0.286,1.234,2.8,0.615,0.005,9.099,0,1.5,1.911,0.641,0.973,0,0,9,1.313,3.3763,0,0,0,0,0,0,0,9.115,2.92,3.3,0.64,7.1,0.615,14.4,1.93,2.9,14.43,1.27,1.52,1.24,0.12,1.5,9,0.78,11.5,0.032,0,0,0,0,0,29.6,0.18,0.61,0.938,0.637,0,0,0.22,0,9,0,0,20.35,7.13,0,0,15.86,2.04
"Austria",38.6,27.5,0.8,0.127,0.5,0.5,0,0,0.6,1.025,2.139,1.948,0.665,1.394,1.81,1.94,3.7,0.119,4.73,5.17,24.771,0.472,0.201,4.49,1.22,5.156,33,1.98,10.8,14.5837,0.7163,39.7,7.3,13.2,7.16,0,0.8,3.9,0,12.72,1.2,47.1,0.81,0.3,56.98,17,0.631,16.2,39.34,2.4,14.08,37.7,17.18,7.5,0.17,0.1,0.005,0.026,0.579,0.131,0,0,1.1,0.9,0,0.091,0.154,6.259,0.031,0.103,0.2,0.6,0.37,0.158,0,1,0.839,0.197,0.693,0,0,0.074,1.111,7.8982,0.1,0.1,2.7,0,9,9,0,0.21,2.02,4.2,3.14,0.4,0.415,8.8,4.22,1.2,1.23,5.79,4.83,1.27,2.66,1.1,0,0.4,2.6,0.2,5.3,0,0.4,0.2,1.2,7.2,0.13,0.6,0.27,1.103,0,0.1,5.97,0,0,0.2,0,4.6,3.6,1.2,0.4,2.79,0.4
"Hungary",6.8,3.98,3.22,0.215,0,0,0,0,0.2,0.081,0.219,0.403,0,0.067,0.133,2.28,0.2,0,2.09,4.61,8.666,0.123,9,0,7.63,0.357,15.61,0.11,0.2,0.5338,0.0262,14.15,2.01,1.5,0.09,0,18.03,27.75,12.72,0,8.98,36.85,0.43,1.42,1.85,1.19,0.235,8.02,0.29,159.8,3.93,3.76,0.35,4.83,0.992,0,0.169,0,0,9.185,0,0,0.7,0,9,0.426,2.271,1.476,0.181,0.51,0.9,0.013,0,0.473,0,0.6,2.976,0.443,0.766,0.1,0.1,0,0.595,2.8335,0,9,0,0,0,0,0.016,0.057,0.88,1.24,1.36,4.1,0.642,1.06,6.07,3.86,2.37,0.98,5.2,1.11,0.13,0.4,9,0.4,3.2,0,6.18,0.17,0,0.71,0,2.09,6.82,2.43,0.261,1.682,0,0,0.3,0,0,13.95,0,5.36,0.94,0,0,5.86,0.13
"Czechoslovakia",12,27,0,0.396,9,0,9,0,3.5,0,0.415,0.078,0,0.084,0.374,0.05,5.4,0.032,0.6,0.3,1.075,1.003,9,1.62,5.29,5.247,8,2.95,1.7,0,0,11.4,4.4,1.41,0.73,0,0,0,1.2,8.98,0,8.6,0.75,0,57.18,1.26,3.881,0,21.31,0,0.2,9.1,5.01,7.49,0.87,0,0.058,0.018,0,9.182,0,0,0,0,9.099,0.352,10.491,1.711,9.218,0.472,7.7,0,0.022,9.067,0,1.9,0.726,2.039,0.614,0.1,0.2,0.215,1.829,1.0562,0,9,0,0,0,0,0,0.049,2.91,0,1.7,4.4,0.893,23.3,1.38,7.6,14.61,14.12,8.13,2.37,0.26,3.3,0,1.56,13.4,1.17,0,0,0,0,0,3.6,5.1,12.21,11.402,1.637,0,0,2.13,0,9,0,0,5.16,1.8,0,0,1.36,0.67
"Italy",132.4,7.3,36.8,2.275,4.9,4.241,1.48,0,14.7,9.749,9.823,3.294,1.337,10.109,0.04,5.59,27.8,0.076,4.04,10.64,78.223,2.255,3.069,50.37,164.01,9.89,35.6,13.85,3.8,38.4132,1.8869,208.6,214.4,154.23,50.58,0,3.8,13.6,47.1,36.85,8.6,0,19.31,4.3,82.33,83.31,14.106,0,3.6,37.7,14.31,9.6,7.37,12.82,1.433,0.1,0.76,0.441,0.779,1.799,12.024,0.832,40.53,1.9,0.505,18.953,1.318,8.786,1.135,5.089,5,0.204,0.597,1.516,1.2,60.4,4.438,8.909,5.271,0.2,0.2,1.217,12.63,90.2227,0.1,0.2,53.9,0,9,9,4.704,1.19,9.43,50,6.21,283,20.386,6.7,21.21,272.6,14.09,17.71,32.02,6.22,57.77,189,2.3,0.87,261.7,1.416,7.9,0,2.5,1.6,12.7,33.1,32.89,21.52,0.611,0.902,0,9,10.12,0.4,0,14.6,0,39.76,18.35,4.1,9.7,45.23,19.22
"Malta",3.66,0.24,0.02,0,0,0.03,0.01,0,0.26,0,0.013,0,0,0,0,0,0,0,0.02,0.17,0.65,0,0,0.03,0.32,0.001,49.97,0.3,3.56,2.8977,0.1423,4.61,0.68,1.28,0.02,0,0.27,0.11,0.81,0.43,0.75,19.31,0,9.05,0.11,0.78,0.006,0.94,1.52,0.51,0.46,0.81,0.41,1.77,0.004,0,0.001,0,0,0,0,0,0.14,9,0,0.006,0.06,0.23,0,0,0.17,0,0,0,0,0,0.01,0.01,0.02,0,0,0.02,0.12,0.0012,0,0.01,0.29,0,0,9,0,0.001,0.14,0.03,0.19,1.38,0.107,0.04,0,0.01,0.11,0.59,0.15,0.03,1.26,0.05,0.1,0.23,0.1,0,1.69,0,0.07,9,0.01,3.42,0.77,0.03,0.01,0.22,0,0,0.01,0,0,9,0,0,0.21,0,0.35,4.25,0.17
"Albania",0,12.4,0,0,0,0,0,0,0,9,0,0,9,0,9,0,9,0,9,0,9,0,0,0,9.3,0,0.3,0.01,0.9,0,0,0.6,1.3,0,0,0,0,0,0.3,1.42,0,4.3,9.05,0,0.6,0.01,9,0,0.52,0,0.04,0,0,0.6,0,0,0,0,9,9,0,0,9,0,0,9.002,0,0,0,0,9,0,0,0,9,0,0,0,0,9,9,0,0,0,0,0,0,0,0,0,0,9,0.49,0,0,9.2,0,9,0.01,0,0,0,0,0,0,0,0,0,0,0,0,0,0,0,0,0.2,9,0.4,0,0,0,0,0,0,9,0,0,0,9,0,0,0,9
"Yugoslavia",15.34,2.16,0.76,0,0,0.345,0,0,1.08,0,0.182,0,0.004,0.052,0.182,2.62,1.4,0.61,2.73,5.77,16.519,0.151,0.015,1.2,3.75,0.465,59.97,0.62,15.23,9.6748,0.4752,25.49,54.82,12.24,0.58,0,33.88,0.21,56.98,1.85,57.18,82.33,0.11,0.6,0,4.24,3.977,0.13,1.37,38.22,4.46,11.83,3.95,1.08,0.008,0,0,1.167,0.49,0,0,0.01,0.32,2.23,0,0.368,0.03,0.818,0.008,0.269,1.7,0,0.01,1.911,0.01,0.6,1.011,0.592,1.11,0,0,0.01,1.302,0.9818,0,0,1.13,0,0,0,0.21,0.323,0.17,0.61,1.47,7.6,1.863,2.22,2.37,14.3,15.41,2.31,1.53,3.15,3.89,3.1,0,0.04,2.4,0,0.24,0,0,0,0,13.79,26.66,9.63,1.143,7.439,0,0.01,0.89,0.62,0,0,0,12.53,4.14,0,1.59,24.4,0.54
"Greece",90.9,9.28,9.01,0.034,0.01,0,0,0,0.2,0.01,0.002,0,0.003,0.227,0.094,1.36,0.16,0.01,1.03,0.78,8.554,0.001,0.24,0,30.25,9.114,102.34,2.18,35.97,31.6265,1.5535,66.72,20.29,3.3,0.38,0,0.19,1.78,17,1.19,1.26,83.31,0.78,0.01,4.24,0,9.259,1.34,7,0.31,13.53,21.25,12.55,9.88,1.481,9.04,0.001,0.02,0.84,0,0.01,0,2.13,0.19,0.07,8.265,0.02,1.888,0.182,0.133,2.33,2.181,0,0.002,1.44,5.29,0.005,0.467,0.191,0,0,0.47,1.232,6.8773,0,0.16,5.72,0,0,9,0.46,0,4.31,0.38,3.76,4.53,1.638,0.67,8.63,26.37,1.09,14.24,4.74,0.63,3.98,21.02,0,0.05,0.99,2.17,0.38,0,0.54,0,0.33,102.51,0.98,0.85,0.28,0.41,0,0,0.86,0,0,0,0,2.38,0.15,0.09,0.08,1.68,8.76
"Cyprus",8.829,0.321,9,0,0,0,0,0,0,0,0,0,0,0,0,0,0.099,0,0,0,1.324,0,0,0,2.019,0.245,17.64,0.01,5.111,3.2599,0.1601,4.827,1.395,0.599,1.245,0,0.892,0.03,0.631,0.235,3.881,14.106,0.006,9,3.977,9.259,0,0.455,0.902,0.218,0.847,2.117,0.01,7.589,0.035,0,0.016,0,0,0,0,0,0.083,0,0,0.004,0.133,0.074,0,0,0,0,0,0,0,0,0.009,0.041,0.107,0,0,0,0.016,0.0073,0,0.003,0,0,9,0,0,0.004,0.097,0,0,1.096,0.016,0.101,0.435,0.021,0.312,0.564,2.275,0.657,2.489,0.304,9,0.01,0.488,0,0.04,0,0.089,0,0.067,7.267,1.204,0.72,0,0.114,0,9,0.171,9,9,0,0,0.267,0.157,0,0,0.318,1.261
"Bulgaria",3,1.2,0,9.371,9,9,0,0,0,0,0.002,0.002,0,0,0.011,0.96,0,0,0.61,0.33,5.755,9.001,0,0,0.97,0.222,5.4,0.2,2.2,0.4766,0.0234,7.7,10.9,4.95,0.42,0,0,0,16.2,8.02,0,0,0.94,0,0.13,1.34,0.455,0,15.05,0,0.12,8.1,3.97,0.46,0.019,0,9.052,9,0,9,0,0,0,0,0,9.018,9.07,0.163,0.027,0.021,0.9,0,9,9.001,0,9.1,9.05,0.148,0.03,0,9,0,0.186,9.1209,0,0,0,0,0,0,0,0.072,5.27,6.6,6.81,6.1,0.041,11.9,0.85,6,1.09,2.38,5.49,1.87,0.7,0.1,9,0.07,11.3,0,0,0,0,0,0,3.1,1.94,0.23,0.765,0.156,0,0,0.15,0,9,0,0,2.06,3.88,9,0,0.51,0.01
"Romania",15.37,6.24,18.51,0.112,0,0,0,0,0.1,0.38,0.026,0.001,0,0.002,0.024,1.18,0.3,0,1.19,0.13,8.415,0.652,9,0,1.8,0.081,52.18,1.21,38.17,29.9203,1.4697,49.92,38.39,1.35,0.6,0,28.43,13.67,39.34,0.29,21.31,3.6,1.52,0.52,1.37,7,0.902,15.05,0,56.39,0.49,19.03,0.71,3.97,0.04,9,0.105,0,0,0.37,0,0,0,0,9,0.096,0,0.607,0.36,0.189,0.5,0,0,9.023,0,0.3,3.562,0.186,0.025,0,0,0,0.221,0.1282,0,9,0,0,0,0,0,0.122,1.15,0.54,0.87,1.1,3.27,0.32,1.82,5.21,2.24,8.37,10.25,4.14,0.87,2,0,0.27,7.7,9,8.08,0.1,0,6.13,0,10.29,0.27,2.38,0.088,0.702,0,0,0.04,0,0,0,0,1.05,14.35,0,0,0.12,0.03
"Russia",51,3.4,0,0,9,0,9,0,0.4,0,0.001,0,0,3.298,0.006,0.96,0.2,0.673,5.64,3.31,25.894,0,9,0,12.42,0.735,240,3.74,12.3,7.3395,0.3605,59.9,16,16.48,0.77,0,0,0,2.4,159.8,0,37.7,0.51,0,38.22,0.31,0.218,0,56.39,0,20.15,14.7,7.29,17.87,0.342,0,9.275,3.416,0,0.448,0,0,1.81,0,0,0.05,10.444,8.98,0.378,9.316,18.4,0,0.006,9.313,0.445,0.1,1.36,0.279,1.993,0,0.1,1.827,1.057,1.4191,0,0,0,0,0,0,0,0.36,16.99,14.8,0.1,6.8,1.35,59.9,3.57,39.3,159.69,2.61,8.19,15.11,0.3,4.1,0,2.17,15,11.794,0,0,0,0,0,193.3,53.94,7.24,0.703,6.516,0,0,2.5,0,9,0,0,75.11,30.6,0,10.7,42.94,13.41
"Finland",24.58,5.1,3.18,0.05,0.07,0.37,0,0,3.34,4.909,0.262,2.523,0.039,4.05,0.115,11.54,1.47,0.177,0.79,0.35,12.648,0.266,0.011,0.89,17.81,0.288,146.38,18.38,28.66,14.0499,0.6901,27.2,20.04,17.87,7.28,0,3.12,2.29,14.08,3.93,0.2,14.31,0.46,0.04,4.46,13.53,0.847,0.12,0.49,20.15,0,35.49,2.83,43.81,0.88,9,0.006,0,0.258,0.02,0,0.09,0.09,0.13,0,0.305,0.481,1.257,0.077,0.076,2.06,0,0,0,0,0.19,0.038,0.974,0.215,0,0.1,0.01,1.188,3.71,0,0.17,9.86,0,9,0,0.02,0.184,0.42,3.18,0.03,0.3,1.152,32.91,2.42,1.98,0.4,1.91,1.95,0.22,3.4,0.9,0.71,0.08,0.4,0,1.73,9.06,0,0,0.65,33.6,0.45,0.46,0.224,0.27,9,9,2.27,0,0,0.13,0,3.45,0.68,0.36,0.48,13.37,1.33
"Sweden",128.4,35.5,16.1,0.024,1.2,6.476,32,0.2,38.3,0.112,0.924,0.689,0.32,1.118,0.792,10.52,26.5,2.433,0.45,5.14,8.149,1.597,1.734,39.61,18.63,1.651,16.7,18.63,1.8,24.2108,1.1892,91.9,8.2,42.75,20.87,0,13.6,10.6,37.7,3.76,9.1,9.6,0.81,0,11.83,21.25,2.117,8.1,19.03,14.7,35.49,0,211.39,139.35,1.6,0,0.064,0.034,0.283,0.077,0.1,0.5,0.29,0.2,0.263,1.029,0.333,7.085,0.099,0.365,19.9,0.704,0.053,0.123,0.1,2.3,0.485,1.201,0.114,0.2,0.1,0.1,1.526,21.7045,0,0.2,39,9,9,0.8,0.506,0.376,0.93,3.8,0.84,1.5,1.375,10.9,1.9,8.7,5.16,8.14,5.15,2.35,18.08,3.1,0,0.38,2.9,0.3,6.8,0,2.1,0.3,8.8,28.2,6.19,3.06,2.389,2.9,0,9.1,10.89,9.2,0,2.2,0,0.25,9.21,1,1.6,51.67,4.82
"Norway",71.11,66.4,1.44,0.151,1.52,21.618,0.87,0,1.43,1.292,0.032,0.392,0.008,0.422,0.143,7.12,27.38,6.753,0.66,2.28,6.704,0.11,0.051,0.03,1.91,0.014,37.97,4.68,32.85,21.9899,1.0801,48.56,33.78,2.08,3.82,0,4.65,1.44,17.18,0.35,5.01,7.37,0.41,0,3.95,12.55,0.01,3.97,0.71,7.29,2.83,211.39,0,34.64,6.237,9,0.002,0.001,1.61,0.06,0,0,1.25,15.52,0.01,0.22,0.477,0.883,0.027,0.331,3.53,0,0.042,0.005,0,0.81,0.019,1.527,1.844,0.01,0.01,3.5,0.036,0.3959,0,0.17,3.99,9,9,0,0.03,0.018,3.1,1.02,0.2,15.15,0.362,3.58,4.44,0.6,0.09,0.05,0.15,0.03,1.49,18.71,0.02,0.66,0.69,0.91,1.18,0,0.11,0.26,1.1,67.66,1.45,2.23,0.391,0.06,9.12,9,1.95,0.02,0,0.02,0,0.34,5.25,1.48,1.53,3.05,0.58
"Denmark",18.7,13.1,3.66,0.201,0.72,1.011,4.52,0.84,2.53,1.033,2.098,0.897,2.414,0.145,1.625,3.29,16.16,0.435,1.26,0.24,4.455,1.42,0.656,5.35,4.08,1.148,65.96,11.04,89.9,63.1482,3.1018,84.7,36.17,0.97,11.57,0,1.81,6.03,7.5,4.83,7.49,12.82,1.77,0.6,1.08,9.88,7.589,0.46,3.97,17.87,43.81,139.35,34.64,0,4.207,0.02,0.137,0.156,0.146,0.267,0.22,0.07,2.62,0.13,1.67,1.142,0.72,0.833,0.151,0.099,17.96,0.436,0.326,0.034,0.5,2,1.428,1.381,0.473,0.07,0.1,0.3,0.888,0.7982,0.03,0.3,7.01,9,0.1,0.01,0.44,0.209,2.71,0.8,0.92,19.92,0.827,1.06,8.49,1.89,1.76,0.66,1.65,1.79,0.75,11.41,0.09,1.81,40.23,0.21,7.84,0,1.78,0.01,0.24,29.73,0.37,0.59,5.379,0.188,0.14,0.07,5.63,0.19,0.18,0.35,0,0.72,8.28,3.31,11.21,7.63,1.25
"Iceland",18.37,0.272,0,0.014,0,0.011,0.001,0,0.018,0,0.2,0.001,0,0.01,0.034,0.01,0.1,0,0.1,0.09,0.555,0.004,0.001,0.002,0.097,0,0.536,0.351,5.464,1.2391,0.0609,0.899,3.84,0.627,4.603,0,0.526,0.131,0.17,0.992,0.87,1.433,0.004,0,0.008,1.481,0.035,0.019,0.04,0.342,0.88,1.6,6.237,4.207,0,0,0,0.005,0,0.4,0,0,0.004,12.217,9,0.007,0.001,0.008,0.001,0.473,0.598,0.004,0,0,0,0.007,0.014,0.001,0,0,0,0,0,0,0,0,0.187,0,0,0,0,0.018,0.017,0,0,0,0.011,0.016,0.032,0.007,0.016,0,0.001,0,0.292,0,0,0,0.1,0,0.141,9,0.009,0,0.046,2.997,0.2,0.031,0.031,0.005,0,0,0.01,0,0,0,0,0,0.001,0.233,0.022,0.013,0.032
"Equatorial Guinea",0,0,0,0,0,0,0,0,0,0,0,0,0,9,9,0,0,0,0,0,9,0,0,0,0,0,0,9,3.5,0.0953,0.0047,0,0,15.54,9,0,0,0,0.1,0,0,0.1,0,0,0,9.04,0,0,9,0,9,0,9,0.02,0,0,0,9,0,0,0,0,0,0,0,0.008,0,0,0,0.558,0,0.163,0,9.032,0,0,0,0,0,0,9,0,0,0,0,0,0,0,0,0,9,0,0,0,0,0,0,0,0,0,0,0,0,0,0,0,0,0,0,0,0,0,0,0,0,0.3,0,9,0,0,0,0,0,0,0,0,0,0,0,0,0,0,0
"Gambia",0.429,0.183,9.001,0,0,0,0.001,0,0,0,0,0,0,0,0,0,0,0,9,0,0.171,0,0,0,0.002,0,0.863,0.15,5.076,0.0286,0.0014,2.394,1.191,0.044,2.966,0,0.142,0.601,0.005,0.169,0.058,0.76,0.001,0,0,0.001,0.016,9.052,0.105,9.275,0.006,0.064,0.002,0.137,0,0,0,0,0.137,0,0,0,0.001,0,0,0,0.056,0.079,0,0,0.171,0,9,0,9,9,0,0,9.001,0,0,0,0,0.0109,0,0.197,9.002,0,0,0,9,0,0.03,0,0,0,0,9,9,0.219,0.34,0,0,0,9.173,0,9,0,0,0,1.416,0,0.118,0,0.002,2.106,0.054,0.374,0.743,0.007,0,0,0.138,9,0,0,0,9.015,9,0,9,0.003,0.018
"Mali",1.013,0.003,0.001,0,0,0,9,0,9,0,9,0,0,0,0,0,0.35,9,9,0,0,0,9,0,0.2,9,0.136,0,0.387,0.6291,0.0309,10.681,1.185,0.087,0.099,0,0,9.027,0.026,0,0.018,0.441,0,0,1.167,0.02,0,9,0,3.416,0,0.034,0.001,0.156,0.005,9,0,0,2.439,0.001,0.077,0.004,3.455,0.03,1.09,0.125,0.008,4.314,0.005,0.002,0.001,0,0,0,0,0.001,0,0,9,0,0,0,9,0,0,0,0,0,0,0,0,0,0.052,0.135,0.015,0.017,9,0,0,0,1.145,0,0,0,0.049,0,9,9,9,0,3.313,0,0,0,0,2.247,0.01,0.261,9,0,0,0,0,9,0,9,0,0.001,9,0,0,0.001,0
"Senegal",12.798,0.7,0,0,9,0,0,0,0,9,0,0,0,0,0,0,0.204,0,0,0,3.176,9,0,0,1.7,0,2.283,1.02,1.249,2.097,0.103,3.061,1.468,2.395,0.004,0,0,0.097,0.579,0,0,0.779,0,9,0.49,0.84,0,0,0,0,0.258,0.283,1.61,0.146,0,0,0.137,2.439,0,0.935,1.324,1.968,1.58,0.353,0.758,0.166,0.935,0.399,0.181,0.493,0.296,4.284,0.021,1.285,0,0.1,9,0,0,0,0,0,0.004,0,0,0,0,0,9,0,0.157,0,1.874,5.194,0.1,0,0,0,0,0,0,9,0.08,0,0.07,0,9,2.37,0,9,6.725,0,0,0,0,3.2,0.166,0.28,0,0,0,0,0,4.768,0,0.008,0,0,0,0,0,0,0
"Benin",0.518,0.176,9.055,9,9,0,0.026,0.062,0,0,0,0,9,0,0,0,0.278,0,9,0,0.022,0,0,9,0.003,9,1.765,0.01,1.926,0.753,0.037,9.012,0.305,0.285,0.04,0,0.879,0.083,0.131,9.185,9.182,1.799,0,9,0,0,0,9,0.37,0.448,0.02,0.077,0.06,0.267,0.4,0,0,0.001,0.935,0,0,0.216,1.488,9,0.075,0.004,0,0.065,1.21,0.085,1.07,0.017,0,9,0,0.159,0,0,0,0,0,0,0,0,9,9,9,0,0,0,0,0,0.083,0.19,0.205,0.178,9,0.044,0,0.518,0.377,9,0,0,0.08,0,9,9,9,0,1.287,0,0,9,0,0.288,0.02,0.004,9,0,0,9,0.121,0.353,0,0,0,0,9,0,9,0.258,0
"Mauritania",6.474,0.487,0,0,0,0,0,0,0,9,0,0,0,0,0,9,0.101,0,0,0,0,0,0,0,0,9,17.946,0,2.266,8.4166,0.4134,4.97,0.266,0.448,0.18,0,0,0,0,0,0,12.024,0,0,0,0.01,0,0,0,0,0,0.1,0,0.22,0,0,0,0.077,1.324,0,0,0.001,0,0,0,0.852,0,0.122,0,0.004,0,0.081,0,0,0.8,0.3,0,0,0,9,0,0,0,0,0,0,9,0,0,0,0,0,0.015,0.43,0,0,0,0,0,0,0,0,0,0,0,0,0,9,0,0,3.994,0,0,0,0,5.1,0,0.1,9,0,0,0,0,9,9,0,0,0,0,0,0,0,0
"Niger",2.184,0,0,9,0,9,0,0,0,0,0,0,0,0,0,0,0.264,0,0,0,0,0,0,0,0,0,0.811,0,1.962,0.3622,0.0178,6.426,0.2,0.072,0.45,0,0.087,9,0,0,0,0.832,0,0,0.01,0,0,0,0,0,0.09,0.5,0,0.07,0,0,0,0.004,1.968,0.216,0.001,0,1.697,0,0.194,0.002,0,1.054,0.149,0.006,2.939,0.012,0.025,0.002,0,0,9,0,0,0,0,0,0,0,0,0,9,0,0,0,0.591,0,0.154,0.262,0,0.4,0,0,0,0.434,0,0,0.06,0,0.01,0,0,0,9,0,1.363,0,0,9,0,2.2,0.01,0.233,0,0,0,0,0,9,0,0,0,0,0,0,0,0,0
"Ivory Coast",29.17,4.1,0,0,9,0,0,0,0,0,9,9,0,0,0,0,0.3,0,0,0,0.91,0,0,0,0.04,0,15.64,1.11,8.02,4.2893,0.2107,28.83,3,14.6,0.06,0,0,1.65,1.1,0.7,0,40.53,0.14,9,0.32,2.13,0.083,0,0,1.81,0.09,0.29,1.25,2.62,0.004,0,0.001,3.455,1.58,1.488,0,1.697,0,0,9.492,0.236,0.099,0.438,0.433,0.839,1.04,4.798,0.104,0.176,1.64,0.1,0,0,0,0,0,0,0.002,0.04,0,0,0,0,0,0,2.232,0,4.16,1.95,0.15,0.4,0,0,0,0,0,0,0.64,0,1.04,0,9,0,0,9,0,0,4.73,0,0.39,5.78,0.26,0.31,0,0,0,0,0,0,0,0,0,0,0,0,0,0.22,0.12
"Guinea",4,0.1,0,0,0,9,0,0,0,0,0,0,0,0,0,0,0,0,0,0,0,9,0,0,0.03,0,2.9,0,0.6,0.286,0.014,7.4,0.1,2.8,0,0,0,0,0.9,0,0,1.9,9,0,2.23,0.19,0,0,0,0,0.13,0.2,15.52,0.13,12.217,0,0,0.03,0.353,9,0,0,0,0,0,0.104,0.065,0,0.001,4.989,0,0,0,0.044,0,9,0,0,0,0,0,0,9,0,0,9,0,0,0,0,0,0,0.1,0,0,0,0,0,0,9,0,9,0.11,0,0.09,0,0,0.05,9,0,0,0,0,0,0,0.1,0.13,0.1,0,0,0,0,0,0,0,0,0,0,9,0,0,0,0
"Burkina Faso",2.188,0.034,9,0,0,0,0,0,9,0,0,0,0,0,0,0,9.282,9,0,0,9,0,9,9,0,9,0.414,0,1.519,0.7721,0.0379,19.883,0.176,0.195,0,0,9,9.03,0,9,9.099,0.505,0,0,0,0.07,0,0,9,0,0,0.263,0.01,1.67,9,0,0,1.09,0.758,0.075,0,0.194,9.492,0,0,0,9,0.485,0.063,0.005,0,0,0,0.003,0,9,0,0,0,0,0,0,9,0,9,0,0,0,0,0,0.066,0,0.216,0.236,0.034,0,0,9,0,9,0,0,0,0,0.02,0,0,0,9,9,0.125,0,0.018,0,0,1.261,1.4,9,9,0,0,0,0,0,0,9,0,0,0,0,0,0,0
"Liberia",25.28,0.094,0,0,0,0,0,0,0.3,0,0,0,0,0,9,0,2.266,0,0,0,0.042,0,9,0,0.024,0,11.216,0.001,9.776,25.2116,1.2384,12.631,0.814,0.315,0.001,0,9.171,1.411,0.091,0.426,0.352,18.953,0.006,9.002,0.368,8.265,0.004,9.018,0.096,0.05,0.305,1.029,0.22,1.142,0.007,0.008,0,0.125,0.166,0.004,0.852,0.002,0.236,0.104,0,0,0.234,0.04,0,0.003,0.173,0.058,0,0,0.085,0.085,0,0.005,0.006,0,0,0,0.019,0.002,0,0.373,0.008,0,9,0,0.002,0,0.247,0.001,0.001,0,9,0.002,0.001,0,0.256,0,0.288,0,1.489,0,9,9,9,0,1.561,0,0.119,9,0,28.535,0.311,0.027,0,0,0,0,0,0,0,0,0,0.103,7.13,0,0.001,0.023,0.021
"Sierra Leone",7.69,0.456,9,0,9,0.004,0.266,0,0,0,9,0,0,0.001,0,0,0.031,0,0,0,0.01,9,0,0,0.066,0.003,51.984,0.271,6.924,1.2582,0.0618,4.102,0.437,1.29,0.02,0,1.198,10.219,0.154,2.271,10.491,1.318,0.06,0,0.03,0.02,0.133,9.07,0,10.444,0.481,0.333,0.477,0.72,0.001,0,0.056,0.008,0.935,0,0,0,0.099,0.065,9,0.234,0,0.109,0,0,0.232,2.895,9,9,0,0.2,9,0.005,9,0,0,0,9,0.0009,0,1.071,0,9,9,0,9,0,0.18,0,0,0,0,0,0,9,2.505,9,0.189,0,0.003,0,9,0.07,9,9,3.791,0,0,9,0,3.403,0.697,0.566,0,0.002,9,0,0,9,0,0,0,0.128,0.131,0,0.001,0.226,0.152
"Ghana",8.094,1.24,0,0,0,3.66,0.037,0,0.001,0,0,0,0,0,0,0.003,0.448,0,0.003,0.089,0.383,0,0,0,2.059,0.074,10.767,7.535,0.977,5.3092,0.2608,0.881,3.445,2.947,0.002,0,0.406,0.488,6.259,1.476,1.711,8.786,0.23,0,0.818,1.888,0.074,0.163,0.607,8.98,1.257,7.085,0.883,0.833,0.008,0,0.079,4.314,0.399,0.065,0.122,1.054,0.438,0,0.485,0.04,0.109,0,1.398,0.007,3.044,9,9,0,0.015,0.075,0.017,0.119,0.001,0,0,0,0,0.1121,0,0,0,0,0.09,0,0,0.005,0.633,0,1.123,0.006,0.006,0.13,0.058,0,0.094,0.125,0.314,1.568,0.065,1,9,0.206,0,0,3.148,0,0,0,1.668,21.344,0.28,1.912,0.042,0.025,0,0,0.097,0,0,0,0,0.35,0,0.171,0.025,7.35,2.866
"Togo",3.056,0.394,0.001,0,9,0.001,0,0,0,9,0,0,0,0,0.015,0,0.954,9,0,0,0.007,0,0,9,0.001,0,5.908,0.009,7.109,4.7564,0.2336,4.612,0.262,0.584,0.002,0,0.209,0.286,0.031,0.181,9.218,1.135,0,0,0.008,0.182,0,0.027,0.36,0.378,0.077,0.099,0.027,0.151,0.001,0,0,0.005,0.181,1.21,0,0.149,0.433,0.001,0.063,0,0,1.398,0,0.017,0.246,0.013,0.027,0,0.103,0.035,0,0,9.002,9,0,9,0,9,9,0.061,0,0,0,0,0,0,0.134,0.014,0.002,0.342,0,0,0,0.395,0.668,9,0.018,0,0.122,0,0,9,0.1,9,1.641,0,0.101,0.003,0,0.634,0.142,0.292,9,0,0,0,0,9.159,9,0,0,0.003,0,0,0.002,0.007,0
