"","United States of America","Canada","Cuba","Dominican Republic","Mexico","Guatemala","Honduras","El Salvador","Nicaragua","Costa Rica","Panama","Colombia","Venezuela","Ecuador","Peru","Brazil","Bolivia","Paraguay","Chile","Argentina","Uruguay","United Kingdom","Ireland","Netherlands","Belgium","Luxembourg","France","Switzerland","Spain","Portugal","Germany","Poland","Austria","Hungary","Czechoslovakia","Italy","Albania","Yugoslavia","Greece","Bulgaria","Romania","Russia","Estonia","Latvia","Lithuania","Finland","Sweden","Norway","Denmark","Liberia","Ethiopia","South Africa","Iran","Turkey","Iraq","Saudi Arabia","Yemen Arab Republic","Afghanistan","China","Mongolia","Japan","Nepal","Thailand","Australia","New Zealand"
"United States of America",0,23.41,35.35,3.46,10.17,0.17,3.01,1.07,0.04,0.66,2.99,24.69,3.41,1.88,0.05,62.98,3.27,0.13,9.56,17.69,0.01,129,2.53,0.35,20.21,0,61.18,7.35,0.72,5.69,36.95,13.54,6.02,3.47,4.62,32.38,0.1,1.12,1.08,0.18,2.71,3.41,0.57,0.7,0.1,3.23,6.11,3.13,12.71,0,0.16,18.18,0.63,3.67,0,0,0,0,45.15,0,31.27,0,0.79,18.34,7.67
"Canada",23.41,0,0.08,0.21,0.09,0,9.001,9.0054,0,0,0,2.29,0.96,0.0292,2.46,0.01,0,0.0001,9.02,3.03,9.0076,54.94,12.56,3.23,2.61,0,6.37,6.46,0.7,0.04,10.14,0.03,1.68,0,0.14,1.45,0.0001,0.0035,1.7,0,0,9.08,0.0099,0.0026,0.0048,0.26,0,2.91,1.62,0,0.0012,1.31,0,0,0,0,0,0,4.64,0,9.17,0,0.007,5.08,1.13
"Cuba",35.35,0.08,0,0.0169,0.61,0.0082,0.0075,0.0027,0.008,0.01,0.083,0.01,0.0039,0.04,0.0352,0.0025,0.0012,0.002,0.29,1.18,0.21,11.69,0.04,0.08,0.48,0,2.15,0.01,1.6,0.0024,1.08,0.0008,0.0052,0.0022,0.05,0.34,0,0.0001,0.0028,0.0003,0.04,0.0019,0,0,0,0.06,0.07,0.34,0.07,0,0,0.07,0.0032,0.01,0,0,0,0,0.06,0,0.84,0,0.89,0.05,0.12
"Dominican Republic",3.46,0.21,0.0169,0,0.027,0.0005,0,0,0,0,0,0,0.0004,0,0,0,0,0,0,0.0024,0.0003,2.26,0,0.1,0.13,0,1.88,0,0.2079,0.0056,0.09,0,0.0095,9,0,0.07,0,0.02,0,0,0,0,0,0,0,0,0,0,0,0,0,0,0,0,0,0,0,0,0,0,0,0,0,9,0.0007
"Mexico",10.17,0.09,0.61,0.027,0,0.19,9.009,0,0,0,0,0,0,0,0,10.88,0,0.0002,0.0765,2.82,9.27,16.22,0,0.56,2.33,0,0.14,10.23,0.68,0,0.53,0.09,0.04,0,0.19,0.2,0,0.01,0.0075,0,0,0,0.0032,0.0003,0.0046,0,0,0.07,0.04,0,0,0,0,0,0,0,0,0,9.05,0,0.38,0,0,9.75,0
"Guatemala",0.17,0,0.0082,0.0005,0.19,0,0,0,0,0,0,0,0,0,0,0,0,0,0,0,0,0.55,0,1.48,0.1,0,0.32,0,0.03,0,2.46,0.0035,0.1748,0,0.0088,0,0,0.01,0,0,0,0,0,0,0,0,0,0.0758,0.0552,0,0,0,0,0,0,0,0,0,0,0,0.217,0,0,0,0
"Honduras",3.01,9.001,0.0075,0,9.009,0,0,0.22,0.1112,0,9.01,0,0,0,0,0,0,0,0,9.001,0,0.49,0,0.71,0.038,0,0,9.02,0,0,1.01,0,0.0006,0,0,0.097,0,0.0077,0,0,0,0,0,0,0,0,9.01,0,0,0,0,0,0,0,0,0,0,0,9.006,0,0.26,0,0,0,0
"El Salvador",1.07,9.0054,0.0027,0,0,0,0.22,0,0,0.0057,0,0,0,0,0.2301,0,0,0,0.008,9.0003,0,0.7518,0,0.31,0.06,0,0.58,0,0.16,0,1.11,0,0.038,0,9.05,0.78,0,0.01,0,0,0,0,0,0,0,0,0.46,0.5822,0.0356,0,0,0,0,0,0,0,0,0,0.0097,0,0.19,0,0,0,0
"Nicaragua",0.04,0,0.008,0,0,0,0.1112,0,0,0.0587,9.0069,0,0,0,9.18,0,0,0,0,0,0,0.14,0,0.2658,0,0,0.51,0,0.13,0,0.41,0,0.0295,0,0,0.02,0,0.02,0,0,0,0,0,0,0,0,0,0.0073,0,0,0,0,0,0,0,0,0,0,9.0029,0,0.04,0,0,0,0
"Costa Rica",0.66,0,0.01,0,0,0,0,0.0057,0.0587,0,0,0.0489,0,0,0,0,0,0,0,0,0,3.83,0,0.02,0.1449,0,0.08,0,0.05,0,2.16,0,0.08,0,0.03,0.14,0,0.0092,0.0002,0,0,0,0,0,0,0,0,0.07,0.02,0,0,0,0,0,0,0,0,0,0,0,0.14,0,0,0,0
"Panama",2.99,0,0.083,0,0,0,9.01,0,9.0069,0,0,0.06,0,0,0.036,0,0,0,0,0,0,0.53,0,0.067,9.06,0,0.4,0,9.09,0,0.48,0,0.0024,0,0,0.083,0,0.0049,0,0,0,0,0,0,0,0,0,0.0079,0,0,0,0,0,0,0,0,0,0,9.48,0,0.68,0,0,0,0
"Colombia",24.69,2.29,0.01,0,0,0,0,0,0,0.0489,0.06,0,0.13,0.3,0,0.062,0,0,0,0,0,7.03,0,1.77,0.57,0,1.95,9.38,0.43,0,4.41,0.45,0.07,0,0.23,0.69,0,0.13,0,0,0,0,0,0,0,0,0.14,0.03,0.15,0,0,0,0,0,0,0,0,0,0,0,0.6968,0,0,0,0
"Venezuela",3.41,0.96,0.0039,0.0004,0,0,0,0,0,0,0,0.13,0,0,0,0,0,0,0.0438,9.04,0,3.52,0,0.79,0.84,0,0.24,0,0.11,0,1.15,0.079,0.0098,0,0.0014,9.44,9,0.0005,0,0,0,0,0,0,9,0,0,0.2538,0.55,0,9,0,0,0,0,0,0,0,0,0,0.17,0,0,0,0
"Ecuador",1.88,0.0292,0.04,0,0,0,0,0,0,0,0,0.3,0,0,0.04,0,0,0,0.12,0.02,0,0.7,0,0.02,0.31,0,1.37,0,0.2,0,0.23,0.0591,0.0172,0,0,0.12,0,0.0004,0,0,0,0,0,0,0,0,0.07,0.0071,0,0,0,0,0,0,0,0,0,0,0.0038,0,0.14,0,0,9.03,0
"Peru",0.05,2.46,0.0352,0,0,0,0,0.2301,9.18,0,0.036,0,0,0.04,0,1.7,1.4065,0,0.87,7.01,0,12.96,0,3.58,0.52,0,1.49,0,0.16,0,1.33,0.31,0.03,0,0.16,0.54,0,0.0017,0.003,0,0,0,0.0044,0.0003,0,0,0.04,0.16,0.04,0,9,0,0,0,0,0,0,0,0.0665,0,0.74,0,0,9.61,0
"Brazil",62.98,0.01,0.0025,0,10.88,0,0,0,0,0,0,0.062,0,0,1.7,0,0.01,0.0071,0.17,10.67,1.93,3.6,0,1.59,0.19,0,12.53,0,0.56,1.16,5.09,1.62,0.84,0,2.46,4.47,9,0.9483,0.27,0,0,0,0,0,0,1.06,5.85,0.56,1.75,0,0,1.39,0,9.65,0,0,0,0,0.0566,0,0.31,0,0,9.01,0
"Bolivia",3.27,0,0.0012,0,0,0,0,0,0,0,0,0,0,0,1.4065,0.01,0,0,0.63,0.06,0,19.76,0,1.24,0,0,0.7,0,0.0182,0,0.71,0.0038,0.0011,0,0,0.24,0,0,9,0,0,0,0,0,0,0,0,0.1087,0,0,0,0,0,0,0,0,0,0,0,0,0,0,0,0,0
"Paraguay",0.13,0.0001,0.002,0,0.0002,0,0,0,0,0,0,0,0,0,0,0.0071,0,0,0,2.17,0.14,0.39,9,0.04,0.05,0,0.1,0.04,0.16,0.0065,0.37,0.05,0.0094,0,0,0.1237,0,0.01,0,0,0,0,0,0,0,0,0,0.0006,0,0,0,0.02,0,0,0,0,0,0,9,0,0.22,0,0,0.01,0.0001
"Chile",9.56,9.02,0.29,0,0.0765,0,0,0.008,0,0,0,0,0.0438,0.12,0.87,0.17,0.63,0,0,2.13,0,6.41,0,0.38,1.24,0,4.21,0.0478,0.77,0,3.17,0.0992,0.06,0,1.14,1.44,0,0.0598,0.0013,0,0,0,0,0,0,0,2.22,0.1239,0.91,0,0,0,0,0,0,0,0,0,0,0,0.65,0,0,0,0
"Argentina",17.69,3.03,1.18,0.0024,2.82,0,9.001,9.0003,0,0,0,0,9.04,0.02,7.01,10.67,0.06,2.17,2.13,0,2.69,49.1,2.8,17.21,16.87,0,1.86,8.7,8.17,0.39,40.4855,2.16,1.12,0.04,1.6,20.91,0,0.87,3.77,0,0,2.8,0.1171,0.02,0.2,0.15,1.11,1.83,3.71,0,0.03,9.37,0,0,0,0,0,0,3.65,0,7.6,0,0,0.26,0.0094
"Uruguay",0.01,9.0076,0.21,0.0003,9.27,0,0,0,0,0,0,0,0,0,0,1.93,0,0.14,0,2.69,0,4.78,0,0.4,0.84,0,2.29,0,0.51,0.01,2.08,0.1691,0.05,0,0.06,0.59,0,0.0085,0,0,0,1.94,0,0,0,0,0,0.12,0.0038,0,0,0,0,0,0,0,0,0,9.0014,0,0.13,0,0,0,0
"United Kingdom",129,54.94,11.69,2.26,16.22,0.55,0.49,0.7518,0.14,3.83,0.53,7.03,3.52,0.7,12.96,3.6,19.76,0.39,6.41,49.1,4.78,0,25.99,18.03,6.8,0,24.01,6.13,26.99,22.09,40.16,9.87,0.19,3.89,1.7315,16.93,0.2696,2.38,0.81,1.02,3.73,37.1,2.63,2.82,4.73,27.58,9.92,9.7,50.43,0,0.25,53.15,10.6,1.06,5.38,0,0,0,28.26,0,0.9,0,2.92,63.05,70.79
"Ireland",2.53,12.56,0.04,0,0,0,0,0,0,0,0,0,0,0,0,0,0,9,0,2.8,0,25.99,0,1.96,2.65,0,0.31,0.25,0.07,0,5.473,2.02,0.0049,0,1.9,0,0,0.0018,0.2666,0,0,0,0,0.557,0,0,10.1,0.08,0.34,0,0,9.05,0,0,0,0,0,0,0,0,0,0,0,5.1633,0.0079
"Netherlands",0.35,3.23,0.08,0.1,0.56,1.48,0.71,0.31,0.2658,0.02,0.067,1.77,0.79,0.02,3.58,1.59,1.24,0.04,0.38,17.21,0.4,18.03,1.96,0,12.67,0,11.18,5.55,2.52,1.45,97.14,2.3,0.35,0.02,0.0309,0.4932,0.0082,0.21,0.5,0.69,9.21,11.73,0.05,0.44,0.09,2.32,2.94,2.16,6.34,0.02,0.0045,2.12,0.26,0.19,0.19,0,0,0.94,3.22,0,2.59,0,0.03,0.51,0.3
"Belgium",20.21,2.61,0.48,0.13,2.33,0.1,0.038,0.06,0,0.1449,9.06,0.57,0.84,0.31,0.52,0.19,0,0.05,1.24,16.87,0.84,6.8,2.65,12.67,0,0,15.88,9.02,2.48,4.15,55.17,2.58,0.08,0.52,0.74,7.73,0,1.55,3,1.76,2.89,15.53,0.07,0.64,0.3,4.09,0.72,0.36,1.85,0,0,0.78,0.57,1.39,0,0,0,0,7.64,0,2.16,0,0.04,10.58,0.37
"Luxembourg",0,0,0,0,0,0,0,0,0,0,0,0,0,0,0,0,0,0,0,0,0,0,0,0,0,0,0,0,0,0,0,0,0,0,0,0,0,0,0,0,0,0,0,0,0,0,0,0,0,0,0,0,0,0,0,0,0,0,0,0,0,0,0,0,0
"France",61.18,6.37,2.15,1.88,0.14,0.32,0,0.58,0.51,0.08,0.4,1.95,0.24,1.37,1.49,12.53,0.7,0.1,4.21,1.86,2.29,24.01,0.31,11.18,15.88,0,0,35.96,19.9,1.81,74.92,0.15,0.06,0.07,4.6589,2.04,0.05,0.83,0.45,0.03,4.12,17.36,0.84,0.18,0.22,4.24,6.95,2.57,4.2,9,9,9.54,2.99,0.62,0.42,9,0,0.0099,2.28,0,0.83,0,0.17,23.03,0.45
"Switzerland",7.35,6.46,0.01,0,10.23,0,9.02,0,0,0,0,9.38,0,0,0,0,0,0.04,0.0478,8.7,0,6.13,0.25,5.55,9.02,0,35.96,0,5.84,0.87,94.75,0.08,3.63,4.74,4.78,15.97,0,1.73,0.39,0.03,2.63,1.49,0.06,0.08,0.02,0.3,0.6,0.03,0.74,0,0,0,0,0.33,0,0,0,0,2.23,0,1.24,0,0.29,0.97,0
"Spain",0.72,0.7,1.6,0.2079,0.68,0.03,0,0.16,0.13,0.05,9.09,0.43,0.11,0.2,0.16,0.56,0.0182,0.16,0.77,8.17,0.51,26.99,0.07,2.52,2.48,0,19.9,5.84,0,2.11,12.7104,0.63,0.19,0,1.4,2.84,0,0.51,0.02,0,0,1.88,0.02,0.0004,0.0394,0.42,0.24,1.84,0.38,0,0.0004,0,0,1.13,0,0,0,0,0.2,0,0.8,0,0,0.26,0
"Portugal",5.69,0.04,0.0024,0.0056,0,0,0,0,0,0,0,0,0,0,0,1.16,0,0.0065,0,0.39,0.01,22.09,0,1.45,4.15,0,1.81,0.87,2.11,0,6.82,0.05,0.1,0,0.35,1.14,0,0.0181,0.0095,0,0,0,0.01,0.0197,0.0099,0,0.51,0.57,0.28,0,0,0,0,0,0,0,0,0,0,0,0.23,0,0,0,0
"Germany",36.95,10.14,1.08,0.09,0.53,2.46,1.01,1.11,0.41,2.16,0.48,4.41,1.15,0.23,1.33,5.09,0.71,0.37,3.17,40.4855,2.08,40.16,5.473,97.14,55.17,0,74.92,94.75,12.7104,6.82,0,7.67,16.29,5.66,15.2788,30.21,0.17,1.42,0.38,1.85,6.18,21.56,0.23,0.25,0.12,11.41,43.34,12.5,29.97,0.18,0.23,1.18,1.31,0.1,0,0,0,0,6.3055,0,20.82,0,0.34,18.3,1.16
"Poland",13.54,0.03,0.0008,0,0.09,0.0035,0,0,0,0,0,0.45,0.079,0.0591,0.31,1.62,0.0038,0.05,0.0992,2.16,0.1691,9.87,2.02,2.3,2.58,0,0.15,0.08,0.63,0.05,7.67,0,5.14,0.14,0.53,1.48,0.0002,0.16,0.27,0.25,1.66,3.39,0.22,0.21,0.03,2.32,5.94,2.85,3.31,0.0028,0.0095,0.04,0.02,0.13,0,0,9,0.0004,0.59,0,0.11,0,0.2086,3.32,0.2
"Austria",6.02,1.68,0.0052,0.0095,0.04,0.1748,0.0006,0.038,0.0295,0.08,0.0024,0.07,0.0098,0.0172,0.03,0.84,0.0011,0.0094,0.06,1.12,0.05,0.19,0.0049,0.35,0.08,0,0.06,3.63,0.19,0.1,16.29,5.14,0,4.92,12.98,4.36,0.0766,6.68,0.76,0.86,1.02,0.38,0.0017,0.05,0.01,0.11,0.56,0.49,0.7,0,0.0011,0.33,0.22,0.1,0.0053,0.0085,0,0,0.42,0,0.39,0,0.0271,2.78,0.01
"Hungary",3.47,0,0.0022,9,0,0,0,0,0,0,0,0,0,0,0,0,0,0,0,0.04,0,3.89,0,0.02,0.52,0,0.07,4.74,0,0,5.66,0.14,4.92,0,2.3,0.37,0.009,2.35,0.15,0.36,2.93,0,0.0007,0.001,0.0001,0,0.4,0.07,0.4,0,0.0002,0,0,0.19,0,0,0,0,9.17,0,0,0,0,9.02,0
"Czechoslovakia",4.62,0.14,0.05,0,0.19,0.0088,0,9.05,0,0.03,0,0.23,0.0014,0,0.16,2.46,0,0,1.14,1.6,0.06,1.7315,1.9,0.0309,0.74,0,4.6589,4.78,1.4,0.35,15.2788,0.53,12.98,2.3,0,1.34,0.199,0.69,1.89,0.07,3.36,2.98,0.0026,0.14,0.73,0.3,0.63,0.44,0.16,0,0.0003,1.7899,1.03,0.35,0,0,0,9,0.8,0,0.29,0,0.0017,1.05,0.17
"Italy",32.38,1.45,0.34,0.07,0.2,0,0.097,0.78,0.02,0.14,0.083,0.69,9.44,0.12,0.54,4.47,0.24,0.1237,1.44,20.91,0.59,16.93,0,0.4932,7.73,0,2.04,15.97,2.84,1.14,30.21,1.48,4.36,0.37,1.34,0,0.4,4.04,0.15,0.23,0.88,6.71,0,0.01,0.17,0.58,1.76,1.45,0.19,0,0,1.42,1.56,0.35,0,0,0,0,3.21,0,0,0,0.04,10.16,0.36
"Albania",0.1,0.0001,0,0,0,0,0,0,0,0,0,0,9,0,0,9,0,0,0,0,0,0.2696,0,0.0082,0,0,0.05,0,0,0,0.17,0.0002,0.0766,0.009,0.199,0.4,0,0.1745,0.09,0,0.0005,0,0,0,0,0,0,9,0,0,0,0,0,0.0033,0,0,0,0,9,0,0,0,0,0.0002,0.0003
"Yugoslavia",1.12,0.0035,0.0001,0.02,0.01,0.01,0.0077,0.01,0.02,0.0092,0.0049,0.13,0.0005,0.0004,0.0017,0.9483,0,0.01,0.0598,0.87,0.0085,2.38,0.0018,0.21,1.55,0,0.83,1.73,0.51,0.0181,1.42,0.16,6.68,2.35,0.69,4.04,0.1745,0,1.58,0.07,0.63,0.07,0.0046,0.0099,0.0006,0.0005,0.13,0.0825,0.03,0.0007,0.0032,0.0161,0.0093,0,0.0001,0,0,0,0.0598,0,0.0696,0,0.0006,0.0137,0.0195
"Greece",1.08,1.7,0.0028,0,0.0075,0,0,0,0,0.0002,0,0,0,0,0.003,0.27,9,0,0.0013,3.77,0,0.81,0.2666,0.5,3,0,0.45,0.39,0.02,0.0095,0.38,0.27,0.76,0.15,1.89,0.15,0.09,1.58,0,0.16,2.67,4.46,0.0099,0.0042,0,0.22,0.47,0.1,0.12,0,0.3599,0.02,0.0016,1.69,0,0,0,9,0.0099,0,0.4097,0,0,0.49,0.0033
"Bulgaria",0.18,0,0.0003,0,0,0,0,0,0,0,0,0,0,0,0,0,0,0,0,0,0,1.02,0,0.69,1.76,0,0.03,0.03,0,0,1.85,0.25,0.86,0.36,0.07,0.23,0,0.07,0.16,0,1.16,0.1,0,0.0012,0.0029,0,0,0.0524,0.01,0,0,0,0,0.18,0,0,0,0,0,0,0.01,0,0,0,0
"Romania",2.71,0,0.04,0,0,0,0,0,0,0,0,0,0,0,0,0,0,0,0,0,0,3.73,0,9.21,2.89,0,4.12,2.63,0,0,6.18,1.66,1.02,2.93,3.36,0.88,0.0005,0.63,2.67,1.16,0,0,0.02,0.2,0.0195,0,0,0.24,2.96,0,0,0,0,0.12,0,0,0,0,0,0,0.09,0,0,0,0
"Russia",3.41,9.08,0.0019,0,0,0,0,0,0,0,0,0,0,0,0,0,0,0,0,2.8,1.94,37.1,0,11.73,15.53,0,17.36,1.49,1.88,0,21.56,3.39,0.38,0,2.98,6.71,0,0.07,4.46,0.1,0,0,0.28,0.57,0.56,2.12,3.18,0.22,7.62,0,0,0,1.01,0.31,0,0,0,0,3.71,0,6.15,0,0,0,0
"Estonia",0.57,0.0099,0,0,0.0032,0,0,0,0,0,0,0,0,0,0.0044,0,0,0,0,0.1171,0,2.63,0,0.05,0.07,0,0.84,0.06,0.02,0.01,0.23,0.22,0.0017,0.0007,0.0026,0,0,0.0046,0.0099,0,0.02,0.28,0,0.3,0.04,0.2,0.13,0.17,0.1,0,0,0,0,0.0079,0,0,0,0,0.01,0,0,0,0,0.0076,0.001
"Latvia",0.7,0.0026,0,0,0.0003,0,0,0,0,0,0,0,0,0,0.0003,0,0,0,0,0.02,0,2.82,0.557,0.44,0.64,0,0.18,0.08,0.0004,0.0197,0.25,0.21,0.05,0.001,0.14,0.01,0,0.0099,0.0042,0.0012,0.2,0.57,0.3,0,0.11,0.04,0.22,0.03,0,0,0,0.02,0,0.002,0,0,0,0,0.008,0,0,0,0,0.11,0.0048
"Lithuania",0.1,0.0048,0,0,0.0046,0,0,0,0,0,0,0,9,0,0,0,0,0,0,0.2,0,4.73,0,0.09,0.3,0,0.22,0.02,0.0394,0.0099,0.12,0.03,0.01,0.0001,0.73,0.17,0,0.0006,0,0.0029,0.0195,0.56,0.04,0.11,0,0.0033,0.14,0,0.04,0,0,0.0193,0,0.0019,0,0,0,0,0.0001,0,9.01,0,0,0.0299,0.001
"Finland",3.23,0.26,0.06,0,0,0,0,0,0,0,0,0,0,0,0,1.06,0,0,0,0.15,0,27.58,0,2.32,4.09,0,4.24,0.3,0.42,0,11.41,2.32,0.11,0,0.3,0.58,0,0.0005,0.22,0,0,2.12,0.2,0.04,0.0033,0,5.03,0.91,0.38,0,0.0045,0,0,0,0,0,0,0,0.68,0,0.56,0,0,0.26,0
"Sweden",6.11,0,0.07,0,0,0,9.01,0.46,0,0,0,0.14,0,0.07,0.04,5.85,0,0,2.22,1.11,0,9.92,10.1,2.94,0.72,0,6.95,0.6,0.24,0.51,43.34,5.94,0.56,0.4,0.63,1.76,0,0.13,0.47,0,0,3.18,0.13,0.22,0.14,5.03,0,2.61,3.32,0,0,0.82,0.07,0.14,0,0,0,0,3.08,0,2.42,0,0,1.97,0
"Norway",3.13,2.91,0.34,0,0.07,0.0758,0,0.5822,0.0073,0.07,0.0079,0.03,0.2538,0.0071,0.16,0.56,0.1087,0.0006,0.1239,1.83,0.12,9.7,0.08,2.16,0.36,0,2.57,0.03,1.84,0.57,12.5,2.85,0.49,0.07,0.44,1.45,9,0.0825,0.1,0.0524,0.24,0.22,0.17,0.03,0,0.91,2.61,0,1.3,0,0,0.9,0.1058,0.02,0,0,0,0,0.97,0,2.77,0,0.0064,1.14,0.1146
"Denmark",12.71,1.62,0.07,0,0.04,0.0552,0,0.0356,0,0.02,0,0.15,0.55,0,0.04,1.75,0,0,0.91,3.71,0.0038,50.43,0.34,6.34,1.85,0,4.2,0.74,0.38,0.28,29.97,3.31,0.7,0.4,0.16,0.19,0,0.03,0.12,0.01,2.96,7.62,0.1,0,0.04,0.38,3.32,1.3,0,0,0,0.24,0,0.02,0,0,0,0,6.09,0,0.26,0,0.15,0.43,0.03
"Liberia",0,0,0,0,0,0,0,0,0,0,0,0,0,0,0,0,0,0,0,0,0,0,0,0.02,0,0,9,0,0,0,0.18,0.0028,0,0,0,0,0,0.0007,0,0,0,0,0,0,0,0,0,0,0,0,0,0,0,0,0,0,0,0,0,0,0,0,0,0,0
"Ethiopia",0.16,0.0012,0,0,0,0,0,0,0,0,0,0,9,0,9,0,0,0,0,0.03,0,0.25,0,0.0045,0,0,9,0,0.0004,0,0.23,0.0095,0.0011,0.0002,0.0003,0,0,0.0032,0.3599,0,0,0,0,0,0,0.0045,0,0,0,0,0,0.0025,0,0,0,0,0,0,0.0017,0,0,0,0,0.03,0.0005
"South Africa",18.18,1.31,0.07,0,0,0,0,0,0,0,0,0,0,0,0,1.39,0,0.02,0,9.37,0,53.15,9.05,2.12,0.78,0,9.54,0,0,0,1.18,0.04,0.33,0,1.7899,1.42,0,0.0161,0.02,0,0,0,0,0.02,0.0193,0,0.82,0.9,0.24,0,0.0025,0,0,0,0,0,0,0,0.16,0,6.11,0,0,0.33,0.1259
"Iran",0.63,0,0.0032,0,0,0,0,0,0,0,0,0,0,0,0,0,0,0,0,0,0,10.6,0,0.26,0.57,0,2.99,0,0,0,1.31,0.02,0.22,0,1.03,1.56,0,0.0093,0.0016,0,0,1.01,0,0,0,0,0.07,0.1058,0,0,0,0,0,0.6567,1.3,0,0,0.0301,0,0,2.29,0,0,0,0
"Turkey",3.67,0,0.01,0,0,0,0,0,0,0,0,0,0,0,0,9.65,0,0,0,0,0,1.06,0,0.19,1.39,0,0.62,0.33,1.13,0,0.1,0.13,0.1,0.19,0.35,0.35,0.0033,0,1.69,0.18,0.12,0.31,0.0079,0.002,0.0019,0,0.14,0.02,0.02,0,0,0,0.6567,0,0,0,0,0,0,0,0.8,0,0,0,0
"Iraq",0,0,0,0,0,0,0,0,0,0,0,0,0,0,0,0,0,0,0,0,0,5.38,0,0.19,0,0,0.42,0,0,0,0,0,0.0053,0,0,0,0,0.0001,0,0,0,0,0,0,0,0,0,0,0,0,0,0,1.3,0,0,0,0,0,0,0,0,0,0,0,0
"Saudi Arabia",0,0,0,0,0,0,0,0,0,0,0,0,0,0,0,0,0,0,0,0,0,0,0,0,0,0,9,0,0,0,0,0,0.0085,0,0,0,0,0,0,0,0,0,0,0,0,0,0,0,0,0,0,0,0,0,0,0,0,0,0,0,0,0,0,0,0
"Yemen Arab Republic",0,0,0,0,0,0,0,0,0,0,0,0,0,0,0,0,0,0,0,0,0,0,0,0,0,0,0,0,0,0,0,9,0,0,0,0,0,0,0,0,0,0,0,0,0,0,0,0,0,0,0,0,0,0,0,0,0,0,0,0,0,0,0,0,0
"Afghanistan",0,0,0,0,0,0,0,0,0,0,0,0,0,0,0,0,0,0,0,0,0,0,0,0.94,0,0,0.0099,0,0,0,0,0.0004,0,0,9,0,0,0,9,0,0,0,0,0,0,0,0,0,0,0,0,0,0.0301,0,0,0,0,0,0,0,0,0,0,0,0
"China",45.15,4.64,0.06,0,9.05,0,9.006,0.0097,9.0029,0,9.48,0,0,0.0038,0.0665,0.0566,0,9,0,3.65,9.0014,28.26,0,3.22,7.64,0,2.28,2.23,0.2,0,6.3055,0.59,0.42,9.17,0.8,3.21,9,0.0598,0.0099,0,0,3.71,0.01,0.008,0.0001,0.68,3.08,0.97,6.09,0,0.0017,0.16,0,0,0,0,0,0,0,0,29.3,0,0.42,1.45,0.18
"Mongolia",0,0,0,0,0,0,0,0,0,0,0,0,0,0,0,0,0,0,0,0,0,0,0,0,0,0,0,0,0,0,0,0,0,0,0,0,0,0,0,0,0,0,0,0,0,0,0,0,0,0,0,0,0,0,0,0,0,0,0,0,0,0,0,0,0
"Japan",31.27,9.17,0.84,0,0.38,0.217,0.26,0.19,0.04,0.14,0.68,0.6968,0.17,0.14,0.74,0.31,0,0.22,0.65,7.6,0.13,0.9,0,2.59,2.16,0,0.83,1.24,0.8,0.23,20.82,0.11,0.39,0,0.29,0,0,0.0696,0.4097,0.01,0.09,6.15,0,0,9.01,0.56,2.42,2.77,0.26,0,0,6.11,2.29,0.8,0,0,0,0,29.3,0,0,0,1.33,40.22,1.74
"Nepal",0,0,0,0,0,0,0,0,0,0,0,0,0,0,0,0,0,0,0,0,0,0,0,0,0,0,0,0,0,0,0,0,0,0,0,0,0,0,0,0,0,0,0,0,0,0,0,0,0,0,0,0,0,0,0,0,0,0,0,0,0,0,0,0,0
"Thailand",0.79,0.007,0.89,0,0,0,0,0,0,0,0,0,0,0,0,0,0,0,0,0,0,2.92,0,0.03,0.04,0,0.17,0.29,0,0,0.34,0.2086,0.0271,0,0.0017,0.04,0,0.0006,0,0,0,0,0,0,0,0,0,0.0064,0.15,0,0,0,0,0,0,0,0,0,0.42,0,1.33,0,0,0.227,0
"Australia",18.34,5.08,0.05,9,9.75,0,0,0,0,0,0,0,0,9.03,9.61,9.01,0,0.01,0,0.26,0,63.05,5.1633,0.51,10.58,0,23.03,0.97,0.26,0,18.3,3.32,2.78,9.02,1.05,10.16,0.0002,0.0137,0.49,0,0,0,0.0076,0.11,0.0299,0.26,1.97,1.14,0.43,0,0.03,0.33,0,0,0,0,0,0,1.45,0,40.22,0,0.227,0,2.38
"New Zealand",7.67,1.13,0.12,0.0007,0,0,0,0,0,0,0,0,0,0,0,0,0,0.0001,0,0.0094,0,70.79,0.0079,0.3,0.37,0,0.45,0,0,0,1.16,0.2,0.01,0,0.17,0.36,0.0003,0.0195,0.0033,0,0,0,0.001,0.0048,0.001,0,0,0.1146,0.03,0,0.0005,0.1259,0,0,0,0,0,0,0.18,0,1.74,0,0,2.38,0
