"","United States of America","Canada","Cuba","Haiti","Dominican Republic","Jamaica","Trinidad and Tobago","Barbados","Mexico","Guatemala","Honduras","El Salvador","Nicaragua","Costa Rica","Panama","Colombia","Venezuela","Guyana","Ecuador","Peru","Brazil","Bolivia","Paraguay","Chile","Argentina","Uruguay","United Kingdom","Ireland","Netherlands","Belgium","Luxembourg","France","Switzerland","Spain","Portugal","German Federal Republic","German Democratic Republic","Poland","Austria","Hungary","Czechoslovakia","Italy","Malta","Albania","Yugoslavia","Greece","Cyprus","Bulgaria","Romania","Russia","Finland","Sweden","Norway","Denmark","Iceland","Gambia","Mali","Senegal","Benin","Mauritania","Niger","Ivory Coast","Guinea","Burkina Faso","Liberia","Sierra Leone","Ghana","Togo","Cameroon","Nigeria","Gabon","Central African Republic","Chad","Congo","Democratic Republic of the Congo","Uganda","Kenya","Tanzania","Burundi","Rwanda","Somalia","Ethiopia","Zambia","Zimbabwe","Malawi","South Africa","Lesotho","Botswana","Madagascar","Morocco","Algeria","Tunisia","Libya","Sudan","Iran","Turkey","Iraq","Egypt","Syria","Lebanon","Jordan","Israel","Saudi Arabia","Yemen Arab Republic","Kuwait","Afghanistan","China","Mongolia","Taiwan","North Korea","South Korea","Japan","India","Pakistan","Myanmar","Sri Lanka","Maldives","Nepal","Thailand","Cambodia","Laos","Vietnam","Republic of Vietnam","Malaysia","Singapore","Philippines","Indonesia","Australia","New Zealand"
"United States of America",0,601.2998,0,0.785,86.52,29,112.5,10.5,201.8,2.4,22.7,23.5,50.1,4.6,23.46,58.6,419.3,5.1,25.18,31.5,1.11,24,2.875,45.9,95.7,13.4,86.9,3.5,563,42.8042,2.0958,444.1,62.4,430.2,8.7,0,16,37,13.9,7,6,245.2,1.7,0,118.8,76.2,6.3,1,24.41,12,7.6,102.3,39.6,4.6,0.3,0.244,0.7,6.2,0.621,2,1.6,51.1,2,1.4,13.4,9.7,9,0.4,24.9,60.2,6.8,10.5,3.6,3,24.4,57.4,7.6,6.3,15,1.3,2,35.7,36,1.7,0.64,116,9,0,15.9,45.8,58.3,38,11.2,9.9,48,70.1,25,192.4,17.8,64.3,29.2,137.6,18,0,65.3,1,0,4,110,9,160.7,562.3999,677.1,189.5,13.6,18.2,0,0,62.8,1.8,8,233.979,0,145,34,105.9,144.8,473.42,71.47
"Canada",601.2998,0,51.5,0.077,2.66,3,8.9,7,6.5,0.4,10.6,0.7,2,1.1,13.76,5.5,148.1,18.9,3.14,19.5,17.15,1.9,0.516,6.8,23.1,2.9,534.9,20.9,12.7,20.7824,1.0176,16.5,14.2,33.6,7.9,0,9.2,20.6,1.9,0.3,17.2,38.1,1.9,16,1.4,7.8,0.3,6.4,0.48,284.7,4.6,27.3,58.9,16.3,5.2,0.245,0,0,0.182,0.3,0,0.7,1.5,0,1,2,8.7,0.7,0.1,31.4,0.9,0,0.2,0,0.7,5.2,5.9,5.4,0,0.2,0,0,3,0.5,0.6,42.6,0,0,0.6,2.9,1.3,1.4,11,0.2,33.7,1.8,12.3,2.6,0,0.9,0.6,0,31.2,9,4.4,0,150,0,5.4,0,0.8,193.8,67.2,20.2,0.1,5.6,0,0,4.6,0.1,9,2.4,0,27.5,0,13.3,0.8,64.36,30.57
"Cuba",0,51.5,0,0.007,0,0,0,0,0.5,0,0,0,0,0,0,0,0,0,0,0,1.8,0,9,0,0,0.2,9.7,0.4,4.6,1.3347,0.0653,4.6,3.5,40.4,0.3,0,0,0,0,0,0,0.9,0,0,2.3,9.1,9,0,1.7,0,4.1,4.5,2.2,0.4,0,9,0,0,9,0,0,0,0,9,0,9,0,0.1,0,0,0,9,9,0.1,9,0,0,0,0,9,0,0,0,0,0,0,0,0,9,10.5,0.2,0,9,0,4.3,0,10.7,11,2,0,0,0,0,9,9,0,0,0,0,0,0,16,0,0.3,9,0,0,0,0,9,0,0,0,0,0,0,0,0,0
"Haiti",0.785,0.077,0.007,0,0.21,0.277,0.022,0.045,0.104,0,0.001,0.001,0.006,0.012,0,0.049,0.005,0,0,0.007,0.025,0,0,0.023,0.003,0,0.694,0.026,0.893,1.9543,0.0957,4.149,1.233,0.045,0.027,0,0,0.259,0.043,0.393,0.564,3.775,0,0,0.009,0,0,9.193,0.034,0,0.085,0.004,0.288,0.367,0,0,0,0.001,9,0,9,0,0,0,0,0,0,0,0,0,0,9,0,0,0.003,0,9,0.007,0,9,0,9.001,0,9,0,0.005,0,0,0.019,0.002,0,0,0,0,0,0.001,0,0.074,0.091,0.028,0.004,0.002,9,9,9,0,0.009,0,0,0,0,1.899,0.286,0,0,0,0,0,0,0,0,9,0,0,0.011,0.032,0.001,0.081,0.03
"Dominican Republic",86.52,2.66,0,0.21,0,0,0,0.2,0.7,0.1,0,0.2,0,0,0.11,0.4,2.6,0,0,0,0.1,0,0,0,0.2,0.2,4.54,0.2,3.16,1.1249,0.0551,0.16,0.36,0.98,0.23,0,0,0,0.02,0,0,1.29,0,9,0,0,0,0,0,0,0,0.26,0.27,0.85,0,0,0,9,9,0,0,9,0,0,0,9,0,9,0,0,0,0,0,0,9,0,0,9,0,0,0,9,0,0,9,0,0,0,0,0.2,0,0,0,9,1.1,0,0,0,9,0,0,0,0,0,9,0,0,9,0,0,0,9.71,0.5,0,0,0,0,0,0,0,9,9,0,0,0,0,0,0,0
"Jamaica",29,3,0,0.277,0,0,0.2,0.2,0.1,0.2,1.6,0.3,0.3,0,0.11,0,19.7,0.4,0,0.1,0.2,0,0,0,0.5,0.1,10.4,1.2,10.2,4.004,0.196,5.6,0.3,0.3,0.3,0,0,0,0.2,0,0,3.5,0,0,0.396,0,0,9,0,0,0.1,2.6,9.2,0.7,0,0,0,0,0,0,9,0,9,0,0,0,0.4,0,0,0,0,0,0,0,0,0,0,0,0,9,0,0,0,0,0,0,0,0,0,0,0,0,0,0,0,0,0,0,0,0,0,0,0,0,0,0,0,0,0,0,0,4.7,0.7,0.1,0,0,0,9,0,0,0,0,0,1.2,0,0,0,5.03,6.2
"Trinidad and Tobago",112.5,8.9,0,0.022,0,0.2,0,3.4,0.2,0.1,0.2,0,0.6,0.7,0.11,21.6,137,6.2,0.05,0.1,2.19,0,0,0.6,1.8,0,14.3,1.3,1,2.9553,0.1447,1.7,0.2,0,0.2,0,0,9,0.1,9,9,0.8,0,0,0,0,0,0,0,9,0,20.8,0.3,1.1,0,0,9,0,0,0,0.1,0.1,0,0,0,0.4,0,0,0,0,0,0,0,0.1,0,0,0,0,9,0,0,0,0,0,0,0.1,0,0,0,0,0,0,1.2,0,0,0,0,0,0,0,0,0.1,60.5,9,0,9,0,0,0,9,0,5.3,1.3,0,0,0,0,0,0,0,0,0,0,0,0,0,0,4.99,6.1
"Barbados",10.5,7,0,0.045,0.2,0.2,3.4,0,0,0,0.2,0,0,0,0,0.1,5.4,1.4,0,0,0.3,0,0.1,0,1.6,0.1,4.5,1.1,1.9,0.3813,0.0187,1,0.3,0,0.1,0,0,9,0,9,9.1,0.6,0,0,0,0,0,0,0,0,0,0.1,0.4,0.8,0,0,0,0,0,0,0,0,0,0,0,0,0,0,0,0,9,0,0,0,0,0,0,0,9,0,0,0,0,0,0,0,0,0,0,0,0,0,0,0,0,0,0,0,0,0,9,0,0,9,0,9,0,0,0,9,0,1.3,0.4,0,0,0,9,0,0,0,0,0,0,0,0,0,0,0.9,1.7
"Mexico",201.8,6.5,0.5,0.104,0.7,0.1,0.2,0,0,4.7,1.2,4.1,2.8,3.7,7.04,9,7.6,0,0.71,3.9,8.88,0.3,0.007,11.2,2.5,1.2,17.7,0.1,8.5,9.2472,0.4528,35.9,21.3,5.4,5.8,0,0.3,6.2,1.6,1,2.4,30.1,0.1,0,0,0.1,0,0,0.02,0.4,2.9,34.1,0.6,2.8,0,0,9,0,0,0,0.1,0,0,9,0.3,0,0,0,0,0.1,0,0,9,0,0,0,0,0,0,9,0,0,0,0,9,0.2,0,0,9,0.1,0,0.8,0.1,0,0,0.2,0,18.5,9,0.5,0,0.5,0.4,9,0.2,0,0.1,0,2,9,0.8,132.1,0.1,0.2,0.1,2.7,0,9,3,9,0,9.1,0,5.2,0,8.2,0,10.08,0.6
"Guatemala",2.4,0.4,0,0,0.1,0.2,0.1,0,4.7,0,5.8,3.7,6.8,5.1,0.12,0.8,7.3,0,0.03,0.1,0.4,0,0,0,0.2,0,8.1,0.4,0.3,1.0487,0.0513,2.3,4.4,5.2,5.2,0,0,0,2,0,0,3.7,0,9,0,0,0,0,0,0,3.6,2.4,1.2,0.3,0,0,0,9,0,9,0,0,0,0,0,0,0,9,0,0,9,0,0,9,0,9,0,0,9,0,0,0.1,0,0,0,2.7,9,0,0,0.1,0,0,0,1.3,0.1,0,9,0,0,0.1,3.5,0.2,0.7,0,1.3,9,0,9,1.9,0,0,7.3,0,0.3,9,0.1,0,0,0.6,0,0,0,0,0.2,0.3,0.2,0.1,0.1,0
"Honduras",22.7,10.6,0,0.001,0,1.6,0.2,0.2,1.2,5.8,0,3,0.7,2.9,0.25,0.5,1,0,0.09,0.1,0.2,0,0,0,0.1,0.1,3.7,0.3,2.2,1.43,0.07,0.3,5.9,0.3,0,0,0.1,0.3,3.2,0.4,0.4,3.6,0,0,0,0,0,0,0,0,0.2,0.8,1.2,0.8,0,0,9,0,0,0,0,9,0,0,0,9,0,0,0,0,0,9,0,0,0,9,0,9,9,0,0,9,0,0,0,0.1,0,0,0,0,0,0,0,0,0,0,0,0,0,0,0.1,0,0,9,9,0,0,9,0,0,0,0.9,0.4,0,0,0.1,0,0,0,0,0,9,0,0.1,0,0,0,0.1,0
"El Salvador",23.5,0.7,0,0.001,0.2,0.3,0,0,4.1,3.7,3,0,4.4,1.7,3.08,0.7,8.9,0,0.09,0,0.1,0,0,0.2,0.1,0,7.7,0,7.2,4.8619,0.2381,2.5,0.6,0.1,0,0,0,0,0.8,0,0,1.6,0,0,0,0,0,0,0,0,1.2,3,0.3,1.8,0,0,0,0,0,0,0,9,0,0,0,0,0,0,0,0,0,0,0,0,0,0,0,0,0,9,0,0,0,0,0,0.1,0,0,0,0.1,0,0,0,0,0,0,0,0,0,0,0,0,0,9,0,0,0.1,0,0.1,0,0,8,0,0,0,0,0,0,0,0,0,0,0,0,0,0,0,0.1,0
"Nicaragua",50.1,2,0,0.006,0,0.3,0.6,0,2.8,6.8,0.7,4.4,0,6.1,4.47,0.7,5,0,0.07,0.1,0.1,0,0,0,0.2,0,4.7,0,1.5,4.9573,0.2427,0,0.8,0.1,8.4,0,0,0,0.7,0,0,1.8,0,9,0,0.1,0,0,0,0,0,0.4,0,0.3,0,0,0,0,9,0,0,0,0,0,0,0,0,0,0,0,0,0,0,9,0,0,0,0,0,0,0,0,0,0,0,0.1,0,0,0,0,0,0,0,0,0,0,0,0,0,0.1,0,0.2,0,9,0,0,0,0,1.6,0,0,37.4,0.7,0.2,0,0.1,0,0,0.5,0,0,0,0,0,0,0.1,0,0.1,0
"Costa Rica",4.6,1.1,0,0.012,0,0,0.7,0,3.7,5.1,2.9,1.7,6.1,0,0.93,1,2,0,0.04,2.5,0.1,0,0,0,0.1,0,7.6,0,0.1,0.6673,0.0327,2.1,1.4,0.1,0.1,0,0.2,0.5,1.2,0,0.2,0.8,0,0,0,0,0,0,0,0,2.6,3.1,0.1,0.4,0,0,0,0,0,0,0,0,0,0,0,0,0,0,0,0,0,0,0,9,0,9,0,0,9,0,0,0,0,0,9,0.5,9,0,0,0,0,0,0,0,0,0,0,0,0,0,0,0.3,0.2,9,0,9,0,9,0,0,0,14.3,0,0,0,0,0,0,0,9,9,9,0,0.4,0,0.1,0,0.3,0
"Panama",23.46,13.76,0,0,0.11,0.11,0.11,0,7.04,0.12,0.25,3.08,4.47,0.93,0,10.42,47.56,0,0,0.38,0.66,1.9,0,3.37,1.97,0.09,2.28,1.1,2.15,1.2489,0.0611,0.5,1.47,0.29,0.11,0,0.11,0.33,0.18,0.11,0.33,0.86,0,9,0.2,0.1,0,0,0,0,0.28,1.32,0.47,6.37,0.1,0,0,0,0,0,0,0,0,0,9,0,0,0,0,0,0,0,0,0,0,0,0,9,0,9,9,0,0,0,0,0.55,0,0,9,0,0,0,0,0,1.1,0,0,0.4,0,0,0,0.19,0,0,0,0,0,0,0.11,0,0.5,2.77,0.33,0,0,0,0,0,0.1,0,9,0,0,0,0,0.51,0,0.44,0.38
"Colombia",58.6,5.5,0,0.049,0.4,0,21.6,0.1,9,0.8,0.5,0.7,0.7,1,10.42,0,1.6,0,0.03,2.5,6.31,0.2,0.115,2.6,3,6.5,7.2,0.1,1.2,5.7199,0.2801,3.3,10.7,13.3,0.3,0,1,2.5,1.3,1.7,0.5,5.2,0,0,0.5,0,0,0,0,0,0.4,13.1,5.6,0.2,0,0,0,0,0,9,0,0,0,0,0,0,0,0,0,0,0,0,0,0,0,0,0,0,0,9,0,0,0,0,9,1.2,9,9,0,0.2,0,0,0,0,0,0,0,0,0,0,0,1,0,9,0,9,0,9,0,0,0,13.9,1.1,0,0,0,9,0,0,0,9,0,0,2,0.9,0.2,0,0.2,0
"Venezuela",419.3,148.1,0,0.005,2.6,19.7,137,5.4,7.6,7.3,1,8.9,5,2,47.56,1.6,0,0.3,2.13,1.4,71.65,0.1,0.471,23.4,20.2,11.2,90.8,1.5,0.1,2.86,0.14,3,26.9,23.8,2.8,0,1.1,2.4,4.7,0.2,4.7,42.2,0,9,0.5,0.5,0.1,0,0,0,0.7,38.4,21.6,8.3,0,0,0.2,0.2,0.44,0,1.3,1,0,9.1,0.3,0.7,0.1,0.4,0.3,0.4,0.2,0.9,9.5,0.4,0.6,0,0,0,0,0,0,0,0.1,0,0,0.9,0,0,0,0.2,0,0,0.3,0.3,0.3,0.1,0,0.3,0,0.1,0,0.5,0.3,9,0,0,0.6,0,1.4,0,1.2,44.9,0.2,0,0,0.1,0,0,0,0,0,1.4,0,1.5,7.4,7.5,3.2,1.17,1.23
"Guyana",5.1,18.9,0,0,0,0.4,6.2,1.4,0,0,0,0,0,0,0,0,0.3,0,0,0.1,0,0,0,0,0.5,0,21.4,2.6,3.6,0.9533,0.0467,1.1,2.9,1.9,0.2,0,0,0.3,0,9,0.6,0.9,0,0,0.2,0,0,0,0,0.7,0.1,0.1,5.9,0.5,0,0,9,0,0,0,0,2.5,0,9,0,0,0,9,0,0,0,0,0,0,0,0,0,0,9,0,0,0,0,0.1,0,0,0,0,0,0.1,0,0,0,0,0,0,0.6,0,0,0,0,0,0,0,0,9,0.9,0,0,0,0,2.4,0.7,0.3,0,0,0,0,0,0,0,0,0,0,0,0,0,0.84,0
"Ecuador",25.18,3.14,0,0,0,0,0.05,0,0.71,0.03,0.09,0.09,0.07,0.04,0,0.03,2.13,0,0,4.84,0.2,0.19,0.008,3.9,2.53,0.02,8.66,0.08,2.22,1.735,0.085,2.61,0.5,0.29,0.34,0,0.33,0.19,4.46,0.85,0.68,11.87,0,9.01,0.02,0.05,0,0,0,0,0.22,1.11,0.41,0.59,0.2,9,9,0,9,0,0,0,0,0,0.02,0,0,0,0,9,0,9,0,0,9.01,9,0,9,0,9,9,0,0,0,9,1.9,0,0,9.02,0.01,0,0,0,0.01,0.07,0.02,0,0,0.02,0,0,0.05,0.25,0,0,0,0.26,0,0.02,9,0,0.12,2.26,0.04,0,0.17,0,9,0,0,9,0,0,0.02,0.04,0,0.45,0.35,0.54
"Peru",31.5,19.5,0,0.007,0,0.1,0.1,0,3.9,0.1,0.1,0,0.1,2.5,0.38,2.5,1.4,0.1,4.84,0,3.03,1.2,0.397,9.2,37.9,0.3,10.3,1.4,3.8,13.1559,0.6441,14.2,3.7,18.4,1.1,0,10.7,6,4,0.2,1.5,5,0.5,0,6.8,0.5,0.1,2.3,0.5,0,0.1,7.9,2.3,2.1,0,0,0,0,0,0,0,0,0,0,0,0,0.1,0,0,0,0.1,0,0,0,0,0,0,0,0,9,9,0,0,0,0,0.4,0,9,0,0.1,0,0,0,0.1,0.2,0,0,0,0.2,0.6,0.1,0.2,0,0,0.1,0,0.7,0,0.2,0,0.6,64.7,3.2,3.4,0,1.1,0,0,0,0,0,9,0,0.5,0.5,0.1,1.1,3.06,5.5
"Brazil",1.11,17.15,1.8,0.025,0.1,0.2,2.19,0.3,8.88,0.4,0.2,0.1,0.1,0.1,0.66,6.31,71.65,0,0.2,3.03,0,1.15,1.382,7.66,3.4,11.96,39.46,1.96,31.7,17.7127,0.8673,43.39,10.49,14.87,2.89,0,8.14,3.53,14.65,11.31,6.36,83.13,0.1,9,10.4,9.23,0.9,7.84,1.63,8.66,14.4,28.5,8.92,27.41,0.71,0,0,1.5,0.027,0,0,1.8,0.3,9,0,0.1,0.2,0,0,5.62,0.88,0,9,0,0.81,0,0,0,0,0,0,0,3.12,0.11,0,10.52,0,9,0.1,0.88,2.08,4.49,0,1.7,1.99,1.98,27.12,1.7,3.1,3.3,0.6,0.63,31.68,0,18.7,0,1.1,9,1.7,0,0.6,11.75,5.7,0.4,0,0,0,0,0.8,0,0,0.5,0,2.42,1.05,0.2,0,3.74,0.1
"Bolivia",24,1.9,0,0,0,0,0,0,0.3,0,0,0,0,0,1.9,0.2,0.1,0,0.19,1.2,1.15,0,0.084,1.1,6.9,0.2,56.1,0,3.1,0.3813,0.0187,1,2.5,0.4,0.3,0,0.1,0.2,0.5,9.1,1.7,3.1,0,0,0.1,0,0,9,0,0,0.1,1.6,0.2,1,0,0,0,9,0,0,0,0,9,0,0,9,0,0,0,9,0,9,0,0,0,0,0,9,0,0,0,0,0,9,0,0.4,9,9,9,0.1,0,0,0,0,0,0,0,0,0,0,0,0.1,0,9,0,9,0,0,0.1,0,0,10.1,0,0,0,0.3,0,0,0,0,9,0,0,0,0,0,0,0.1,0
"Paraguay",2.875,0.516,9,0,0,0,0,0.1,0.007,0,0,0,0,0,0,0.115,0.471,0,0.008,0.397,1.382,0.084,0,1.385,6.473,3.423,1.335,0.002,1.326,0.8008,0.0392,1.454,0.772,1.404,0.021,0,9,9,0.163,9,9,0.166,0,0,0.024,0.095,0,0,9,9,0.029,1.675,0.068,0.101,0,0,10.3,0,0,0,0,0,0,9,9,0,0.2,0,0,0,0,0,0,0,0,0,9,0,9,0,0,0,9,9,0,0.009,0,0,0,0,0.791,0.026,0,0,0,0.001,9,0.002,9,9.001,0,0.01,0,0,0,0,0,0,0.191,9,0.008,2.626,0.47,0.018,9,0.004,0,0,0,0,9,0,0,0,0,0.002,0,0,0
"Chile",45.9,6.8,0,0.023,0,0,0.6,0,11.2,0,0,0.2,0,0,3.37,2.6,23.4,0,3.9,9.2,7.66,1.1,1.385,0,32.8,4.7,82.4,0.3,1.6,11.1539,0.5461,20.9,6.6,4.9,0.2,0,0,2.7,0.8,0.4,1.9,25.6,0,0,7.2,0.8,0,0.01,0,0.2,1.2,27.5,1.5,5,0,0,0,0,9,0,0,0,0,9,0,0,0,9,0,9,0,0,0,0,0,0,0,0,0,9,0,0,0,0,0,0,0,0,0,0,0,0,0,0,0.6,0,0,0.09,0,0.4,0,0,0,9,0,0,1,0,0.1,0,0,132.1,1.4,2.9,0,0,0,0,0,0,0,9,0,1.83,0,0.1,0,1.17,0
"Argentina",95.7,23.1,0,0.003,0.2,0.5,1.8,1.6,2.5,0.2,0.1,0.1,0.2,0.1,1.97,3,20.2,0.5,2.53,37.9,3.4,6.9,6.473,32.8,0,6.8,131.5,7.2,56.8,63.7773,3.1227,43,4.1,99.5,2.5,0,2.8,17.8,3.9,12.7,4.7,219.9,0.3,9.1,11,15.2,0.1,2.4,3.18,69.9,16.7,10.7,5,6.3,0.1,0.003,0,0,0.006,0.1,0,0.7,0.1,0,0,0.3,0.3,0,0,22.2,0,0,0,0,0.4,0.1,0.4,0.2,0,0,0.1,0,0.6,0.1,0,2.8,0,0,0,0.1,5.1,0,0.6,0.1,8.4,0.2,8.5,0.5,1,0.5,0.1,15.2,1.3,0,1.3,9,83.6,0.1,0.5,1.1,0.2,21.4,2.8,4.7,0,0.1,0,0,0.1,0,9,9.1,0,11.1,6.8,4.3,0,0.19,0.2
"Uruguay",13.4,2.9,0.2,0,0.2,0.1,0,0.1,1.2,0,0.1,0,0,0,0.09,6.5,11.2,0,0.02,0.3,11.96,0.2,3.423,4.7,6.8,0,26.6,0.1,8.1,3.6226,0.1774,10.7,2.2,9.9,0.7,0,0.3,5.5,4.6,0.9,0.7,15,0,0,1.8,6.3,0.1,0,0,5.8,0.7,0.9,0.1,0.6,0,0,9,0,9,9,0,0,0,9,0,0,0.1,0,0,0,0,0,0,0,0,0.1,0,0,9,0,9,9,0,0,9,0.8,0,0,0,0.2,0.6,1,0,0,0,0.2,0.6,0.9,9,0,0,1.7,1.4,9,17.1,9,0.2,9,0.1,0,0,2.2,2,2.2,9,0.3,0,9,0,0,0,9,0,1.6,0.1,0.3,0,0.7,0.1
"United Kingdom",86.9,534.9,9.7,0.694,4.54,10.4,14.3,4.5,17.7,8.1,3.7,7.7,4.7,7.6,2.28,7.2,90.8,21.4,8.66,10.3,39.46,56.1,1.335,82.4,131.5,26.6,0,20.2,326.7,154.2477,7.5523,9.2,20.1,111,7.4,0,8.1,48.7,55.6,8.8,2.5,62.8,33.6,0,49.1,88.2,14.1,3.4,7.69,210.7,105.4,92.4,6.6,75.4,3.1,1.653,0.4,2.1,0.947,18,1.1,6.7,0.2,0.5,9.4,26.3,49.4,3,4.7,102.1,0,0.8,0.2,5.2,17.3,12.2,50.3,8.5,0.2,0.8,3.3,9.9,147.8,4.4,0.29,60,0,0,1.5,16.1,53.7,3.8,108.8,32.5,10.1,30.9,118.1,28.5,14.8,29.5,21,82.4,77.9,0,185.8,14.3,1.1,0.1,1.5,0.4,2.6,1.7,100.8,46.5,4.8,30.4,9,0.7,56.3,3.9,1.9,9.3,0,51.9,67.7,32.2,0.9,301.94,112.61
"Ireland",3.5,20.9,0.4,0.026,0.2,1.2,1.3,1.1,0.1,0.4,0.3,0,0,0,1.1,0.1,1.5,2.6,0.08,1.4,1.96,0,0.002,0.3,7.2,0.1,20.2,0,13.9,2.574,0.126,0,1.3,3.5,0.9,0,2.9,6.9,0.6,0.3,0.6,10.7,0.5,0,1.1,0.3,0.9,0.1,0.2,3.9,14.3,11.2,3,8,1.1,0,0.6,1.6,0,0.1,0,0.6,0.1,0,4.6,0.1,4,0.1,0.2,0.6,0,0,0,0,0.3,0.6,0.9,0.9,0,0,0,0,0.1,0.1,0.5,4.4,9,0,0,5.1,0.6,1.4,0.1,0.8,5.7,0.8,19.6,1,0.1,0.4,0,3.6,3.3,9,0.1,0,2,0,0.1,0,0,7.3,8.3,3.6,0.3,1.8,0,9,1.1,0.1,9,0.9,0,2.1,0.1,2,0.7,12.07,1.1
"Netherlands",563,12.7,4.6,0.893,3.16,10.2,1,1.9,8.5,0.3,2.2,7.2,1.5,0.1,2.15,1.2,0.1,3.6,2.22,3.8,31.7,3.1,1.326,1.6,56.8,8.1,326.7,13.9,0,450.6356,22.0641,102.9,3.9,75.5,14.9,0,10.4,3.9,5.8,2.5,8.9,16.2,4.8,0.2,11.7,29.8,1.9,15.6,13.43,23.2,33.8,40.2,59.9,76.1,2.4,0.433,0.1,4.7,1.66,4.2,1.1,4,0.8,0.7,5.9,4.2,4.4,3.9,15,20.7,0.2,0.4,0.7,1.4,1.1,0.6,3.6,0.9,0.3,0.4,0.8,13.4,0.8,0.6,1.9,48,9,9,2,0.7,0.8,0.9,76.4,1.7,27.2,3.8,2,11.6,56.2,8.9,5,24.4,68.1,0.3,95.4,1,14.1,0,0.2,0.3,0.8,9.5,31,6.6,4.6,7.3,0,1.2,10.3,1.2,9.1,3.1,0,9.9,12.3,4.8,72,36.87,4.04
"Belgium",42.8042,20.7824,1.3347,1.9543,1.1249,4.004,2.9553,0.3813,9.2472,1.0487,1.43,4.8619,4.9573,0.6673,1.2489,5.7199,2.86,0.9533,1.735,13.1559,17.7127,0.3813,0.8008,11.1539,63.7773,3.6226,154.2477,2.574,450.6356,0,0,75.6939,34.5103,49.8588,16.1112,142.903,2.288,0,13.6325,2.288,5.0526,60.4407,0.7627,0.0953,7.1499,33.843,3.0506,4.4806,5.3291,32.5083,16.7785,24.691,21.4498,45.7595,0.0953,0.1239,0.858,2.86,1.0773,7.6266,1.0487,0.572,0.1907,1.8113,14.2045,0.6673,2.7646,1.716,0.1907,9.0566,0.1907,0.286,0.858,0.4767,186.756,0.1907,6.6733,1.6206,2.288,2.3833,0.0953,1.6206,4.6713,0.3813,0.0953,53.3861,0,9,0.9533,9.9146,3.3366,7.1499,33.6523,1.144,47.2848,12.9652,6.1966,0.572,0.4767,10.3912,3.3366,2.288,8.4846,0.0953,42.9949,0.0953,4.6713,11.574,1.8113,0.1907,0.286,10.9632,3.0506,17.5411,0.858,2.574,9,0.7627,0.1907,0.1907,0,0,0,1.9066,4.8619,3.9086,12.8699,34.5961,22.6319
"Luxembourg",2.0958,1.0176,0.0653,0.0957,0.0551,0.196,0.1447,0.0187,0.4528,0.0513,0.07,0.2381,0.2427,0.0327,0.0611,0.2801,0.14,0.0467,0.085,0.6441,0.8673,0.0187,0.0392,0.5461,3.1227,0.1774,7.5523,0.126,22.0641,0,0,3.7061,1.6897,2.4412,0.7888,6.9969,0.112,0,0.6675,0.112,0.2474,2.9593,0.0373,0.0047,0.3501,1.657,0.1494,0.2194,0.2609,1.5917,0.8215,1.2089,1.0502,2.2405,0.0047,0.0061,0.042,0.14,0.0527,0.3734,0.0513,0.028,0.0093,0.0887,0.6955,0.0327,0.1354,0.084,0.0093,0.4434,0.0093,0.014,0.042,0.0233,9.144,0.0093,0.3267,0.0794,0.112,0.1167,0.0047,0.0794,0.2287,0.0187,0.0047,2.6139,0,9,0.0467,0.4854,0.1634,0.3501,1.6477,0.056,2.3152,0.6348,0.3034,0.028,0.0233,0.5088,0.1634,0.112,0.4154,0.0047,2.1051,0.0047,0.2287,9.126,0.0887,0.0093,0.014,0.5368,0.1494,0.8589,0.042,0.126,9,0.0373,0.0093,0.0093,0,0,0,0.0934,0.2381,0.1914,0.6301,1.6939,1.1081
"France",444.1,16.5,4.6,4.149,0.16,5.6,1.7,1,35.9,2.3,0.3,2.5,0,2.1,0.5,3.3,3,1.1,2.61,14.2,43.39,1,1.454,20.9,43,10.7,9.2,0,102.9,75.6939,3.7061,0,273.8,226.8,42.6,0,36.5,25.8,54.6,1.1,35,83.8,3.2,0.2,17.2,52.5,4.5,30.8,20.09,96,6,62.5,20.4,39.1,1.4,0.422,6.7,37.5,8.514,5.1,0.2,3.5,8.4,13.9,7.8,7.2,10.3,3.3,7.9,32.7,23.2,8.9,3.4,35.7,41.6,2.6,6,3.9,0.7,0.1,0.2,1.2,62.4,2.8,0.7,9.8,0,0,42.9,40.9,124.5,25.2,109.7,8.2,61.6,7.5,179.6,37.7,8,36.7,4.1,19.7,36.9,0.2,132.1,0,38.6,0.8,1.8,6.8,7.2,13.8,8.5,17.1,1.3,2.2,0,0.1,3.1,19.5,1.9,11.9,0,36.9,0,2.5,16.1,53.82,61.76
"Switzerland",62.4,14.2,3.5,1.233,0.36,0.3,0.2,0.3,21.3,4.4,5.9,0.6,0.8,1.4,1.47,10.7,26.9,2.9,0.5,3.7,10.49,2.5,0.772,6.6,4.1,2.2,20.1,1.3,3.9,34.5103,1.6897,273.8,0,65.7,26.1,0,4.3,4.4,12.6,3.3,3,191.9,0.4,0.1,13.5,13.9,1,7,11.61,1.5,33.4,9.8,25.6,42.3,1.2,0.683,0.1,0.2,0.064,0.1,0,0,2.2,0,0.8,0.3,1.2,0.3,0.6,11.3,0.3,0.1,0.1,1.1,0.8,0,0.3,0.3,0,0.3,0.1,0.9,8.1,1.91,0,44.7,0,0,0.2,2.1,12.9,0.4,7.8,0.6,10.3,9.6,8.6,11.9,5.1,6.7,1.6,15,1.2,0.1,9.2,0.2,5.3,0.3,1.2,0.2,1.3,14,16.2,12.1,0.3,0.2,9,0,10.3,0.3,0.5,2.1,0,0.4,9,2,5.2,42.24,7.71
"Spain",430.2,33.6,40.4,0.045,0.98,0.3,0,0,5.4,5.2,0.3,0.1,0.1,0.1,0.29,13.3,23.8,1.9,0.29,18.4,14.87,0.4,1.404,4.9,99.5,9.9,111,3.5,75.5,49.8588,2.4412,226.8,65.7,0,7.3,0,4.5,2.5,11,4,1.3,164.7,1,0,1.7,5.1,8.2,1.6,2.22,1,12.3,59.5,6.1,16,3.1,0.328,0.1,0.2,0.156,0.3,0.1,5,4.8,0.1,0.5,0.4,1.4,0.5,3.6,2.8,0.5,0.4,0.2,0.1,3.3,4.9,2.1,2.6,0.1,0,0,1.3,8.6,2.3,1,21.4,0,0,1.2,18,6.6,1,38.6,3,1.8,15,42.1,22.7,0.4,3.1,0,9,119.8,0.1,29.4,0.1,3.6,0,0.6,0,0.1,10.4,2.4,7.1,1.3,2.5,0,0,2.9,1.4,9,1.4,0,19.8,1.3,5.7,0.8,9.37,5.1
"Portugal",8.7,7.9,0.3,0.027,0.23,0.3,0.2,0.1,5.8,5.2,0,0,8.4,0.1,0.11,0.3,2.8,0.2,0.34,1.1,2.89,0.3,0.021,0.2,2.5,0.7,7.4,0.9,14.9,16.1112,0.7888,42.6,26.1,7.3,0,0,0.4,3.5,1,0.1,0.2,34.6,0.07,0,0.1,4.9,2,0,0.35,0,0.7,11.5,1.5,6.1,3.6,3.982,0,5.7,0,0,1.6,0.1,0,0,0,0,0,0,0,8.1,0,0.4,0.1,0,2,0,0,0,0,0,0,0,2.1,0.9,0.1,1.5,9,0,0.1,1.5,0,0,0,0,2,8,22.8,1,0.4,1.7,0.7,0.6,0.7,0,0.2,0,0.2,0,0,0,0.1,2.3,0.2,0.6,0,0.1,0,9,1.8,0,9,5.5,0,2.2,0.2,0.9,0.1,0.67,2.7
"German Federal Republic",0,0,0,0,0,0,0,0,0,0,0,0,0,0,0,0,0,0,0,0,0,0,0,0,0,0,0,0,0,142.903,6.9969,0,0,0,0,0,0,0,0,0,0,0,0,0,0,0,0,0,0,0,0,0,0,0,0,0,0,0,0,0,0,0,0,0,0,0,0,0,0,0,0,0,0,0,0,0,0,0,0,0,0,0,0,0,0,0,0,0,0,0,0,0,0,0,0,0,0,0,0,0,0,0,0,0,0,0,0,0,0,0,0,0,0,0,0,0,0,0,0,0,0,0,0,0,0,0,0,0,0
"German Democratic Republic",16,9.2,0,0,0,0,0,0,0.3,0,0.1,0,0,0.2,0.11,1,1.1,0,0.33,10.7,8.14,0.1,9,0,2.8,0.3,8.1,2.9,10.4,2.288,0.112,36.5,4.3,4.5,0.4,0,0,0,5.3,0,0,4.7,0.2,0,23.5,0.2,0.3,0,26.09,0,0.2,8.4,1.9,5.7,0.5,0.576,0,0,0.187,0,0.1,0.1,0,9,9,1.6,1.3,0,0.4,1.2,0,0,0.1,0,0,0.4,0.4,0.4,0,0,9,0.1,0,1.1,9,0,0,0,0,3.5,0.1,0.2,0.8,0.5,0.9,1.9,2.7,14.2,3.3,2.7,1.1,0.4,0,0,9.4,9,0,0,0,0,0,0.9,2.2,0,1.3,2.9,0,0,0.4,0.5,0,0,0,0,0,0,0,1.85,0
"Poland",37,20.6,0,0.259,0,0,9,9,6.2,0,0.3,0,0,0.5,0.33,2.5,2.4,0.3,0.19,6,3.53,0.2,9,2.7,17.8,5.5,48.7,6.9,3.9,0,0,25.8,4.4,2.5,3.5,0,0,0,7,0,0,0.6,0.3,0,15.9,3.6,0.2,0,6.69,0,7,12.4,1.7,7.4,0.3,0.118,9.7,0,0.198,0,9,0.7,0,9,1.3,9.9,2.3,0.2,0.1,0,0.3,0,9,0.4,0,4.1,0.6,1.5,0,0,0,0.8,2.5,0,0,0,0,0,0.2,0.8,1.3,0.6,3.9,1.2,3.8,2.9,15.9,3,0.4,3.5,1.5,3.3,1.6,9,10.9,9.1,0,0,0,0,0,0.8,4.6,0.5,1.1,1.5,0,0,1.9,0.9,0,0,0,0,0,0,0,18.9,2.3
"Austria",13.9,1.9,0,0.043,0.02,0.2,0.1,0,1.6,2,3.2,0.8,0.7,1.2,0.18,1.3,4.7,0,4.46,4,14.65,0.5,0.163,0.8,3.9,4.6,55.6,0.6,5.8,13.6325,0.6675,54.6,12.6,11,1,0,5.3,7,0,1.1,8.9,5.7,0.7,0.3,6.6,16.3,1.2,8.3,16.92,10.5,8.9,17.4,7.1,1.1,0.2,0.094,0,0.3,0.084,0,0,0.4,5,0,0.1,0.1,3.4,0,0.2,4.5,0.8,0.6,0,0.1,0.4,0.2,0.3,0.5,0,0,0.1,1.5,1.1,0.27,0.2,1,0,9,0.2,2.9,0.8,1.9,2.2,0.9,7.3,0.1,4.1,1.4,2.4,5.4,1.4,2,3,0,1.5,1,4.5,0.1,0.3,0,1.5,5.7,3,0.6,0.1,1.2,0,0,2.2,0.5,9,0.7,0,1.7,0.8,2.9,0.2,0.82,0.1
"Hungary",7,0.3,0,0.393,0,0,9,9,1,0,0.4,0,0,0,0.11,1.7,0.2,9,0.85,0.2,11.31,9.1,9,0.4,12.7,0.9,8.8,0.3,2.5,2.288,0.112,1.1,3.3,4,0.1,0,0,0,1.1,0,0,23.3,0.5,0,5.6,0.7,0.1,0,1.09,0,0,2.6,2.1,2.2,0.1,0.355,0,0,9.026,0.2,0,0.2,0,9,0,10.8,0.5,0.1,0.1,0.2,0.2,0,0,0.3,0,0.2,0.4,0.1,0,0,0,0.8,2.9,0,9,0,0,0,0.4,4.9,0,0,2.2,0.4,1.5,1.9,3.7,4.3,0.6,3.5,1.1,1.4,0,9,10.9,9,0,0,0,0,0,2.1,0.1,0.8,0.2,0,0,0,0.1,9.1,0,0,0,0,0,9,0,1.06,0
"Czechoslovakia",6,17.2,0,0.564,0,0,9,9.1,2.4,0,0.4,0,0,0.2,0.33,0.5,4.7,0.6,0.68,1.5,6.36,1.7,9,1.9,4.7,0.7,2.5,0.6,8.9,5.0526,0.2474,35,3,1.3,0.2,0,0,0,8.9,0,0,11.6,1.3,0,25.5,5.8,0.5,0,15.66,0,1.3,1.2,4.2,6.9,1.3,0.425,0.6,0,9.068,0,0,0.1,0,9,0,10.5,0.2,9.3,0.5,4.2,0,0,9.3,0.2,0.2,0.9,0.4,0.9,0,0,9,2.8,2.2,0,9,0,0,0,0.4,4.2,1.7,1,3.9,0.4,0.3,0.8,7.7,28.4,4.9,9.1,3.3,0.3,2.3,0,11.6,11.1,0,0,0,0,0,2.6,9.8,2.5,3.2,2.3,0,0,1,2.4,0,0,0,0,0,0,0,0.87,2
"Italy",245.2,38.1,0.9,3.775,1.29,3.5,0.8,0.6,30.1,3.7,3.6,1.6,1.8,0.8,0.86,5.2,42.2,0.9,11.87,5,83.13,3.1,0.166,25.6,219.9,15,62.8,10.7,16.2,60.4407,2.9593,83.8,191.9,164.7,34.6,0,4.7,0.6,5.7,23.3,11.6,0,13.9,6.2,5.4,100.9,10.7,8.6,28.14,99.9,6.8,1.8,0.7,19.9,4.3,2.412,0.3,2,0.288,13.3,0.5,28.6,0.7,0.3,13,1,0.3,1.8,5,4.8,0.1,0.7,0.5,2.9,35.8,1.4,6.3,3.9,0.1,0.2,6.6,18.9,47,2.9,0.7,8.6,0,9,0.5,11.5,16.4,3.5,1.9,17.8,40.5,8.4,100.6,9.6,11.9,35.8,6.5,19.9,211.2,0.5,304,0.6,6.3,0,1.5,0,14.6,25.1,24.5,28,0.7,1,0,9,0.3,0.2,0,16.8,0,34.6,5.7,2.3,14.9,84.49,17.59
"Malta",1.7,1.9,0,0,0,0,0,0,0.1,0,0,0,0,0,0,0,0,0,0,0.5,0.1,0,0,0,0.3,0,33.6,0.5,4.8,0.7627,0.0373,3.2,0.4,1,0.07,0,0.2,0.3,0.7,0.5,1.3,13.9,0,9,0.08,0,0.1,1,1.4,0.3,0.4,0.1,0.4,1.8,0,0,0,0,0,0,0,0.1,9,0,0,0,0,0,0,0,0,0,0,0,0,0,0,0,0,0,0.1,0,0.1,0.1,0,0,0,0,0,0.12,0,0.3,1.2,0.2,0.4,0.8,0,0.2,1.1,0.2,0,0.5,0,0,0,9,0.5,0,0.1,9,0.1,2.4,0.5,0.1,0,0.3,0,0,0,0,0,9,0,0,0,0,0.5,3.38,0.4
"Albania",0,16,0,0,9,0,0,0,0,9,0,0,9,0,9,0,9,0,9.01,0,9,0,0,0,9.1,0,0,0,0.2,0.0953,0.0047,0.2,0.1,0,0,0,0,0,0.3,0,0,6.2,9,0,0,0,9,0,0.03,0,0,0,0,0,0,0,0,9,9,0,0,9,0,0,9,0,0,0,0,9,0,0,0,9,0,0,0,0,0,9,0,0,0,0,0,0,0,0,0,0.2,0,0,9,0.2,9,0,0,0.3,0,0,0,0,0,0,0,0,0,0,0,0,0,0,9,3.5,0,0,0,0,0,0,0,0,0,0,0,0,0,0,9
"Yugoslavia",118.8,1.4,2.3,0.009,0,0.396,0,0,0,0,0,0,0,0,0.2,0.5,0.5,0.2,0.02,6.8,10.4,0.1,0.024,7.2,11,1.8,49.1,1.1,11.7,7.1499,0.3501,17.2,13.5,1.7,0.1,0,23.5,15.9,6.6,5.6,25.5,5.4,0.08,0,0,4.7,1.8,19,3.57,46.6,0.1,3.6,3.3,0.4,0.1,0.004,0.8,0.1,0,0,0,0.8,0.7,0.2,0.3,0.1,0.6,0.6,0,1,0,0,2.5,0,0,1.5,4.9,0.4,0,0,0,0.2,0.7,0,0,0.3,0,0,0.1,0.3,2,0.1,3.3,2.2,0.1,0.3,6.1,2.8,1.5,2.5,2.8,3.7,3.3,0.3,2.2,0,1.8,0.3,0,0,0,38,4.4,2.4,0.1,0.1,0,0,0.9,3.2,0,0,0,1.4,0,0,4.7,16.95,1.4
"Greece",76.2,7.8,9.1,0,0,0,0,0,0.1,0,0,0,0.1,0,0.1,0,0.5,0,0.05,0.5,9.23,0,0.095,0.8,15.2,6.3,88.2,0.3,29.8,33.843,1.657,52.5,13.9,5.1,4.9,0,0.2,3.6,16.3,0.7,5.8,100.9,0,0,4.7,0,5.7,5.3,1.71,9.8,9.4,35.3,8.3,12.1,1.6,0,0,0.9,0,0.1,0,1.2,0.1,0,1.6,0,2,0.1,0,1.6,0.8,0,0.4,0.1,0.2,0.1,1,0.4,0,0,0.5,1.1,5.4,0,0,3.3,0,0,0.4,3.5,1.7,3.9,4.5,1,12.4,5.9,1.9,2.5,0.2,2,0.5,3.8,27.2,0,0.2,0,0.5,0,0.2,5.5,0,39.7,0.2,1.8,1.2,0.3,0,0,0.7,0,9,0.6,0,2.4,0,0,0.1,6.16,5
"Cyprus",6.3,0.3,9,0,0,0,0,0,0,0,0,0,0,0,0,0,0.1,0,0,0.1,0.9,0,0,0,0.1,0.1,14.1,0.9,1.9,3.0506,0.1494,4.5,1,8.2,2,0,0.3,0.2,1.2,0.1,0.5,10.7,0.1,9,1.8,5.7,0,0.2,0.17,0.4,0.3,2.1,0.1,1.9,0,0.029,0,0,0,0,0,0,0,0,0,0.1,0,0,0,0,0,0,0,0,0,0.3,0.4,0.2,0,0,0,0,0,0.3,0.1,0.1,0,9,0,0,0,0,1,0.2,0.5,0.3,0.1,0.1,0.1,1.2,0.2,2.3,0.1,9,0.1,0,0,0,0,0,0,3.4,1.6,0.7,0,0,0,9,0.6,9,9,0,0,0,0.1,0,0,0.38,1.2
"Bulgaria",1,6.4,0,9.193,0,9,0,0,0,0,0,0,0,0,0,0,0,0,0,2.3,7.84,9,0,0.01,2.4,0,3.4,0.1,15.6,4.4806,0.2194,30.8,7,1.6,0,0,0,0,8.3,0,0,8.6,1,0,19,5.3,0.2,0,0.9,0,0.8,8.1,4.2,3.3,0,9.022,9.2,0,9,0,0,0.2,0,0,9,9,0.1,0,0,0.6,0,9,9,0,9,9,0,0.1,0,9,9,0.4,9,0,0,0,0,0,0,1.4,0.5,1.1,3.7,0.2,2.2,0.9,4,3.3,4.7,3.7,0.6,0.5,0,9,9.9,9,0,0,0,0,0,11,2.5,0.1,0,0.2,0,0,0.1,0.7,0,0,0,0,0,9,0,0.56,0
"Romania",24.41,0.48,1.7,0.034,0,0,0,0,0.02,0,0,0,0,0,0,0,0,0,0,0.5,1.63,0,9,0,3.18,0,7.69,0.2,13.43,5.3291,0.2609,20.09,11.61,2.22,0.35,0,26.09,6.69,16.92,1.09,15.66,28.14,1.4,0.03,3.57,1.71,0.17,0.9,0,23.71,0.33,6.91,0,1.39,0.46,0.084,0,0,0.072,0,0,0,0,9,0,0,0.54,0.2,0.5,0,0,0,9,0,0,2.7,0.6,0.2,0,0,0,0.1,0,0,9,0,0,0,0.2,5.5,0.09,5.4,4.6,2.3,1.62,1.26,5.8,4.01,10.74,9.41,2.3,0.59,1.9,0,5.9,9,0.8,0.1,0,0.14,0,5.94,2.5,1.5,0.28,2.12,0,0,0.3,0,0,0,0,0,0,0,1.31,0.05,0
"Russia",12,284.7,0,0,0,0,9,0,0.4,0,0,0,0,0,0,0,0,0.7,0,0,8.66,0,9,0.2,69.9,5.8,210.7,3.9,23.2,32.5083,1.5917,96,1.5,1,0,0,0,0,10.5,0,0,99.9,0.3,0,46.6,9.8,0.4,0,23.71,0,49.1,46.3,17,16.8,1.1,9.003,4.6,0,0.538,0,0,0.3,0,0,0,9.4,5,0.7,0.3,0.7,0,0,9,1.6,0,0.3,1.7,1.1,0,0,9,0.4,5.7,0,0,0,0,0,0,4.9,4.9,4.8,3.4,2.7,9.8,7.6,23.3,48.9,3.4,2.8,13.1,0.9,3.1,0,17.5,32.7,0,0,0,0,0,85.4,33,4.8,4.2,7.2,0,0,2.8,0.1,0,0,0,0,0,0,19.5,31.45,14.5
"Finland",7.6,4.6,4.1,0.085,0,0.1,0,0,2.9,3.6,0.2,1.2,0,2.6,0.28,0.4,0.7,0.1,0.22,0.1,14.4,0.1,0.029,1.2,16.7,0.7,105.4,14.3,33.8,16.7785,0.8215,6,33.4,12.3,0.7,0,0.2,7,8.9,0,1.3,6.8,0.4,0,0.1,9.4,0.3,0.8,0.33,49.1,0,93.1,8.7,27.2,1.4,0.3,0,0.2,0,0.2,0,0.2,0.1,0,0.1,0,0,0,0.1,2.1,0,0,0,0,0.1,0.1,1.3,0.1,0,0,0,0.4,2.2,0.3,0.1,4.1,0,9,0,1.1,1.3,0.8,0.2,0.8,9.3,1.5,1.8,7.2,1.6,2.6,0.6,1.3,0.8,0,0.1,0,1.7,9,0,0,0.1,21.4,3.9,0.4,0.1,0.3,9,9,1.4,0,9,2.2,0,5.8,0,2.1,0.1,14.79,1.7
"Sweden",102.3,27.3,4.5,0.004,0.26,2.6,20.8,0.1,34.1,2.4,0.8,3,0.4,3.1,1.32,13.1,38.4,0.1,1.11,7.9,28.5,1.6,1.675,27.5,10.7,0.9,92.4,11.2,40.2,24.691,1.2089,62.5,9.8,59.5,11.5,0,8.4,12.4,17.4,2.6,1.2,1.8,0.1,0,3.6,35.3,2.1,8.1,6.91,46.3,93.1,0,199.8,138.8,1.1,0.108,0,0.2,0.003,0.1,0.2,0.6,0.2,0.6,2,0.7,1.6,0.1,0.2,3.1,0.2,0,0.1,0.2,1.3,0.5,2.2,1.3,0.3,0.1,0,0.7,16.9,0.09,0.1,22.4,9,9,0.1,0.7,7.2,1.4,1.6,0.8,2.3,0.1,5.1,6.4,1.8,3.2,2,1.1,9.6,0,3.4,0.4,10.3,0,0.2,0,9,24.5,14.4,6.2,2.4,1.8,0,9.1,3.6,0.3,9,0.6,0,2.1,2.9,10.5,1.6,50.51,4.06
"Norway",39.6,58.9,2.2,0.288,0.27,9.2,0.3,0.4,0.6,1.2,1.2,0.3,0,0.1,0.47,5.6,21.6,5.9,0.41,2.3,8.92,0.2,0.068,1.5,5,0.1,6.6,3,59.9,21.4498,1.0502,20.4,25.6,6.1,1.5,0,1.9,1.7,7.1,2.1,4.2,0.7,0.4,0,3.3,8.3,0.1,4.2,0,17,8.7,199.8,0,23.4,11.9,0.003,0,2.2,0.1,0,0,0.5,9.2,0,0.2,0.2,7.1,0,0.2,17.4,0,0,0,0,1.4,0.2,0.7,2.3,0.2,0.2,0,0.7,0.3,0.18,0.2,5.1,9,9,0.4,2,0.3,0.3,9.2,0.1,2.5,2.7,9.4,0.8,1,0.7,0.1,0.5,5.4,0,0.5,0.1,0.4,0,0,0,0.3,95.1,1.7,1.3,1,0.9,9,9,0.2,1,0,0.2,0,1.3,1.9,4.4,2.4,3.95,0.13
"Denmark",4.6,16.3,0.4,0.367,0.85,0.7,1.1,0.8,2.8,0.3,0.8,1.8,0.3,0.4,6.37,0.2,8.3,0.5,0.59,2.1,27.41,1,0.101,5,6.3,0.6,75.4,8,76.1,45.7595,2.2405,39.1,42.3,16,6.1,0,5.7,7.4,1.1,2.2,6.9,19.9,1.8,0,0.4,12.1,1.9,3.3,1.39,16.8,27.2,138.8,23.4,0,4.7,0.053,0.1,0.5,0.066,0,0,1.3,0,0,1.4,0.4,1.2,0.1,0.4,4.8,0.7,0.2,0,0.1,0.7,0.8,1.1,1.2,0,0,0.3,0.9,3.4,0.7,0.1,6.5,9,0,0.4,2.6,0,1.4,8.7,1.4,1.3,2.9,2.8,5.8,2.5,2.1,1.3,0.8,15.1,0,17.6,0.3,4.4,0,0.2,0,0.2,30.8,1.3,7.1,7.6,1.5,0,0.1,4.5,0.3,0.2,1.1,0,1.5,3,3.3,2.3,4.79,0.9
"Iceland",0.3,5.2,0,0,0,0,0,0,0,0,0,0,0,0,0.1,0,0,0,0.2,0,0.71,0,0,0,0.1,0,3.1,1.1,2.4,0.0953,0.0047,1.4,1.2,3.1,3.6,0,0.5,0.3,0.2,0.1,1.3,4.3,0,0,0.1,1.6,0,0,0.46,1.1,1.4,1.1,11.9,4.7,0,0,0,0,0,0,0,0,9,9,0,0,0,0,0,5.5,0,0,0,0,0,0,0,0,0,0,0,0,0,0,0,0.2,0,0,0,0,0,0,0,0,0.3,0,0,0.1,0,0,0,0.2,0,0,0,0,0.1,9,0,0,0,5.3,0.4,0,0.1,0,0,0,0.1,0,0,0,0,0,0,0,0,0,0.1
"Gambia",0.244,0.245,9,0,0,0,0,0,0,0,0,0,0,0,0,0,0,0,9,0,0,0,0,0,0.003,0,1.653,0,0.433,0.1239,0.0061,0.422,0.683,0.328,3.982,0,0.576,0.118,0.094,0.355,0.425,2.412,0,0,0.004,0,0.029,9.022,0.084,9.003,0.3,0.108,0.003,0.053,0,0,0,0.038,0,0,0,0,0,0,0,0.143,0.096,0,0,0.042,0,9,0,9,9,0,0,9,0,0,0,0,0,0,0.197,9,0,0,9,0.034,0,0,0,0,9,9,0,0.003,0,0,0,9,0,9,0,0,1.046,0,0.029,0,0,3.763,0.237,0.399,0.946,0.003,0,0,0,9.069,0,0,0,9.001,9,0,9.008,0.014,0.021
"Mali",0.7,0,0,0,0,0,9,0,9,0,9,0,0,0,0,0,0.2,9,9,0,0,0,10.3,0,0,9,0.4,0.6,0.1,0.858,0.042,6.7,0.1,0.1,0,0,0,9.7,0,0,0.6,0.3,0,0,0.8,0,0,9.2,0,4.6,0,0,0,0.1,0,0,0,1.5,0.3,0.1,0.1,2.4,0.2,2.7,0,0.1,2.8,0,0,0,0,0,0,0,0,0,0.1,9,0,0,0,9,0,0,0,0,0,0,0,0,0.4,0,0,9,0,0,0,1.4,0,0,0,0,0,9,9,0,10.3,0,0.2,0,0,0,0.2,0,9,0,0,0,0,9,0,9,0,0,9,0,0,0,0
"Senegal",6.2,0,0,0.001,9,0,0,0,0,9,0,0,0,0,0,0,0.2,0,0,0,1.5,9,0,0,0,0,2.1,1.6,4.7,2.86,0.14,37.5,0.2,0.2,5.7,0,0,0,0.3,0,0,2,0,9,0.1,0.9,0,0,0,0,0.2,0.2,2.2,0.5,0,0.038,1.5,0,1.4,0.3,1.6,2.1,0.1,1.3,0,0.4,0.2,0.5,0.3,0,1.1,0.3,0.2,0.2,0,9,0,0,0,0,0,0,0,0,0,0.1,0,9,0.1,1.5,2.2,0,0,0,0,0,0,0,9,0.1,0,0,0,9,0,9,7.1,0,0,0,0,4.1,0.2,0,0,0,0,0,0,5.9,0,0,0,0,0,0,0,0.66,0
"Benin",0.621,0.182,9,9,9,0,0,0,0,0,0,0,9,0,0,0,0.44,0,9,0,0.027,0,0,9,0.006,9,0.947,0,1.66,1.0773,0.0527,8.514,0.064,0.156,0,0,0.187,0.198,0.084,9.026,9.068,0.288,0,9,0,0,0,9,0.072,0.538,0,0.003,0.1,0.066,0,0,0.3,1.4,0,0,0.253,0.218,9,0.3,0,0,0.055,0.232,0.024,0.181,0.1,0,9,0,0,0,0,0,0,0,0,0,0,9,9,9,0,0,0.017,0.122,0.152,0.088,0,9,0.081,0,0.298,0,9,0,0,0,0,9,9,0,0.645,0,0,9,0,0.027,0.025,0.021,9,0,0,9,0,0.034,0,0,0,9,9,0,9,0,0
"Mauritania",2,0.3,0,0,0,0,0,0,0,9,0,0,0,0,0,9,0,0,0,0,0,0,0,0,0.1,9,18,0.1,4.2,7.6266,0.3734,5.1,0.1,0.3,0,0,0,0,0,0.2,0,13.3,0,0,0,0.1,0,0,0,0,0.2,0.1,0,0,0,0,0.1,0.3,0,0,0,0,0,0,0.6,0,0,0,0,0,0.1,0,0,1.9,0.3,0,0,0,9,0,0,0,0,0,0,9,0,0,0,0,0,0,0,0,0.1,0,0,0,0,0,0,0,0.7,0,0,0,0.9,0,0,0,0,0.8,0.1,0.1,9.2,0,0,0,0,9,0,0,0,0,0,0,0,0,0
"Niger",1.6,0,0,9,0,9,0.1,0,0.1,0,0,0,0,0,0,0,1.3,0,0,0,0,0,0,0,0,0,1.1,0,1.1,1.0487,0.0513,0.2,0,0.1,1.6,0,0.1,9,0,0,0,0.5,0,0,0,0,0,0,0,0,0,0.2,0,0,0,0,0.1,1.6,0.253,0,0,1.5,0,0.1,0,0,0.8,0.1,0,0.6,0,0,0.1,0,0,9,0,0,0,0,0,0,0,0,0,9,0,0,0,0,0.1,0,0.1,0,0.2,0,0.3,0,0,0,0,0,0,0,9.2,0,2.5,0,0.1,9,0,1.6,0,0.3,0,0,0,0,0,9,0,0,0,0,0,0,0,0,0
"Ivory Coast",51.1,0.7,0,0,9,0,0.1,0,0,0,9,9,0,0,0,0,1,2.5,0,0,1.8,0,0,0,0.7,0,6.7,0.6,4,0.572,0.028,3.5,0,5,0.1,0,0.1,0.7,0.4,0.2,0.1,28.6,0.1,9,0.8,1.2,0,0.2,0,0.3,0.2,0.6,0.5,1.3,0,0,2.4,2.1,0.218,0,1.5,0,0,8.1,0,0.2,0.3,0.1,0.3,0.3,3,0.1,0.1,0,0,0,0,0,0,0,0,0,0,0,0,0,0,0,0.6,1.1,2.4,1,0,1.7,0.1,0,0,0.1,0.1,0.2,0.7,0.1,0,9,0.7,9,0.2,0,0.1,0.2,0.3,9.9,0.1,0.9,1.6,0,0,0,0.8,0,0,0.1,0,0,0,0,0,0.22,0.2
"Guinea",2,1.5,0,0,0,9,0,0,0,0,0,0,0,0,0,0,0,0,0,0,0.3,9,0,0,0.1,0,0.2,0.1,0.8,0.1907,0.0093,8.4,2.2,4.8,0,0,0,0,5,0,0,0.7,9,0,0.7,0.1,0,0,0,0,0.1,0.2,9.2,0,9,0,0.2,0.1,9,0,0,0,0,0,0,0,0,0,0.4,0,0.4,0,0,0,9,0,0,0,0,0,9,9,0,0,9,0,0,0,0,0,0,0,0,0,9.1,0,9,0.1,9,0,0,0,0,0,9,0,0,0,0,0,0,0,0,0,0,0,0,0,0,0,0,0,0,0,0,0,0,0,0
"Burkina Faso",1.4,0,9,0,0,0,0,0,9,0,0,0,0,0,0,0,9.1,9,0,0,9,0,9,9,0,9,0.5,0,0.7,1.8113,0.0887,13.9,0,0.1,0,0,9,9,0,9,9,0.3,0,0,0.2,0,0,0,9,0,0,0.6,0,0,9,0,2.7,1.3,0.3,0,0.1,8.1,0,0,0,9,3.4,0.1,0,0.1,0,0,0,0,9,0,0,0,0,0,0,9,0,9,0,0,0,0,0,0.1,0.2,0.1,0,0,9,0,9,0,0,0,0,0,0,0,9,9,0.1,0,0.1,0,0,0.8,0,9.1,9,0,0,0,0,0,0,9,0,0,0,0,0,0,0
"Liberia",13.4,1,0,0,0,0,0,0,0.3,0,0,0,0,0,9,0,0.3,0,0.02,0,0,0,9,0,0,0,9.4,4.6,5.9,14.2045,0.6955,7.8,0.8,0.5,0,0,9,1.3,0.1,0,0,13,0,9,0.3,1.6,0,9,0,0,0.1,2,0.2,1.4,0,0,0,0,0,0.6,0,0,0,0,0,0,0,0,0,0.7,0,0,0,0,0,0,0,0,0,0,0,0,0,0,0,0,0,9,0,0.1,0,0,0,9,3.6,0,0,0,0,0.1,0,0,0,9,9,0,0,0,0,9,0,9.5,0.1,0,0,0,0,0,0,0,0,0,0,0,0,0,0,0,0
"Sierra Leone",9.7,2,9,0,9,0,0.4,0,0,0,9,0,0,0,0,0,0.7,0,0,0,0.1,9,0,0,0.3,0,26.3,0.1,4.2,0.6673,0.0327,7.2,0.3,0.4,0,0,1.6,9.9,0.1,10.8,10.5,1,0,0,0.1,0,0.1,9,0,9.4,0,0.7,0.2,0.4,0,0.143,0.1,0.4,0,0,0,0.2,0,9,0,0,0.1,0.4,0,0.6,0.1,9,9,0,0,9,0,9,0,0,0,9,0,0,1.1,0,9,9,9,0.2,0,0,0,0,0.1,0,9,0.2,9,0.1,0,0.4,0,9,9,9,1.5,0,0,9,0,9.9,1.3,0.4,4.3,0.1,9,0,0,9,0,0,0,0.2,9.1,0,0,0.2,0.1
"Ghana",9,8.7,0,0,0,0.4,0,0,0,0,0,0,0,0,0,0,0.1,0,0,0.1,0.2,0,0.2,0,0.3,0.1,49.4,4,4.4,2.7646,0.1354,10.3,1.2,1.4,0,0,1.3,2.3,3.4,0.5,0.2,0.3,0,0,0.6,2,0,0.1,0.54,5,0,1.6,7.1,1.2,0,0.096,2.8,0.2,0.055,0,0.8,0.3,0,3.4,0,0.1,0,1.5,0,2.6,9,9,0,0,0.1,0,0,0,0,0,0,0,0.1,0,0,0,0,0,0,0.9,0,0,0,0,0.2,0.1,0,1.4,0,0,0,5,0,9,0,0,2.3,0,0,0,0.1,2,1.7,2.3,0,0,0,0,0,0,0,0,0,0.4,0,0.1,0,4.35,2.1
"Togo",0.4,0.7,0.1,0,9,0,0,0,0,9,0,0,0,0,0,0,0.4,9,0,0,0,0,0,9,0,0,3,0.1,3.9,1.716,0.084,3.3,0.3,0.5,0,0,0,0.2,0,0.1,9.3,1.8,0,0,0.6,0.1,0,0,0.2,0.7,0,0.1,0,0.1,0,0,0,0.5,0.232,0,0.1,0.1,0,0.1,0,0.4,1.5,0,0.1,0.2,0.1,0,0,0.1,0,0,0,9,9,0,9,0,9,9,0.1,0,0,0,0,0.1,0.1,0,0,0,0.1,0,0.4,0.2,9,0,0,0,0,0,0.1,9,1.3,0,0,0,0,3.7,1,0.3,9,0,0,0,0,9,9,0,0,0,0,0,0,2.2,0
"Cameroon",24.9,0.1,0,0,0,0,0,0,0,0,0,0,0,0,0,0,0.3,0,0,0,0,0,0,0,0,0,4.7,0.2,15,0.1907,0.0093,7.9,0.6,3.6,0,0,0.4,0.1,0.2,0.1,0.5,5,0,0,0,0,0,0,0.5,0.3,0.1,0.2,0.2,0.4,0,0,0,0.3,0.024,0,0,0.3,0.4,0,0,0,0,0.1,0,0.1,0.8,0.2,0.9,0.5,0,0,0,0,0,0,0,0,0,0,0.2,0.1,0,0,0.5,0.5,0.2,0.5,0,0,0.6,0,0.5,0.5,0,0,1.7,0,0.1,0,0.1,0,0.8,0,0.1,0,0.1,1.9,0.1,0.7,0,0,0,0,0,0.1,0,0,0,0,0,1,0,0.11,0
"Nigeria",60.2,31.4,0,0,0,0,0,0,0.1,0,0,0,0,0,0,0,0.4,0,9,0,5.62,9,0,9,22.2,0,102.1,0.6,20.7,9.0566,0.4434,32.7,11.3,2.8,8.1,0,1.2,0,4.5,0.2,4.2,4.8,0,9,1,1.6,0,0.6,0,0.7,2.1,3.1,17.4,4.8,5.5,0.042,0,0,0.181,0,0.6,0.3,0,0.1,0.7,0.6,2.6,0.2,0.1,0,0.1,0,2.7,0.1,0.2,0,0,0,0,0,0,0,0.3,0.5,0,0,0,0,0.1,0.7,0.9,0,0.3,0,1.2,0,0,0.8,0,0.1,0,3.6,0.1,9,0,0,14.1,0,0,0,0,26.4,8.3,18,1.1,0,0,0,0,0,0,0,0,0.1,1.1,0,0,0.14,0
"Gabon",6.8,0.9,0,0,0,0,0,9,0,9,0,0,0,0,0,0,0.2,0,0,0.1,0.88,0,0,0,0,0,0,0,0.2,0.1907,0.0093,23.2,0.3,0.5,0,0,0,0.3,0.8,0.2,0,0.1,0,0,0,0.8,0,0,0,0,0,0.2,0,0.7,0,0,0,1.1,0.1,0.1,0,3,0.4,0,0,0.1,9,0.1,0.8,0.1,0,0,0,0,0,0,0,9,0,0,0,0,0,0,0,0,0,0,0.1,0.1,0.1,0.5,0,9,0,0,0,0,0,0.8,0,2.9,0,9,0,0,0,0,0,0,0,0.6,0,0,0,0,0,0,0,9.1,9,0,0,0,0,0,0,0,0
"Central African Republic",10.5,0,9,9,0,0,0,0,0,0,9,0,0,0,0,0,0.9,0,9,0,0,9,0,0,0,0,0.8,0,0.4,0.286,0.014,8.9,0.1,0.4,0.4,0,0,0,0.6,0,0,0.7,0,0,0,0,0,9,0,0,0,0,0,0.2,0,9,0,0.3,0,0,0,0.1,0,0,0,9,9,0,0.2,0,0,0,0,0,0.6,0,0,0,9,0,0,0,9,0,0,0.3,0,0,0,0.1,0,0.3,0,0,0.4,0,9,0,0,0,0,6.1,0,9,0,9,0.1,0,0,0,0,0.6,0,0,0,0,0,0,0,0,9,9,0,0,0,0,0,0,0
"Chad",3.6,0.2,9,0,0,0,0,0,9,0,0,0,0,0,0,0,9.5,0,0,0,9,0,0,0,0,0,0.2,0,0.7,0.858,0.042,3.4,0.1,0.2,0.1,0,0.1,9,0,0,9.3,0.5,0,0,2.5,0.4,0,9,9,9,0,0.1,0,0,0,0,0,0.2,9,0,0.1,0.1,0,0,0,9,0,0,0.9,2.7,0,0,0,0,0.1,0,0,0,9,0,0,0,0,9,0,0,0,0,9,1,0.1,0.1,0.2,0.1,9,0,9.1,0.1,0,0,0,0.1,0,0,0,0,0.6,0,0,0,0,0.5,0.1,0.1,0,0,0,0,0,0,0,9,0,9,0,0,9,0,0
"Congo",3,0,0.1,0,0,0,0.1,0,0,9,0,0,9,9,0,0,0.4,0,0,0,0,0,0,0,0,0,5.2,0,1.4,0.4767,0.0233,35.7,1.1,0.1,0,0,0,0.4,0.1,0.3,0.2,2.9,0,9,0,0.1,0,0,0,1.6,0,0.2,0,0.1,0,9,0,0.2,0,1.9,0,0,0,0,0,0,0,0.1,0.5,0.1,0,0,0,0,0.3,0,0,0,0,0,0,0,0,0,0.1,1,0,0,0,0.4,0,0.7,0,0,0.3,0,0,0.1,9,0.5,0,1.6,0,9,0,9,0.5,9,0,0,0,0.8,2.2,0,9,0,9,0,0,9,9,0,0,0,0,0,0,0,0
"Democratic Republic of the Congo",24.4,0.7,9,0.003,9,0,0,0,0,0,0,0,0,0,0,0,0.6,0,9.01,0,0.81,0,0,0,0.4,0,17.3,0.3,1.1,186.756,9.144,41.6,0.8,3.3,2,0,0,0,0.4,0,0.2,35.8,0,0,0,0.2,0,9,0,0,0.1,1.3,1.4,0.7,0,9,0,0,0,0.3,0,0,9,9,0,0,0.1,0,0,0.2,0,0.6,0.1,0.3,0,1.7,0.5,0.7,0,0.1,0,0,0.9,1.17,1.2,1,0,0,0,0,1.3,0,0,0,6.6,0,0,0,0,0.3,0,0.2,0.4,0,0,9,0,0,0,0,0,4.3,1.5,0.1,9,0,0,0,0,9,0,0,0,0,9,0,0,0.44,0
"Uganda",57.4,5.2,0,0,0,0,0,0,0,9,9,0,0,9,0,0,0,0,9,0,0,0,0,0,0.1,0.1,12.2,0.6,0.6,0.1907,0.0093,2.6,0,4.9,0,0,0.4,4.1,0.2,0.2,0.9,1.4,0,0,1.5,0.1,0.3,9,2.7,0.3,0.1,0.5,0.2,0.8,0,0,0,9,0,0,9,0,0,0,0,9,0,0,0,0,0,0,0,0,1.7,0,0,0,0.3,2.7,0.3,0.1,0.5,0,0,0,0,0,0,0,0,0,0.2,2.8,0.4,0,2.2,0.5,0.1,0,0.2,0.9,2.7,0,0.4,0,1.4,0,0,0,0,1.4,3.2,2,0,0.9,0,0,2.2,0,0,0,0,0.5,0.5,0,0,4.8,1.3
"Kenya",7.6,5.9,0,9,0,0,0,0,0,0,0,0,0,0,0,0,0,0,0,0,0,0,9,0,0.4,0,50.3,0.9,3.6,6.6733,0.3267,6,0.3,2.1,0,0,0.4,0.6,0.3,0.4,0.4,6.3,0,0,4.9,1,0.4,0,0.6,1.7,1.3,2.2,0.7,1.1,0,0,0.1,0,0,0,0,0,0,0,0,0,0,0,0,0,0,0,0,0,0.5,0,0,0,0.5,0.6,0.3,0.6,1.4,0,0,0,0,0,1,0,0,0,0,2.2,21.6,0.1,0.7,0.1,0.7,0,0.1,0.2,0.4,0,5.6,9,2.8,0,1.3,9,0,1.2,2.4,2.4,0,0,0,0,0.2,0,0,0,0,2.3,0.2,0,0.1,1.02,0.8
"Tanzania",6.3,5.4,0,0.007,9,0,0,0,0,0,9,0,0,0,9,0,0,0,9,0,0,9,0,0,0.2,0,8.5,0.9,0.9,1.6206,0.0794,3.9,0.3,2.6,0,0,0.4,1.5,0.5,0.1,0.9,3.9,0,0,0.4,0.4,0.2,0.1,0.2,1.1,0.1,1.3,2.3,1.2,0,9,9,0,0,0,0,0,0,0,0,9,0,9,0,0,9,0,0,0,0.7,0,0,0,1.9,0.1,0.4,0,11.6,0,0.1,0,0,0,0,0,0,0,0,0,5.7,0.3,0.4,0.3,0.6,0.3,1.3,0.7,1.6,9,0.5,0,0.9,0,0.2,0,0,1.8,7,3.7,0,0.1,0,0,2.3,0,0,9,0,0.2,0.5,0,0,1.9,1.3
"Burundi",15,0,0,0,0,0,9,9,0,9,9,0,0,9,0,0,0,9,0,0,0,0,9,0,0,9,0.2,0,0.3,2.288,0.112,0.7,0,0.1,0,0,0,0,0,0,0,0.1,0,0,0,0,0,0,0,0,0,0.3,0.2,0,0,0,0,0,0,9,0,0,0,0,0,0,0,9,0,0,0,9,9,0,0,0.3,0.5,1.9,0,0.4,9,0,0,0.1,0,0,0,0,9,9,0,0,0,0,0,0,0,0,0,0,9,0,0,0,9,9,0,0,0,0,0,1.8,0,0,0,0,0,0,0,0,0,0,0,0,0,0,9,0,0
"Rwanda",1.3,0.2,9,9,0,9,0,0,9,0,0,9,0,0,9,9,0,0,9,9,0,0,0,9,0,0,0.8,0,0.4,2.3833,0.1167,0.1,0.3,0,0,0,0,0,0,0,0,0.2,0,9,0,0,0,9,0,0,0,0.1,0.2,0,0,0,0,0,0,0,0,0,0,0,0,0,0,0,0,0,0,0,0,0,0.1,2.7,0.6,0.1,0.4,0,0,0,0,0,0,9,9,0,0,0,0,0,0,0,0.1,0,0,0,9,9,0,0,0,0,9,9,0,0,0.1,0,0,2.1,0,0.2,0,0,9,0,0,9,9,0,0,0,0,0,9,0,0
"Somalia",2,0,0,0,0,0,0,0,0,0,0,0,0,0,9,0,0,0,9,9,0,0,0,0,0.1,9,3.3,0,0.8,0.0953,0.0047,0.2,0.1,0,0,0,9,0,0.1,0,9,6.6,0.1,0,0,0.5,0,9,0,9,0,0,0,0.3,0,0,0,0,0,0,0,0,9,0,0,0,0,9,0,0,0,0,0,0,0,0.3,0.3,0.4,9,0,0,0,0,0,0,9,9,9,0,0,0,0,0,0.1,0.6,0,0.4,0.6,0,0.1,0.1,9,8.5,0,9.9,0,9.1,9,9,0,0,2.8,0.7,0.1,0,0,0,9,1.2,0,9,9,0,9,9,0,0,0.1,0
"Ethiopia",35.7,0,0,9.001,9,0,0,0,0,0.1,9,0,0,0,0,0,0,0,0,0,0,0,0,0,0,9,9.9,0,13.4,1.6206,0.0794,1.2,0.9,1.3,0,0,0.1,0.8,1.5,0.8,2.8,18.9,0,0,0.2,1.1,0,0.4,0.1,0.4,0.4,0.7,0.7,0.9,0,0,9,0,0,0,0,0,9,9,0,9,0,0,0,0,0,0,0,0,0,0.1,0.6,0,0,0,0,0,0,0,0,9,0,9,0,0,0,0,0.2,0.9,6.1,0.2,0.1,0.9,0,0,0.6,0.6,5.7,0,0,0,2.1,0,0,0,0.1,15.6,2.1,0.6,0,0.7,0,9,0.3,9,0,9,0,0,0.5,0,0,0.4,0
"Zambia",36,3,0,0,0,0,0,0,0,0,0,0,0,0,0,0,0.1,0,0,0,3.12,0,9,0,0.6,0,147.8,0.1,0.8,4.6713,0.2287,62.4,8.1,8.6,2.1,0,0,2.5,1.1,2.9,2.2,47,0.1,0,0.7,5.4,0,9,0,5.7,2.2,16.9,0.3,3.4,0,0,0,0,0,0,0,0,0,0,0,0,0.1,9,0,0.3,0,9,0,0,0.9,0.5,1.4,11.6,0,0,0,0,0,57.2,8.25,39.1,0,0,0,0,0,0,0,0,4.7,0.1,0,0.1,0,0,0,0.8,0.2,0,0,0,0.4,0,0,9,0,71.5,2.2,1.5,0,0.4,0,9,0.4,0,9,0,0,0.5,0.1,0,0,4.58,0.4
"Zimbabwe",1.7,0.5,0,9,0,0,0,0,0,0,0,0,0,0,0,0,0,0.1,0,0,0.11,9,9,0,0.1,0,4.4,0.1,0.6,0.3813,0.0187,2.8,1.91,2.3,0.9,0,1.1,0,0.27,0,0,2.9,0.1,0,0,0,0.3,0,0,0,0.3,0.09,0.18,0.7,0,0,0,0,9,0,0,0,0,9,0,0,0,9,0,0.5,0,0,9,0,1.17,0,0,0,0.1,0,0,0,57.2,0,16.61,0,0,0,0,0,0,0,0,0,0.1,0,0.3,0.2,0,0,0,0.1,0,9,0,0,0.11,0,0,0,0,1.5,0,0,0,0,0,0,0,9,0,9,0,0,0,0,0,1.21,0
"Malawi",0.64,0.6,0,0,9,0,0,0,9,0,0,0,0,9,0,9,0,0,9,0,0,0,0,0,0,9,0.29,0.5,1.9,0.0953,0.0047,0.7,0,1,0.1,0,9,0,0.2,9,9,0.7,0,0,0,0,0.1,0,9,0,0.1,0.1,0.2,0.1,0,0.197,0,0,9,0,0,0,9,0,0,1.1,0,0.1,0.2,0,0,0,0,0.1,1.2,0,0,0.1,0,0,0,0,8.25,16.61,0,4.75,9,0,0.2,0,0,0,0,0,0,0,0,0,0,9,9,0.1,0,9,0,0,0,0,0,9,0,4.18,1.32,0,0,0,0,0,0,0,0,9,0,0,0,0,0,1.1,0
"South Africa",116,42.6,0,0.005,0,0,0.1,0,0.2,2.7,0.1,0.1,0.1,0.5,0.55,1.2,0.9,0,1.9,0.4,10.52,0.4,0.009,0,2.8,0.8,60,4.4,48,53.3861,2.6139,9.8,44.7,21.4,1.5,0,0,0,1,0,0,8.6,0,0,0.3,3.3,0.1,0,0,0,4.1,22.4,5.1,6.5,0.2,9,0,0.1,9,9,9,0,0,0,0,0,0,0,0.1,0,0,0.3,0,1,1,0,0,0,0,9,9,9,39.1,0,4.75,0,0,0,0,0,0,9,9,0.1,44.1,0.7,14.8,0,9,0.9,0,2.2,4.8,0,9.4,9,0,0,0,0,0.7,30.2,0.1,0.4,0,15.8,0,0,2,9,0,0,0,0,0,1.3,0,13.17,7.77
"Lesotho",9,0,0,0,0,0,0,0,0,9,0,0,0,9,0,9,0,0,0,0,0,9,0,0,0,0,0,9,9,0,0,0,0,0,9,0,0,0,0,0,0,0,0,0,0,0,0,0,0,0,0,9,9,9,0,0,0,0,0,0,0,0,0,0,0,9,0,0,0,0,0,0,0,0,0,0,0,0,0,9,9,0,0,0,9,0,0,0,0,0,0,0,9,9,0,9,0,0,0,0,0,0,0,0,0,0,0,0,0,0,0,0,0,9,0,0,0,0,0,0,0,0,0,0,0,0,0,0,9
"Botswana",0,0,0,0,0,0,0,0,0,0,0,0,0,0,0,9,0,0,0,9,9,9,0,0,0,0,0,0,9,9,9,0,0,0,0,0,0,0,9,0,0,9,0,0,0,0,9,0,0,0,9,9,9,0,0,0,0,9,0,0,0,0,0,0,9,9,0,0,0,0,0,0,0,0,0,0,0,0,0,0,9,9,0,0,0,0,0,0,9,0,0,0,9,0,0,9,9,0,0,0,9,0,0,0,0,0,0,0,0,0,0,0,0,0,0,0,0,0,0,0,0,0,0,0,0,9,0,0,9
"Madagascar",15.9,0.6,9,0.019,0,0,0,0,9,0,0,0,0,0,9,0,0,0,9.02,0,0.1,9,0,0,0,0,1.5,0,2,0.9533,0.0467,42.9,0.2,1.2,0.1,0,0,0.2,0.2,0.4,0.4,0.5,0,0,0.1,0.4,0,0,0.2,0,0,0.1,0.4,0.4,0,9,0,0.1,0.017,0,0,0.6,0,0,0,9,0,0,0.5,0.1,0.1,0,9,0,0,0,1,0,9,0,0,0,0,0,0.2,0,0,9,0,0,1.4,0.6,0.1,0,3.4,0,0,0.2,0,0.3,0,0.3,1.2,9,0.3,0,0,0,0.2,0,0,2,0.4,0.1,0,0.1,0,9,0.2,0.1,9,0,0,0,0,0,0.2,0.22,0
"Morocco",45.8,2.9,10.5,0.002,0.2,0,0,0,0.1,0.1,0,0.1,0,0,0,0.2,0.2,0.1,0.01,0.1,0.88,0.1,0,0,0.1,0.2,16.1,5.1,0.7,9.9146,0.4854,40.9,2.1,18,1.5,0,3.5,0.8,2.9,4.9,4.2,11.5,0.12,0.2,0.3,3.5,0,1.4,5.5,4.9,1.1,0.7,2,2.6,0,0.034,0,1.5,0.122,0,0,1.1,0,0.1,0.1,0.2,0.9,0.1,0.5,0.7,0.1,0.1,1,0.4,0,0,0,0,9,0,0,0,0,0,0,0,0,0,0,0,1.6,0.6,0.5,0,0.6,0.4,0.3,0.5,0,0,0,9,2.7,9,0,0,8.6,0,9,9,0,5.1,3.2,1.8,0,0.1,0,0,0.2,0,9,0.2,0,2.8,0,0,0.4,0.34,0
"Algeria",58.3,1.3,0.2,0,0,0,0,0,0,0,0,0,0,0,0,0,0,0,0,0,2.08,0,0.791,0,5.1,0.6,53.7,0.6,0.8,3.3366,0.1634,124.5,12.9,6.6,0,0,0.1,1.3,0.8,0,1.7,16.4,0,0,2,1.7,0,0.5,0.09,4.9,1.3,7.2,0.3,0,0,0,0.4,2.2,0.152,0,0.1,2.4,0,0.2,0,0,0,0.1,0.2,0.9,0.1,0,0.1,0,1.3,0,0,0,0,0,0,0,0,0,0,0,0,0,1.4,1.6,0,2.3,0.1,0.9,0.6,0.1,0,0.3,0.2,0.4,0,0,0,0,0.1,0,0.4,0,0,0,0,14.8,0.8,0,0,0,0,0,0,0,0,0,0,0,0,0,0,0,0
"Tunisia",38,1.4,0,0,0,0,0,0,0.8,0,0,0,0,0,0,0,0,0,0,0,4.49,0,0.026,0,0,1,3.8,1.4,0.9,7.1499,0.3501,25.2,0.4,1,0,0,0.2,0.6,1.9,0,1,3.5,0.3,0,0.1,3.9,0,1.1,5.4,4.8,0.8,1.4,0.3,1.4,0,0,0,0,0.088,0,0,1,0,0.1,0,0,0,0,0.5,0,0.5,0.3,0.1,0.7,0,0,0,0,0,0,0,0,0,0,0,9,0,0,0.6,0.6,2.3,0,5.7,0.3,5.2,0.8,0,0.3,0,0.1,0,0,0,0,0,0,0.9,0,0,0,0,0.9,0.7,0,0,0,0,0,0.1,0.1,0,0,0,0,0,0,0,0,0
