"","United States of America","Haiti","Dominican Republic","Mexico","Guatemala","El Salvador","Colombia","Venezuela","Ecuador","Peru","Brazil","Bolivia","Paraguay","Chile","Argentina","Uruguay","United Kingdom","Netherlands","Belgium","France","Switzerland","Spain","Portugal","Germany","Austria-Hungary","Italy","Yugoslavia","Greece","Romania","Russia","Sweden","Denmark","Ethiopia","Morocco","Iran","Turkey","China","Korea","Japan","Thailand"
"United States of America",0,2.09,11.38,7.5,0.65,0,1.91,4.98,0.09,0.29,48.44,9.02,9.0007,0.34,2.35,0.2,498,98.84,48.71,66.11,11.12,14.56,0.93,85.35,8.59,10.88,0.19,0.04,0.37,20.32,0.14,16.57,0,0,0,1.98,8.05,9.12,22.02,0
"Haiti",2.09,0,0,0,0,0,0,0,0,0,0,0,0,0,0,0,0.5,0,0,0,0,0,0,0,0,0,0,0,0,0,0,0,0,0,0,0,0,0,0,0
"Dominican Republic",11.38,0,0,0,0,0,0,0,0,0,0,0,0,0,0,0,0,0,0,0,0,0,0,0,0,0,0,0,0,0,0,0,0,0,0,0,0,0,0,0
"Mexico",7.5,0,0,0,0,0,0,0,0,0,0,0,0,0,0,0,3.11,0,0,0.16,0,0.86,0,0.79,0,0,0,0,0,0,0,0,0,0,0,0,0,0,0,0
"Guatemala",0.65,0,0,0,0,0,0,0,0,0,0,0,0,0,0,0,0,0,0,0,0,0,0,0,0,0,0,0,0,0,0,0,0,0,0,0,0,0,0,0
"El Salvador",0,0,0,0,0,0,0,0,0,0,0,0,0,0,0,0,0,0,0,0,0,0,0,0,0,0,0,0,0,0,0,0,0,0,0,0,0,0,0,0
"Colombia",1.91,0,0,0,0,0,0,0,0,0,0,0,0,0,0,0,0.75,0,0,0,0,0,0,0,0,0,0,0,0,0,0,0,0,0,0,0,0,0,0,0
"Venezuela",4.98,0,0,0,0,0,0,0,0,0,0,0,0,0,0,0,2.04,0,0,0,0,0,0,0,0,0,0,0,0,0,0,0,0,0,0,0,0,0,0,0
"Ecuador",0.09,0,0,0,0,0,0,0,0,0.38,0,0,0,0,0,0,0.27,0,0,0,0,0,0,0,0,0,0,0,0,0,0,0,0,0,0,0,0,0,0,0
"Peru",0.29,0,0,0,0,0,0,0,0.38,0,0,0.27,0,1.46,0,0,3.25,0,0.1,0.35,0,0,0,0.33,0,0.3,0,0,0,0,0,0,0,0,0,0,0,0,0,0
"Brazil",48.44,0,0,0,0,0,0,0,0,0,0,0,0,0.33,2.15,4.08,7.68,0,5.52,19.49,0,0,0,0,3.26,0.8,0,0,0,0,0,0,0,0,0,0,0,0,0,0
"Bolivia",9.02,0,0,0,0,0,0,0,0,0.27,0,0,0,0,0,0,0,0,0,0,0,0,0,0,0,0,0,0,0,0,0,0,0,0,0,0,0,0,0,0
"Paraguay",9.0007,0,0,0,0,0,0,0,0,0,0,0,0,0,0,0,0,0,0,0,0,0,0,0,0,0,0,0,0,0,0,0,0,0,0,0,0,0,0,0
"Chile",0.34,0,0,0,0,0,0,0,0,1.46,0.33,0,0,0,1.19,0.64,3.62,0,3.08,2.16,0,0,0,0.66,0,0.65,0,0,0,0,0,0,0,0,0,0,0,0,0,0
"Argentina",2.35,0,0,0,0,0,0,0,0,0,2.15,0,0,1.19,0,2.08,8.53,0,11.96,40.02,0,0,0,5.73,0,3.72,0,0,0,0,0,0,0,0,0,0,0,0,0,0
"Uruguay",0.2,0,0,0,0,0,0,0,0,0,4.08,0,0,0.64,2.08,0,5.03,0,4.12,2.95,0,1.78,0,0.51,0,1.74,0,0,0,0,0,0,0,0,0,0,0,0,0,0
"United Kingdom",498,0.5,0,3.11,0,0,0.75,2.04,0.27,3.25,7.68,0,0,3.62,8.53,5.03,0,30.12,49.88,151.12,18.56,36.36,9.24,55.66,8.28,31.42,9.73,0.94,2.12,36.54,9.19,30.89,0,0.23,0.59,5.96,12.17,0,14.95,0.71
"Netherlands",98.84,0,0,0,0,0,0,0,0,0,0,0,0,0,0,0,30.12,0,52.23,4.26,0.36,0,0,81.92,0.28,12.5,0,0.87,0.01,60.52,4.11,2.16,0,0,0,0.16,0,0,44.03,0
"Belgium",48.71,0,0,0,0,0,0,0,0,0.1,5.52,0,0,3.08,11.96,4.12,49.88,52.23,0,1.08,3.89,2.68,0,0.53,1.91,1.33,9.1,0.67,12.44,11.99,5.58,1.76,0,0,0,2.96,0,0,3.38,0
"France",66.11,0,0,0.16,0,0,0,0,0,0.35,19.49,0,0,2.16,40.02,2.95,151.12,4.26,1.08,0,23.04,45.58,0,11.26,0.54,4.57,0.05,0.44,3.9,40.18,5.46,2.17,0,0.31,0.23,7.9,0,0,0.84,0
"Switzerland",11.12,0,0,0,0,0,0,0,0,0,0,0,0,0,0,0,18.56,0.36,3.89,23.04,0,0,0,19.51,7.67,22.34,0.0873,0,0.8793,5.82,0,0,0,0,0,0,0,0,2.62,0
"Spain",14.56,0,0,0.86,0,0,0,0,0,0,0,0,0,0,0,1.78,36.36,0,2.68,45.58,0,0,2.21,2.84,0,2.2,0,0,0,3.74,2.94,0,0,0.76,0,0.01,0,0,0,0
"Portugal",0.93,0,0,0,0,0,0,0,0,0,0,0,0,0,0,0,9.24,0,0,0,0,2.21,0,0.46,0,0,0,0,0,0,0,0,0,0,0,0,0,0,0,0
"Germany",85.35,0,0,0.79,0,0,0,0,0,0.33,0,0,0,0.66,5.73,0.51,55.66,81.92,0.53,11.26,19.51,2.84,0.46,0,98.5,10.39,0.39,1.12,18.7,70.44,11.97,19.7,0,0.46,0,0.7,0,0,21.29,0
"Austria-Hungary",8.59,0,0,0,0,0,0,0,0,0,3.26,0,0,0,0,0,8.28,0.28,1.91,0.54,7.67,0,0,98.5,0,12.56,0.99,1.58,13.22,1.39,0,0,0,0,0,2.76,0,0,0.19,0
"Italy",10.88,0,0,0,0,0,0,0,0,0.3,0.8,0,0,0.65,3.72,1.74,31.42,12.5,1.33,4.57,22.34,2.2,0,10.39,12.56,0,0.1294,0.24,0.68,30.08,0,0,0,0,0,6.22,0,0,12.48,0
"Yugoslavia",0.19,0,0,0,0,0,0,0,0,0,0,0,0,0,0,0,9.73,0,9.1,0.05,0.0873,0,0,0.39,0.99,0.1294,0,0.0512,0.41,9.05,0,0,0,0,0,0.03,0,0,0,0
"Greece",0.04,0,0,0,0,0,0,0,0,0,0,0,0,0,0,0,0.94,0.87,0.67,0.44,0,0,0,1.12,1.58,0.24,0.0512,0,0,6.03,0,0,0,0,0,1.2,0,0,0,0
"Romania",0.37,0,0,0,0,0,0,0,0,0,0,0,0,0,0,0,2.12,0.01,12.44,3.9,0.8793,0,0,18.7,13.22,0.68,0.41,0,0,0.57,0,0,0,0,0,0.2,0,0,0,0
"Russia",20.32,0,0,0,0,0,0,0,0,0,0,0,0,0,0,0,36.54,60.52,11.99,40.18,5.82,3.74,0,70.44,1.39,30.08,9.05,6.03,0.57,0,2.7,6.31,0,0,0,4.99,10.13,0,0.27,0
"Sweden",0.14,0,0,0,0,0,0,0,0,0,0,0,0,0,0,0,9.19,4.11,5.58,5.46,0,2.94,0,11.97,0,0,0,0,0,2.7,0,0.09,0,0,0,9.55,0,0,0,0
"Denmark",16.57,0,0,0,0,0,0,0,0,0,0,0,0,0,0,0,30.89,2.16,1.76,2.17,0,0,0,19.7,0,0,0,0,0,6.31,0.09,0,0,0,0,0.0093,0,0,0,0
"Ethiopia",0,0,0,0,0,0,0,0,0,0,0,0,0,0,0,0,0,0,0,0,0,0,0,0,0,0,0,0,0,0,0,0,0,0,0,0,0,0,0,0
"Morocco",0,0,0,0,0,0,0,0,0,0,0,0,0,0,0,0,0.23,0,0,0.31,0,0.76,0,0.46,0,0,0,0,0,0,0,0,0,0,0,0,0,0,0,0
"Iran",0,0,0,0,0,0,0,0,0,0,0,0,0,0,0,0,0.59,0,0,0.23,0,0,0,0,0,0,0,0,0,0,0,0,0,0,0,0.08,0.96,0,0,0
"Turkey",1.98,0,0,0,0,0,0,0,0,0,0,0,0,0,0,0,5.96,0.16,2.96,7.9,0,0.01,0,0.7,2.76,6.22,0.03,1.2,0.2,4.99,9.55,0.0093,0,0,0.08,0,0,0,0.0797,0
"China",8.05,0,0,0,0,0,0,0,0,0,0,0,0,0,0,0,12.17,0,0,0,0,0,0,0,0,0,0,0,0,10.13,0,0,0,0,0.96,0,0,0,4.89,0
"Korea",9.12,0,0,0,0,0,0,0,0,0,0,0,0,0,0,0,0,0,0,0,0,0,0,0,0,0,0,0,0,0,0,0,0,0,0,0,0,0,1.69,0
"Japan",22.02,0,0,0,0,0,0,0,0,0,0,0,0,0,0,0,14.95,44.03,3.38,0.84,2.62,0,0,21.29,0.19,12.48,0,0,0,0.27,0,0,0,0,0,0.0797,4.89,1.69,0,3.31
"Thailand",0,0,0,0,0,0,0,0,0,0,0,0,0,0,0,0,0.71,0,0,0,0,0,0,0,0,0,0,0,0,0,0,0,0,0,0,0,0,0,3.31,0
