"","United States of America","Canada","Bahamas","Cuba","Haiti","Dominican Republic","Jamaica","Trinidad and Tobago","Barbados","Dominica","Grenada","Mexico","Guatemala","Honduras","El Salvador","Nicaragua","Costa Rica","Panama","Colombia","Venezuela","Guyana","Suriname","Ecuador","Peru","Brazil","Bolivia","Paraguay","Chile","Argentina","Uruguay","United Kingdom","Ireland","Netherlands","Belgium","Luxembourg","France","Switzerland","Spain","Portugal","German Federal Republic","German Democratic Republic","Poland","Austria","Hungary","Czechoslovakia","Italy","Malta","Albania","Yugoslavia","Greece","Cyprus","Bulgaria","Romania","Russia","Finland","Sweden","Norway","Denmark","Iceland","Cape Verde","Sao Tome and Principe","Guinea-Bissau","Equatorial Guinea","Gambia","Mali","Senegal","Benin","Mauritania","Niger","Ivory Coast","Guinea","Burkina Faso","Liberia","Sierra Leone","Ghana","Togo","Cameroon","Nigeria","Gabon","Central African Republic","Chad","Congo","Democratic Republic of the Congo","Uganda","Kenya","Tanzania","Burundi","Rwanda","Somalia","Djibouti","Ethiopia","Angola","Mozambique","Zambia","Zimbabwe","Malawi","South Africa","Lesotho","Botswana","Swaziland","Madagascar","Comoros","Mauritius","Seychelles","Morocco","Algeria","Tunisia","Libya","Sudan","Iran","Turkey","Iraq","Egypt","Syria","Lebanon","Jordan","Israel","Saudi Arabia","Yemen Arab Republic","Yemen People's Republic","Kuwait","Bahrain","Qatar","United Arab Emirates","Oman","Afghanistan","China","Mongolia","Taiwan","North Korea","South Korea","Japan","India","Bhutan","Pakistan","Bangladesh","Myanmar","Sri Lanka","Maldives","Nepal","Thailand","Cambodia","Laos","Vietnam","Malaysia","Singapore","Philippines","Indonesia","Australia","Papua New Guinea","New Zealand","Solomon Islands","Fiji","Samoa"
"United States of America",0,662.199,830.78,0.3,104.747,148.67,15.859,1091.96,49.94,3.79,4.826,1631.5,24.204,86.783,15.714,40.751,41.441,133.318,105.63,1049.6001,8.251,36.118,233.9,177.36,465.908,36.484,15.032,388.8,93.57,71.947,921.7998,259.94,2847.6,902.645,39.6554,1603.5996,104.8,1111.6201,417.96,0,132.2,298.18,54.6,94.47,38.7,653.2002,26.97,0.9,192.5,217.6,34.67,28.1,145.93,1719.4,9.68,71.7,469.91,77.98,134.312,0,0,5.017,0.1,1.371,6.779,56.665,12.996,5.7,14.983,317.68,53.2,27.048,34.379,55.1,121.49,3.54,25.913,3916.9999,170.861,4.677,5.9,73.92,175.5,81.116,49.231,45.914,27.209,41.708,5.834,4.3,72.696,400.6,21.6,72.8809,0.6,2.694,1264.3,14,61.6,14.9,96.911,0.3,10.013,2,200.45,3111.47,71.51,4073.1999,48.48,3219.6001,96.78,154.5,985.95,61.5,126.7,109.23,380.2601,1552.5,32.918,20.5,551.1,104.88,243.02,1649.9,325.89,4.354,363.8,4.3,3359.8999,9,1043.5,11541.8,151.17,0,401.74,96.81,39.337,9.194,0,5.1,257.27,0.2,0.2,1.6,771.76,545.51,261.79,3067.1999,1607.2399,41.7,103.66,0.812,3.387,3.97
"Canada",662.199,0,3.52,134.1,11.157,5.22,18.279,46.16,16.764,1.254,2.452,52.4,3.278,16.524,0.402,3.304,10.652,4.896,7.44,863.4,17.385,5.965,60.87,7.05,215.253,10.014,3.444,13.3,23.88,3.925,551.4,7.93,141.2,183.6326,8.0674,71.1,158.6,20.2,2.13,0,14.3,149.67,26,4.96,42.4,58.1,0.51,9.1,7.33,0.99,10.394,0.9,5.05,458.3,6.8,145.1,97.56,20.17,0.218,0,0,0,0,0.046,0.898,4.511,0.239,3.7,0.679,17.34,22.6,0.745,0.926,4.6,15.044,1.688,1.051,29.4,54.117,0.046,0,2.183,4,1.213,7.203,9.356,0.016,0.595,0.658,0,1.156,1.4,3.2,9.8533,0,8.763,44.4,0,0,0,0.924,0,6.606,0,26.36,164.66,32.26,6.1,4.369,518.5,26.82,117,40.01,23.65,25.9,6.53,20.16,652.7,2.481,10.7,33.2,1.23,0.2,33.8,3.11,4.9,482.9,0,292.3,0.3,146.1,1020.6,187.58,0,67.05,80.97,3.267,1.06,0,0,51.52,9,9,20.2,0.18,33.56,0.59,53.4,34.47,3.1,9.95,0,4.233,0.089
"Bahamas",830.78,3.52,0,0.18,0.072,0,2.183,1.38,0.114,0,0,0.95,16.78,0.05,0.023,0.04,0.014,0.529,0.91,84.2,0.657,0.009,50.61,0.66,27.808,0,0.34,0.03,0.52,0.004,153.92,34.44,47.16,3.027,0.133,5.7,2.6,2.45,0.46,0,0,0,1.53,0.13,0,19.48,0.11,0,0,0.09,0.01,0,0,0.01,0.02,2.13,43.71,11.03,7.272,0,0,0,0,9,9,0,0,0,0,2.1,0,0,0,0,0,0,0,274.52,3.4,0,0,0,69.34,0,0,0,0,0,0.01,0,0,276.18,0,0.0018,0,0,0,0,0,0,0,0,0,9,0.05,67.4,46.97,360.51,0,373.07,0,0,0,0,0,0,0.04,905.61,9,0,0,0,9,0,9,0,0.01,0,0.07,0,0.7,16.93,0.06,0,2.01,0,0,0.001,0,0,0.05,0,0,0,0.05,0,1.58,142.84,2.38,9,0.51,0.02,0.015,2.89
"Cuba",0.3,134.1,0.18,0,0,0,2.664,12.9,1.923,0,0.265,22.8,0,0,0.001,0,6.357,0.014,3.28,11.3,0.264,0.668,0,20.6,0,0,9,0,118.26,0,37.7,5.73,12,31.4197,1.3803,13.9,27,4.44,15.01,0,0,1.44,2.6,9.93,0,6.8,0.04,0,18.59,9.1,9.115,0,2.98,0,18.03,15.6,0.84,24.26,5.01,0,0,0,0,9,0,0,9,0,0,0,0,9,0,0,0.003,0,0.022,0,0.072,9,0,0,9,0,0,0,0.04,9,9,0,0,0,0,0,0,0,0,0,0,0,9,9,9,0,23.55,0,0.62,9.5,2.596,9,0.2,19.8,25.72,26.22,0,0,0,3.6,11.347,0,9,9.02,0,0,0,0,34.5,0,0,0,0,106.5,0.1,0,0,9,9,0.015,0,0,0,0,0,0,0.5,2.55,0,22.8,1.98,0,0,0,0.013,0
"Haiti",104.747,11.157,0.072,0,0,2.499,2.438,0.057,0.028,0,9.002,0.688,0.131,0.679,0.152,0.598,0.142,0.809,0.24,10.983,0.301,0.113,1.053,0,2.161,0,0,0.068,1.659,0,4.962,0.001,2.294,4.6938,0.2062,19.316,1.084,1.411,0.086,0,0,0.535,0.068,0.399,0.761,11.587,0,0,0.04,0.073,0,9.14,0.507,0,0.123,1.526,0.422,0.1,0.023,0,0,0,0,0,0,0,9,0,9.001,0,0,0,0.002,0,0,0,0,0.006,0,9,0,0,0,0,9,0.005,0,9,0,9,9.002,0,9.235,0.088,9,0,0,0,0,0,0.008,9,0,0,0.18,0,0,0,0,0,0.005,9,0,0,0.171,0,0.001,9,9.769,0,9,0,0,0,0,0,4.444,0,0,0,0.823,19.066,0.116,0,0.088,0,0,0,0,0,0,0,0,9,9,0.448,0.006,0,0.079,0,0.059,0,0,0
"Dominican Republic",148.67,5.22,0,0,2.499,0,1.695,2.3,0.192,0,0.59,14.63,2.992,5.366,0.527,0.2,2.205,5.902,4.73,121.72,0.098,1.192,0.01,0.54,9.168,0,0,5.88,3.17,0.416,11.26,0.43,9.75,15.5661,0.6839,0.3,3,10.48,0.17,0,0.03,0.12,0.32,0.11,0.38,11.66,0,9,0.06,0.02,0,0,0.42,0.03,0.51,6.17,6.64,0.34,0.07,0,9,0,0,0,0,10.56,9,0,0,9,0,0,0,9,0,9,0.037,0,0,0,0,0,9,0,0,9,0,0,0,9,9,9,9,0,0,9,1.86,0,0,0,0,0,0,0,5.62,2.22,0,0,9,0,0,0,5.91,9,0,0,0.51,0,0,9,9,0,9,0,0,0,0.04,9,12.3,0.26,2.19,64.29,0.55,0,0.01,0.62,0,0,0,0,0.03,0,9,9,0.09,0.11,1.44,0,0.15,0,2.27,0,0,0
"Jamaica",15.859,18.279,2.183,2.664,2.438,1.695,0,2.765,3.885,0.011,0.762,4.885,0.646,2.747,0.349,1.147,0.737,1.33,1.094,129.742,15.877,1.501,0.494,0.78,5.982,0,0.854,0,5.48,0.717,72.352,2.626,10.343,4.9428,0.2172,9.683,3.999,5.843,0.196,0,0.04,3.489,0.253,0.302,0.113,5.621,0.099,0,2.074,0.045,0.005,9,0.197,12.067,0.53,0.989,47.324,1.732,0.003,0,0,9,0,0,0,0,0,0.001,9,0.147,9.156,0,0.048,0.001,27.247,0,0.317,0.028,0,0,0,0.004,0.031,0,0.005,0.037,0,9,0.01,0,0.008,0.003,0,0.0045,0,0,0,0,0,0,0,0,0.021,0.008,0.031,0.007,0.02,0,0.001,0.008,0.027,0,0.02,0.003,0.026,0.001,0.155,0.003,0.031,0,0,0.03,0,0,0.011,0.043,1.207,0,6.401,0,1.32,19.516,0.306,0,0.115,0.088,0,0.125,0,9.006,0.008,0.022,0,0,0.458,0.505,0.066,0.869,5.206,0.01,3.314,0,0.052,0
"Trinidad and Tobago",1091.96,46.16,1.38,12.9,0.057,2.3,2.765,0,14.528,1.722,5.225,2.74,9.519,18.708,0.67,0.986,0.26,1.81,4.93,16.88,57.247,59.099,0.13,2.19,8,0.04,0.12,0.01,4.22,1.117,188.56,2.44,18,4.0041,0.1759,34.57,2.1,2.22,1.37,0,0.28,0.35,0.45,0.28,10.03,1.23,0.13,0,0.05,0,0.02,0,1.14,9.14,0.4,11.84,3.37,5.54,0,0,0,0,0,3.558,9.108,0,0,0,0,0,0,0,1.778,0,0.64,0.421,7.981,0.63,0,0,0,0,0,0,0.11,0.08,9,0.01,0,0,0,0,0.94,0.0082,0,0,0,0,0,0,0,0,0.386,0,5.41,0,0,28.4,0,13.68,0.16,0.75,0.01,0,9,0,0.07,429.87,9,0,0,0,0,0,88.48,0,4.46,0,11.35,9.07,0.63,104.07,2.95,0,0.06,0,0,0.05,0,0,0.03,0,0,0,0.67,1.27,0.33,275.82,16.02,0,12.73,0,0.002,0
"Barbados",49.94,16.764,0.114,1.923,0.028,0.192,3.885,14.528,0,0.364,1.413,0.491,0.213,3.096,0.111,0.113,0.124,0.036,0.401,10.409,4.201,0.57,0.003,0.032,3.724,0.006,0,0.566,2.278,0.37,46.592,4.962,5.371,2.596,0.114,3.617,1.369,0.935,0.359,0,0.051,0.176,0.085,0.098,9.329,2.088,0.05,0,0.059,0.036,0.062,0,0.079,0.049,0.054,0.435,2.988,1.103,0,0,0,0,0,0,0,0,0,0,0,0,0,0,0,0,0.1,0,0,0.001,9,0,0,0,0,0,0.242,0.002,9,0,0,0,0,0,0.024,0,0,0,0,0,0,0,0.014,0,0,0,0.011,0,0,0,0,0.011,0.011,0.003,0.007,0,9.08,9,0.094,1.5,0,0.005,0,0.008,0,0,0,0.001,0.413,0,2.062,9,0.273,10.635,0.257,0,0.007,0,0.009,0.348,9.002,0,0.021,0,0,0,3.12,0,0.052,0.04,5.185,0,4.717,0,0,9
"Dominica",3.79,1.254,0,0,0,0,0.011,1.722,0.364,0,0.251,0,0,0,0,0,0,0,0.17,0.3,0.159,0.024,0,0,0,9,0,0,0,0,3.032,0,0.418,0,0,0,0,0,0,0,0,0,0,0,0,0,0,0,0,0,0,0,0,0,0,0,0,0.173,0,0,0,0,0,0,0,0,0,0,0,0,0,0,0,0,0,0,0,0,0,0,0,0,0,0,0,0,0,0,0,0,0,0,0,0,0,0,0,0,0,0,0,0,0,9,0,0,0,0,0,0,0,0,0,0,0,0,0,10.1,0,0,0,0,0,0,0,0,0,0,0,0,0,0,0,0,0,0,0,0,0,0,0,0,0,0,0,0,0,0,0.183,0,0.236,0,0,0
"Grenada",4.826,2.452,0,0.265,9.002,0.59,0.762,5.225,1.413,0.251,0,0.056,9,0.488,0,9.004,0.043,0,0.258,0.008,0.933,0.322,9,0,0.109,0,9,9,0.162,9,2.224,0.113,1.081,1.1878,0.0522,0.046,0.024,0.217,0,0,0.026,0.332,0,9.042,0.077,0.147,0,0,0,0.003,0,9,0,0.053,0.048,0.082,0.039,0.454,9,0,0,0,0,0,0,9,0,0,0,0,0,0,0,0,0,0,0,0,0,9,0,0,0,9,9,9,0,0,0,0,0,9,9,0,0,9,0,0,0,0,9,0,0.001,0,9,0,0,9,9,9,9,9,0,0,9,9.039,0,9,9,9,0,0,0,0,9,9,0.061,0,0.178,9,0.066,1.439,0.065,0,9,9,0,0,0,0,0.011,0,0,0,9.104,0,9.03,9,0.179,0,0.426,0,0,0
"Mexico",1631.5,52.4,0.95,22.8,0.688,14.63,4.885,2.74,0.491,0,0.056,0,46.542,17.22,25.472,9.581,38.882,10.915,38.5,117.6,0.435,1.233,10.69,6.01,112.507,0.774,0.844,23.2,56.3,1.058,110.9,5.03,26,37.0714,1.6286,189.2,79.6,28.09,3.38,0,3.3,0,4.8,3,3.6,185.1,0.01,0,26.2,0.84,0.007,0,2.83,1,6.24,60.9,3.7,13.1,0.103,0,0,9,0,0,9,0,0,0,0,3.5,0,9,9.1,0,0.017,0,0.592,0,0,0,0,0.2,0,0,0.1,0,0,9,0,0,0,0,0,0.0409,0,9,5.8,0,0,0,9,9,0.083,0,19.3,5.2,0.75,0.2,0,4.1,0.48,11,1.36,9,0.1,0,0.32,0.8,9.009,0,0.1,0.02,0,0,9,0,73.6,0,0,9,16.5,250.9,13.81,0,3.89,1.13,0,5.631,0,9,2.87,9,0,9,0.78,21.78,2.01,2,14.5,0.686,3.5,0,0.093,9
"Guatemala",24.204,3.278,16.78,0,0.131,2.992,0.646,9.519,0.213,0,9,46.542,0,19.012,36.593,21.366,31.456,9.81,5.64,89.534,0.002,0.127,1.391,0.757,11.804,0.359,0,0.29,5.748,0.054,20.976,1.039,14.126,4.6459,0.2041,10.452,9.523,3.385,1.626,0,0,0,7.802,0,1.778,38.192,0.01,9,2.029,0.002,0,0.234,0,0,28.942,6.746,6.713,7.837,0.009,0,0,0,0,0,0,9,0,9,0,0,0,0,0,0,0,9,0,0.003,9,0,0,9,0,9,0,0,9,0,0,0,0.118,0,9,0.0545,0,0,1.705,9,0,0,0.011,0,0,0,0.089,0,0,0,0,0.005,0.002,9,0.007,0,9,0,0.265,6.4,0,9,0,2.63,9.02,0,9,9,45.2,9,31.18,0,1.188,49.302,0.142,0,0.077,0,9,0.201,0,0,3.941,0,0,0,0,0.212,0.686,0.357,3.77,9,0.254,0,0,0
"Honduras",86.783,16.524,0.05,0,0.679,5.366,2.747,18.708,3.096,0,0.488,17.22,19.012,0,0,8.053,12.72,5.897,2.147,35.654,0,1.229,0.6,0.9,14.731,0,0,0.023,3.68,0.018,14.402,0.5,1.528,0.8334,0.0366,8.429,9.778,1.767,0.012,0,0.396,0.31,9.604,1.46,1.603,8.244,0,0,0.059,1.91,0,0,0.162,0.283,1.977,9.588,2.826,1.221,0.29,0,0,0,0,0,9,0,0,0,0,9,0,0,0,9,0,0,0,0,0,9,0,0.002,0,9,0,9,9,0,0,0,9,0,0,0,9,0,0.522,0,0,0,0,0,0,0,0.67,0,0.32,0.1,0,0,0.06,9,0,0.562,0,0,0.053,0.5,9,0,0,0,9,0,9,0,1.151,9,0,0,2.055,46.53,0.013,0,0.04,0,0,0.035,0,0,0,0,0,9,0.056,0,0.04,0,0.308,9,0,0,9,0
"El Salvador",15.714,0.402,0.023,0.001,0.152,0.527,0.349,0.67,0.111,0,0,25.472,36.593,0,0,10.302,13.463,15.542,3.219,77.108,0,0.235,0.128,3.605,6.067,0.001,0.033,0.274,3.775,0.147,18.281,0.982,8.468,5.4601,0.2399,0.228,1.94,42.004,0.018,0,0,0.017,8.765,0.192,0.757,0.829,0.004,0,22.234,0.008,0.015,0.004,2.685,0.071,2.079,1.778,0.166,1.886,0.008,0,0,0,0,0,0,0,0,0,0,9,0,0,0,0,0,0,0,0,0,0,0,0,0,0,0.002,0,0,9,0,0,0,0.025,0.007,0,0,0,0.245,0,0,0,0,0,0,0,0.066,0,0.02,0,0,0.003,0,0,0,0,0.001,0,0.156,0.094,9.071,0,0,0,0,0,9,0,0,0,22.796,0,6.504,57.257,1.16,0,0.034,9,0,0.204,0.018,0,0.454,0.003,0,0,0.046,0.528,0.176,0.377,3.288,0,2.76,0,0,0
"Nicaragua",40.751,3.304,0.04,0,0.598,0.2,1.147,0.986,0.113,0,9.004,9.581,21.366,8.053,10.302,0,13.15,5.573,5.316,66.845,0,0,0.003,0.336,3.47,0,0,0.302,1.353,0.02,7.791,0.197,1.942,9.4355,0.4145,9.845,2.765,13.436,0.195,0,0,0.153,11.848,1.086,0.701,16.558,0,9,0.771,0.044,0,0,2.25,0.079,1.564,0.281,0.256,7.998,0.044,0,0,0,0,0,0,0,9,0,0,0,0,0,0,0,0,0,0,0.002,0,0,0,9.003,0,0,0,0,0,0,0,0,0.001,0,0,0,0,0,1.767,0,0,0,0,0,0,0,1.23,0,0,0,0,0.027,0,0,0,0,0.023,0,0.29,0.328,9,0,0,0,0,0,0,0,66.33,0,30.644,0,1.218,21.02,0.645,0,0.001,9,0,0.121,0,0,4.639,0,0,0,0.028,0.156,1.454,0.778,1.579,0,0.049,0,0,0
"Costa Rica",41.441,10.652,0.014,6.357,0.142,2.205,0.737,0.26,0.124,0,0.043,38.882,31.456,12.72,13.463,13.15,0,8.261,4.229,8.682,0.195,0.418,0.905,2.043,17.997,0.124,0.001,0.951,4.375,0.046,23.777,2.032,14.827,1.207,0.053,0.723,23.285,25.861,0.277,0,3.685,4.973,10.768,1.056,0.522,16.22,0.03,0.005,2.544,1.992,0.115,0.012,2.516,1.181,39.296,14.896,9.964,5.689,0.314,0,9,0,9,0,0,0,0,0,0,0,0,0,0,0,0,0,0,0,0,0,0,9,0,9,0,0.001,9.002,0,0,9,0,0,0,0.0055,0,9,0.003,9,0,0,0.002,0,0,0,0.72,0,0,0,0.042,0.013,0.005,0.007,0.118,0.263,0.256,0.059,2.672,0.8,9,9,0,0,0.118,9,9,9,0.237,9,4.228,0.109,2.917,145.552,0.073,0,0.017,9,0.025,0.029,0,0,0.032,9,9,9,0.004,0.023,0.212,0.024,0.047,0,2.432,0,9,9
"Panama",133.318,4.896,0.529,0.014,0.809,5.902,1.33,1.81,0.036,0,0,10.915,9.81,5.897,15.542,5.573,8.261,0,32.909,57.808,0.554,3.318,138.153,2.059,31.267,0.113,0.005,8.294,7.171,0.764,13.525,0.463,0.724,4.6459,0.2041,2.273,146.18,19.779,1.502,0,0.239,1.194,9.713,0.35,2.187,14.781,0,9,12.936,0.217,0,0,0.2,0.022,3.401,1.787,3.778,0.806,0.457,0,0,9,9,0,0,0,0,0,0,0,0,0,9,0,0,0,0,0.354,0,0,0,0.002,0,0,0,9,0,9,9.003,0,0,9,0,0,0,0,0.171,0,0,0,9,0,0,0,0.27,0,0,2.6,0,0.878,0.036,6.443,0,0,9,0,6.145,10.723,0.02,0,0.411,0,9,0,9,0,1.619,0,14.031,0,18.278,43.519,0.47,0,1.613,0,0,0.053,0,0,0.764,9,9,0,0.214,1.517,1.011,0.179,1.332,0,2.427,0,0,9
"Colombia",105.63,7.44,0.91,3.28,0.24,4.73,1.094,4.93,0.401,0.17,0.258,38.5,5.64,2.147,3.219,5.316,4.229,32.909,0,61.26,0.2,1.202,33,13.76,92.559,2.629,0.605,22.19,33.12,3.68,46.11,0.74,144.99,29.6954,1.3046,33.39,31.34,0.17,0.17,0,19.79,29.02,24.68,1.91,5.11,82.26,0.06,0,5.55,1.34,0,0.45,4.59,1.83,76.13,95.86,31.56,26.16,0.152,0,0,9,0,0,0.01,0,0.01,9,0,0,0,0,0.03,0.02,0.06,0,0.031,0.43,0,0,0,0.001,0,0,0.01,0,0,9.01,0.01,0,0.02,0,0,0.0073,0,9,3.87,9,9,0,0,9,0.001,9,2.82,40.58,0.8,2.3,0.04,0.26,0.04,0,0.02,3.46,0.69,0,0.81,0.1,9.848,0,0.05,0,0,0.01,0,9,0.15,9,9.79,0.31,0.65,186.17,0.04,0,0.05,0.2,0,0.224,9,0,0.17,0,9,0,1.07,6.43,0.18,0,0.3,0.04,1.17,0,9,0
"Venezuela",1049.6001,863.4,84.2,11.3,10.983,121.72,129.742,16.88,10.409,0.3,0.008,117.6,89.534,35.654,77.108,66.845,8.682,57.808,61.26,0,8.94,4.481,9.75,7.02,106.075,1.945,1.482,75.5,160.36,14.008,291,8.94,177,78.9324,3.4677,324.8,124.6,199.23,7.96,0,1.6,9.3,17.6,1,14.1,355.8,0.07,9,85.52,0.92,0,0.8,3.9,1.3,111.14,40.4,20.49,39.39,0.086,0,0,0,0,0,1.004,2.154,0.26,9,0.027,51.75,0,9.678,4.803,0,0.008,0.165,0.142,0.7,0,0.006,9,0.5,0,0,0,0,0,0,0.005,0,0,0,42.3,0,0,0,0,0,0,0,0,0,0,0,26.47,2.6,0.2,0,0,0.5,21.16,9,0,0,0,0,4.51,0,9,9,0,0,0,0,0,0,33.3,0,36.7,0,11.9,1067.9,14.79,0,0.5,0,7.269,0.009,0,0,1.8,9,0,0,2.52,4.35,2.1,4.8,46.07,0,7.89,0,0,9
"Guyana",8.251,17.385,0.657,0.264,0.301,0.098,15.877,57.247,4.201,0.159,0.933,0.435,0.002,0,0,0,0.195,0.554,0.2,8.94,0,0.41,0,0.256,0.152,0,0,0.227,2.367,0.017,32.413,0.024,0.319,1.6093,0.0707,5.131,0.907,4.859,2.673,0,3.61,0.006,0.139,0.068,0.018,4.33,0.01,0,0.007,0.071,0,0.002,0,2.475,0.139,0.37,12.656,0.819,0,0,0,0,0,0,9,0,0,0,0,0,0,9,0,0,0,9,0,0.016,0,0,0,0,0,0,0.028,0,9,0,0,0,0,0,0,0.016,0,0.079,0,0,0,0,0,0,0.002,9,0.008,0.002,0.16,0,0.002,0.14,0,9.039,0.127,0,0,0.006,0.134,0.394,0.01,0,0.012,0,0,0,0.001,9,4.128,0,0.027,0.122,0.146,12.612,1.337,0,0.018,1.329,0,0.035,0,0,0.436,0,0,0,0.31,0.252,0.007,0.072,0.267,0,0.823,0,0,0
"Suriname",36.118,5.965,0.009,0.668,0.113,1.192,1.501,59.099,0.57,0.024,0.322,1.233,0.127,1.229,0.235,0,0.418,3.318,1.202,4.481,0.41,0,0,0.075,2.106,9,0,0.011,0.046,0.002,13.152,0.143,16.439,0.0766,0.0034,8.873,1.096,3.406,0.296,0,0.082,0.094,0.315,0.344,0.303,5.347,0,0,0.006,0.001,0,0.003,0.455,2.056,0.023,2.135,59.512,2.179,4.759,0,0,0.008,0,0,0,0,0,0,0,0,0,9,9,0,0,0,0,0,0,0,0,9,0,0,0,0,0,0,0,0,0,0,0,0,0,0,0.001,0,0,0,9,0,0,0,0.07,0,0.38,0,0.001,0.004,0.011,0,0,0,0,0,0,0.499,0,0,0,0,0,0,0,0,11.644,9,0,0,0.913,4.614,0.42,0,0.01,0,0.004,0,0,0,0.006,0,0,0,0.426,0,0.109,0.118,0.123,0,0.08,0,0,0
"Ecuador",233.9,60.87,50.61,0,1.053,0.01,0.494,0.13,0.003,0,9,10.69,1.391,0.6,0.128,0.003,0.905,138.153,33,9.75,0,0,0,13.78,8.913,0.246,0.202,76.6,9.22,0.627,38.72,9.57,0.49,0.3448,0.0152,14.46,21.79,17.7,1.16,0,6.84,5.85,10.74,25.04,1.49,1.02,0.59,9,35.73,5.47,0,0.45,2.87,3.32,6.78,10.71,4.05,3.47,0.085,0,0,0,0,9,9,0,9,0,0,0,0,0,0,0,0,0,0,9,0,9,0,0.033,9,9,0,9,0,9,9,0,0,0,0,0,0,9,8.73,0,0,0,9,0,0,0,2.05,0,3.77,0,0,0,0,9,0,0,0,0,0.69,2,0,0,0,0.05,10.73,8.4,0.12,0,2.77,0,4.45,9,6.5,217.02,0.37,0,0.02,9,0,0.397,0,9,0.01,0,9,0,1.49,0.53,0.01,0.81,5.85,0,7.45,0,0,9
"Peru",177.36,7.05,0.66,20.6,0,0.54,0.78,2.19,0.032,0,0,6.01,0.757,0.9,3.605,0.336,2.043,2.059,13.76,7.02,0.256,0.075,13.78,0,21.66,12.703,0.194,25.82,23.64,2.033,17.73,4.83,0.49,30.4713,1.3387,1.17,1.19,2.77,0.48,0,10.77,33.6,3.47,7.19,14.98,44.54,0.01,0,38.01,0.02,0,6.22,16.96,10.72,2.69,12.82,3.08,1.83,0.158,0,0,0,0,0,0,0,0,0,0,0,0,0,0,0,0,0,0,2.82,0,0,0,0.013,0,0,0,0,0,9,9,0,0,0,0,0,0,0,6.42,0,9,0,0,0,0,0,0.19,2.38,0,0,0,1.91,0.07,0,0,0,0,0.08,3.35,0,0,0,0,0.05,0,0,0,0,30.26,0,9.21,1.02,17.54,198.6,2.6,0,0.01,0.03,0.012,0.817,0,0,0.08,9,0,9,0.22,6.6,3.2,0,6.27,0.04,12.5,0,0.512,0
"Brazil",465.908,215.253,27.808,0,2.161,9.168,5.982,8,3.724,0,0.109,112.507,11.804,14.731,6.067,3.47,17.997,31.267,92.559,106.075,0.152,2.106,8.913,21.66,0,13.816,17.524,64.47,313.192,63.557,115.074,7.568,229.466,77.5338,3.4062,238.839,216.219,209.175,33.423,0,28.597,163.99,87.112,147.581,34.85,190.289,2.899,9.67,21.587,52.459,6.849,23.015,25.018,156.819,1.738,54.901,47.07,153.533,3.353,0,9,0.07,9,2.847,0.022,14.461,2.48,0.459,0.31,7.603,0,10.84,1.944,1.11,2.844,7.3,2.838,102.398,101.889,0.148,9.08,46.404,10.834,1.311,2.341,12.782,0.201,0.06,6.069,0.09,1.468,22.59,5.02,0.3682,0,0.09,90.164,0,9,9,0.451,0,0.134,0.078,0.89,143.488,1.147,93.683,8.312,561.321,44.64,1418.722,31.876,30.406,18.318,5.48,1.222,1639.502,0.176,0,562.272,1.204,10.39,89.832,1.79,0,69.175,9,14.815,1.09,24.835,679.4,75.094,0,49.582,1.99,0.025,2.906,0,0,25.488,9,0,0,33.671,15.987,69.497,39.3,59.185,1.33,6.67,9,0.164,9
"Bolivia",36.484,10.014,0,0,0,0,0,0.04,0.006,9,0,0.774,0.359,0,0.001,0,0.124,0.113,2.629,1.945,0,9,0.246,12.703,13.816,0,0.223,4.176,15.394,0.514,28.557,1.78,4.291,4.301,0.189,13.771,9.071,4.91,29.32,0,0,0,2.1,0,0,4.983,0,0,1.17,0.04,0,9,0,0,0.5,18.209,0.29,7.72,0,0,0,0,0,0,0,9,0,0,0,0,9,0,0,9,0,0,0,9,0,9,0,0,0,0,0,9,0,0,0,0,0,9,0,0,9,0,0,9,9,0,9,0,0,0,0.09,0,0,0,0,0,0.01,0,0,0,0,0,1.33,1,9,0,0,0,9,0,9,9,0,0,0,0,1.9,89.871,0.27,0,0.01,0.01,0,0.791,0,0,1.51,0,9,0,1.01,0,0,0,0.17,9,0,0,0,0
"Paraguay",15.032,3.444,0.34,9,0,0,0.854,0.12,0,0,9,0.844,0,0,0.033,0,0.001,0.005,0.605,1.482,0,0,0.202,0.194,17.524,0.223,0,20.643,10.924,1.463,19.45,1.305,10.725,0.2682,0.0118,13.435,4.912,23.733,10.789,0,9,9,0.492,9,9,59.465,0.01,0,4.96,1.326,0,0,9,9,0.178,3.845,0.013,5.294,0,0,0,0,0,0,9,0,0,0,0,0,0,9,9,0,0,0,0.004,0,0,0,0,0.058,0,0,9,0,9,0,0,0,0,0,0,9,9,0,0.381,0,0,0,1.834,0,0,0,0.25,37.283,0.01,0,0,9,0,9,0,9,9,0,0,0.2,0,0,0,0,9,0,0,0,0,0,4.221,9,0.389,7.588,0.01,0,0,0.1,9,0,0,0,0.16,0,9,0,0.17,0.25,0,0.9,0.26,0,0,0,0,0
"Chile",388.8,13.3,0.03,0,0.068,5.88,0,0.01,0.566,0,9,23.2,0.29,0.023,0.274,0.302,0.951,8.294,22.19,75.5,0.227,0.011,76.6,25.82,64.47,4.176,20.643,0,42.67,2.617,92.5,0.24,10.3,59.8698,2.6302,10.4,26.1,19.35,1,0,8.4,0,12.3,0,0,116.3,0.02,0,0.21,4.74,0,0,6.48,0,1.8,1,3.75,6.33,0.02,0,0,0,0,0,0,0,9,0,0,0,0,9,0,0,0,9,0,9,67.9,0,0,7.114,0,0,0,0,0,9,0,0,0,9,0,0,0,0,3.8,0,0,0,0,0,0.115,0,0.01,0,0.6,0,0,151.1,0.07,0,2.32,0,0,0,0.39,2.3,9,9,0.8,1.22,0.26,12.5,9,0,26.9,0,2.4,4.3,21.4,143.8,0.55,0,0.03,2.62,0,2.871,0,0,2.29,0,0,9,4.82,6.35,3.06,0.2,1.69,0,0.42,0,0,0
"Argentina",93.57,23.88,0.52,118.26,1.659,3.17,5.48,4.22,2.278,0,0.162,56.3,5.748,3.68,3.775,1.353,4.375,7.171,33.12,160.36,2.367,0.046,9.22,23.64,313.192,15.394,10.924,42.67,0,56.158,123.05,4.38,282.83,119.8353,5.2647,189.19,11.82,312.4,49.77,0,30.51,5.75,20.18,19.57,6.42,240.9,2.89,9.54,2.94,65.87,5.117,19.64,48.14,374.32,12.34,17.33,4.44,106,0.097,0,0,0,0,1.13,0.057,3.585,0.54,0.06,0,5.13,0,0.97,1.64,0.11,4.144,0.79,1.511,4.12,127.131,0.054,9,0.677,0.3,0,0.019,0.003,0.001,0,0.02,9,0.009,11.02,3.4,0.0273,0,0,11.45,0,0.04,9,0,0,0.102,0.02,13.77,62.03,9.36,4.8,3.197,23.87,0.66,8.1,24.83,4.9,17.33,9.87,36.19,14.55,0.53,1.93,3.78,0.03,0.07,1.49,0.16,0,86.95,0,49.55,6.57,17.4,198.13,21.23,0,0.27,4.7,0,7.84,0,0,2.47,0,9,17.51,4.89,5.32,3.53,6.77,19.92,0.02,0.96,0,0.003,0
"Uruguay",71.947,3.925,0.004,0,0,0.416,0.717,1.117,0.37,0,9,1.058,0.054,0.018,0.147,0.02,0.046,0.764,3.68,14.008,0.017,0.002,0.627,2.033,63.557,0.514,1.463,2.617,56.158,0,16.063,0.29,25.236,6.5521,0.2879,12.775,0.822,5.632,1.451,0,4.958,2.242,4.587,0.723,9.991,3.114,0.003,0,3.145,7.389,0.319,0.747,1.13,14.11,0.332,3.016,1.464,0.307,0.046,0,0,0,0,0,9,0,9.681,9,0,0.646,0,9,0,0.001,0.001,0,0,38.683,0.006,0,0,0.614,0.593,0.005,0.005,0.017,9,0,9,0,9,0,0,0,0,9,0.764,0,0,0,0,0,0.134,9,1.865,0,1.067,0.7,0,2.999,1.62,82.757,6.82,9.178,9.976,0,8.941,0.5,9,0,36.458,0,9,0.424,9,9,0.416,9,0.81,0,0.192,0.064,0.734,0,0.271,1.03,9,0.251,0,9,0.02,0,0,9,2.02,0.393,0.646,0.01,2.749,9,0.057,0,9,0
"United Kingdom",921.7998,551.4,153.92,37.7,4.962,11.26,72.352,188.56,46.592,3.032,2.224,110.9,20.976,14.402,18.281,7.791,23.777,13.525,46.11,291,32.413,13.152,38.72,17.73,115.074,28.557,19.45,92.5,123.05,16.063,0,410.23,1306.2998,559.519,24.581,1654.6001,205.5,88.13,34.9,0,79.8,605.69,132.6,63.23,21.5,1465.4,73.57,0.3,266.2,175.29,47.537,22,126.89,541,506.34,348.2998,1392,151.2,50.489,0,0.8,1.005,1.2,17.641,1.01,2.96,39.974,8.7,2.545,55.68,9.5,2.737,19.392,13.3,24.057,30.17,29.717,2264.3,9.936,0.016,9.9,3.627,158.6,34.153,161.662,119.391,1.924,1.317,23.023,14,32.61,46.3,4.6,22.0891,1.6,21.941,175.7,0.3,4.1,40.5,1.496,0.1,132.161,14.4,15.07,207.27,20.51,141.1,95.905,177.8,81.63,692.5,326.82,76.98,96.7,107.08,178.24,100.4,67.39,55.8,721.5,163.97,126.64,434.5,115.59,13.032,82.7,7.3,104.5,1.2,197.2,1074.8001,18.85,0,109.09,7.97,33.639,14.648,9.6,0.5,133.48,0.1,2.9,4.1,49.13,265.02,62.38,143.6,1078.8699,27.4,281.05,3.774,59.602,0.496
"Ireland",259.94,7.93,34.44,5.73,0.001,0.43,2.626,2.44,4.962,0,0.113,5.03,1.039,0.5,0.982,0.197,2.032,0.463,0.74,8.94,0.024,0.143,9.57,4.83,7.568,1.78,1.305,0.24,4.38,0.29,410.23,0,86.81,83.6644,3.6756,152.17,11.07,13.61,13.16,0,5.45,39.38,1.52,0.21,16.78,100.8,0.15,0,14.24,21.63,0.736,1.37,0.52,37.11,58.33,54.68,14.84,19.52,1.075,0,0,1.79,9.01,0.129,0.31,4.27,0.01,0,0.006,6.84,0.04,0.004,0.79,0.69,24.788,0.059,3.195,29.23,0.202,0.02,0.08,0.145,2.69,0.11,6.914,5.413,0.044,0.439,0.025,0,0.315,0.85,0.55,0.0327,0.01,4.415,5.12,9,0,0.23,0.028,0,0.859,0.1,2.7,12.64,2,33.36,0.156,15.87,7.42,77.84,7.4,8.05,1.84,1.51,13.17,69.81,0.005,1.23,24.02,0.03,0.41,0.38,1.06,1.25,4.7,0,0.76,0.3,14.85,149.07,21.02,0,2.6,0.31,0.02,3.166,0,9,8.86,0,9,0.24,7.83,1.78,0.26,0.75,30.74,1.92,17.28,0.8,0.017,0.5
"Netherlands",2847.6,141.2,47.16,12,2.294,9.75,10.343,18,5.371,0.418,1.081,26,14.126,1.528,8.468,1.942,14.827,0.724,144.99,177,0.319,16.439,0.49,0.49,229.466,4.291,10.725,10.3,282.83,25.236,1306.2998,86.81,0,352.418,15.4825,1094.5998,96,9.35,83.54,0,27,235.77,76.5,32.77,18.1,362.2,9.25,2.2,21.62,62.33,10.213,11.6,8.35,328.6,102.47,186.7,79.16,380.54,45.005,0,4.6,1.499,5.1,2.314,4.445,3.604,14.685,3.8,13.311,150.44,2.1,8.176,30.745,34.6,100.185,34.704,181.564,627.8,21.11,0.783,6.1,2.432,17.4,1.966,3.078,54.747,0.6,1.709,9.383,4.1,1.265,5.8,0.5,8.5664,0,8.545,14.2,10.3,9.1,10.9,6.708,0.1,0.157,1.3,23.04,120.98,11.41,88.3,42.469,1283.2,21.73,252.3,144.51,34.09,45,40.85,275.41,611.6,56.796,35.4,647.4,22.14,37.11,154.6,53.01,3.6,0.3,2.1,138.1,8.1,185.9,877.2,19.31,0,114.38,40.79,6.351,9.066,0,0.1,255.87,0,10.5,14.8,156.72,8.36,36.86,40.7,88.17,7.3,14.33,1.086,0.169,0.915
"Belgium",902.645,183.6326,3.027,31.4197,4.6938,15.5661,4.9428,4.0041,2.596,0,1.1878,37.0714,4.6459,0.8334,5.4601,9.4355,1.207,4.6459,29.6954,78.9324,1.6093,0.0766,0.3448,30.4713,77.5338,4.301,0.2682,59.8698,119.8353,6.5521,559.519,83.6644,352.418,0,0,425.5074,6.7054,83.4632,75.1006,940.6759,37.1672,86.8064,169.0722,62.9064,10.0581,69.449,15.9589,0.1916,61.8143,114.8637,7.0982,12.5487,53.2123,115.3332,19.8576,56.1339,21.8884,288.6298,10.7478,0.8621,0.2874,0.0479,0.0958,2.002,3.4868,9.311,3.9849,13.5066,2.9983,38.5466,12.8361,11.8494,45.7501,0.7663,0.6322,6.7341,2.548,25.5763,17.7119,23.0571,1.4369,3.9179,506.3547,6.6671,40.6444,29.2931,5.0578,26.7738,0.5556,2.9695,1.389,31.1323,6.1307,14.1101,0.0958,0.0287,179.3219,1.0537,10.4369,1.2453,4.0807,0.0958,5.9199,0.1916,24.6472,389.029,25.2028,42.6273,39.2554,498.7871,36.4487,89.7568,55.176,20.576,51.6317,23.1145,35.5387,1017.4991,6.533,2.2032,112.5552,6.6575,122.3355,148.4771,6.0253,3.4485,33.7187,9.0958,7.2802,2.4906,23.5648,462.5779,82.5245,0,12.6828,5.7762,3.5634,10.7191,9.0958,1.1495,70.9241,0,3.3527,25.0016,55.3484,13.6407,2.9312,5.1728,19.781,11.1118,54.994,0.5747,0.0671,0.0192
"Luxembourg",39.6554,8.0674,0.133,1.3803,0.2062,0.6839,0.2172,0.1759,0.114,0,0.0522,1.6286,0.2041,0.0366,0.2399,0.4145,0.053,0.2041,1.3046,3.4677,0.0707,0.0034,0.0152,1.3387,3.4062,0.189,0.0118,2.6302,5.2647,0.2879,24.581,3.6756,15.4825,0,0,18.6935,0.2946,3.6667,3.2993,41.326,1.6328,3.8136,7.4277,2.7636,0.4419,3.0511,0.7011,0.0084,2.7157,5.0462,0.3118,0.5513,2.3377,5.0669,0.8724,2.4661,0.9616,12.6802,0.4722,0.0379,0.0126,0.0021,0.0042,0.088,0.1532,0.4091,0.1751,0.5934,0.1317,1.6934,0.5639,0.5206,2.0099,0.0337,0.0278,0.2958,0.1119,1.1236,0.7781,1.013,0.0631,0.1721,22.2454,0.2929,1.7856,1.2869,0.2222,1.1762,0.0244,0.1305,0.061,1.3677,0.2693,0.6199,0.0042,0.0013,7.878,0.0463,9.0631,0.0547,0.1793,0.0042,0.2601,0.0084,1.0828,17.091,1.1072,1.8727,1.7246,21.9129,1.6013,3.9432,2.424,0.904,2.2683,1.0155,1.5613,44.7011,0.287,0.0968,4.9448,0.2925,5.3745,6.5229,0.2647,0.1515,1.4813,9.0042,0.3198,0.1094,1.0353,20.3221,3.6255,0,0.5572,0.2538,0.1566,0.4709,9.0042,0.0505,3.1159,0,0.1473,1.0984,2.4316,0.5993,0.1288,0.2273,0.869,0.4882,2.416,0.0253,0.0029,0.0008
"France",1603.5996,71.1,5.7,13.9,19.316,0.3,9.683,34.57,3.617,0,0.046,189.2,10.452,8.429,0.228,9.845,0.723,2.273,33.39,324.8,5.131,8.873,14.46,1.17,238.839,13.771,13.435,10.4,189.19,12.775,1654.6001,152.17,1094.5998,425.5074,18.6935,0,1012.2001,781.0399,229.89,0,56.3,24.67,195.3,68.99,1.9,91.7002,21.13,0.2,319.88,202.6,33.232,37.7,126.78,235.3,113.22,404.3,236.81,106.35,9.11,0,2,1.765,0.1,4.974,31.25,99.1,76.115,18,1.476,191.44,36.4,83.39,40.352,11.5,12.128,95.56,159.602,5.8,15.124,8.969,57.3,94.025,107.7,35.463,47.128,10.15,4.416,7.992,1.124,36,3.495,23.4,23.3,63.0264,0.1,2.011,145,0.1,11.3,4.7,59.92,1.2,25.05,2.3,255.19,957.1801,532.85,2.5,33.816,693.9,201.78,1819,412.14,25.91,179.8,52.34,64.04,3288.5,99.783,18.5,99.1,25.83,410.19,803,5.48,8.4,21.3,0.9,91,5.2,230.1,884.8,51.8,0,64.38,1.67,2.656,19.553,0,1.6,86.09,1.3,3.6,95.4,184.09,73.61,15.85,17.2,198.62,6.6,81,0.255,1.899,0.111
"Switzerland",104.8,158.6,2.6,27,1.084,3,3.999,2.1,1.369,0,0.024,79.6,9.523,9.778,1.94,2.765,23.285,146.18,31.34,124.6,0.907,1.096,21.79,1.19,216.219,9.071,4.912,26.1,11.82,0.822,205.5,11.07,96,6.7054,0.2946,1012.2001,0,131.07,162.83,0,80.3,355.52,53.8,124.57,53.5,659.0999,4.63,0.7,190.91,73.29,8.115,41.8,233.22,248.8,33.1,9.1,137.84,121.12,14.788,0,0.4,0.167,0,7.505,0.662,4.487,5.331,0.1,0.908,3.15,7.3,1.423,5.738,11,16.263,36.9,3.585,195.3,2.974,0.432,0.4,0.054,15.3,0.939,12.659,5.812,0.056,0.672,2.516,9.2,12.782,9.8,22.5,7.4255,9.1,0.24,145.3,0,0.8,0,4.403,0.2,3.407,0.5,36.86,168.98,31.46,32,0.412,194,213.93,140.6,150.71,31.03,39.5,17.08,568.68,534.3,4.061,0.9,63.2,11.34,5.63,79.5,11.12,4.3,249.2,0,5.3,13.1,36.9,308.9,0.68,0,9.82,12.82,0.996,0.953,9,0.7,35.73,0,0.8,3.9,16.53,94.47,29.15,15.4,162.97,0.2,16.62,0,0.824,0.1
"Spain",1111.6201,20.2,2.45,4.44,1.411,10.48,5.843,2.22,0.935,0,0.217,28.09,3.385,1.767,42.004,13.436,25.861,19.779,0.17,199.23,4.859,3.406,17.7,2.77,209.175,4.91,23.733,19.35,312.4,5.632,88.13,13.61,9.35,83.4632,3.6667,781.0399,131.07,0,228.14,0,13.31,20.4,16.58,0.71,7.99,222.17,7.08,0.11,2.93,123.34,11.37,5.84,10.37,31.16,5.95,87.91,20.51,35.1,13.142,0,0.01,0.721,0.84,3.156,0.809,11.083,1.519,5.24,0.25,43.08,38.28,2.928,26.313,4.5,39.647,2.23,8.166,223.85,3.632,3.851,6.41,31.533,11.62,28.355,1.866,2.392,0.42,1.017,0.3,1.11,1.181,23.58,2.22,0.21,0,1.412,94.67,2.49,0.29,20.06,21.482,0,4.35,0.04,151.82,230.85,59.74,525.34,2.968,740.05,30.13,498.04,127.45,70.55,40.17,26.89,16.19,1416.32,6.04,2.35,79.15,5.99,40.86,413.29,4.66,0.22,17.89,0,32.73,3.15,26.76,268.31,5.57,0,8.93,2.36,1.477,5.892,0,0,22.38,0,9.03,0.37,86.95,2.37,17.82,44.89,24.42,47.29,9.46,0,0.106,0
"Portugal",417.96,2.13,0.46,15.01,0.086,0.17,0.196,1.37,0.359,0,0,3.38,1.626,0.012,0.018,0.195,0.277,1.502,0.17,7.96,2.673,0.296,1.16,0.48,33.423,29.32,10.789,1,49.77,1.451,34.9,13.16,83.54,75.1006,3.2993,229.89,162.83,228.14,0,0,0.86,3.97,0.87,2.85,8.57,136.79,0.07,0,1.48,5.77,2.566,2.34,3.11,57.64,12.6,4.63,13.85,29.12,17.194,0,6.08,6.742,9,1.226,1.165,4.6,0,4.34,0.027,16.06,0.3,0.07,0.51,0.08,1.26,0.03,0.862,4.99,1.575,0.075,9.02,7.023,5.89,0.23,0.187,2.12,1.334,0.035,0.011,0,0.1,58.38,13.94,0.9273,0,0.432,38.23,9,0.02,9.04,0.23,0,0.158,0,3.76,2.79,0.45,0.16,9.596,144.62,35.25,254.61,3.9,1.89,4.89,1.05,12.45,159.6,0.044,0.11,11.49,4.05,0.76,0.1,0.15,0.1,1.57,0,0.3,0,0.33,135.85,9.06,0,0.25,3.2,0.008,1.724,0,9,1.85,9,9,0,10.02,0.42,6.4,27.8,1.08,0.01,2.93,0,0.026,0
"German Federal Republic",0,0,0,0,0,0,0,0,0,0,0,0,0,0,0,0,0,0,0,0,0,0,0,0,0,0,0,0,0,0,0,0,0,940.6759,41.326,0,0,0,0,0,0,0,0,0,0,0,0,0,0,0,0,0,0,0,0,0,0,0,0,0,0,0,0,0,0,0,0,0,0,0,0,0,0,0,0,0,0,0,0,0,0,0,0,0,0,0,0,0,0,0,0,0,0,0,0,0,0,0,0,0,0,0,0,0,0,0,0,0,0,0,0,0,0,0,0,0,0,0,0,0,0,0,0,0,0,0,0,0,0,0,0,0,0,0,0,0,0,0,0,0,0,0,0,0,0,0,0,0,0,0,0,0,0,0
"German Democratic Republic",132.2,14.3,0,0,0,0.03,0.04,0.28,0.051,0,0.026,3.3,0,0.396,0,0,3.685,0.239,19.79,1.6,3.61,0.082,6.84,10.77,28.597,0,9,8.4,30.51,4.958,79.8,5.45,27,37.1672,1.6328,56.3,80.3,13.31,0.86,0,0,236.49,24.6,79.76,0,34.3,0.24,0,17.93,62.21,1.42,0,82.5,0,3.67,23.1,39.55,2.1,2.135,0,0,0.254,0,0.367,1.155,0.926,3.629,0,0,0,0,9.643,9,9,0.124,0,7.75,12,0,0.033,0,0.243,0.7,0,9.018,0.11,0.496,0.245,0.212,0,10.723,0,0,0.814,0,9,0,0,0,0,0,0,0.011,9,2.32,42.86,1.3,16.9,0.485,24,3.08,37.8,19.12,47.86,0,1.34,3.2,6.1,0.756,0,12.6,9.69,9,0,9,0,9.7,0,0,0,0,38.4,2.44,0,2.04,4.24,0.01,0.38,0,0,1.44,0,0,0,11.06,10.31,6.56,4.3,4.42,9,4.53,0,0.026,9
"Poland",298.18,149.67,0,1.44,0.535,0.12,3.489,0.35,0.176,0,0.332,0,0,0.31,0.017,0.153,4.973,1.194,29.02,9.3,0.006,0.094,5.85,33.6,163.99,0,9,0,5.75,2.242,605.69,39.38,235.77,86.8064,3.8136,24.67,355.52,20.4,3.97,0,236.49,0,471.33,169.14,58.02,28.97,3.26,0,12.29,13.95,0.186,50.96,90.35,508.8604,122.07,128.73,30.8,111.94,11.833,0,9,9,9,0.809,0.088,2.291,0.253,0,0.055,23.75,0,9.168,3.442,0,4.864,11.522,4.499,64.6,0,0.05,9,0.274,0.4,0,1.14,0.919,0.049,0.017,0.01,0,0.782,0,0,0.1327,0,0,0,0,0,0,0,0,0.13,0,26.88,43.04,6.99,56.3,6.742,51.86,16.38,100.75,31.01,23.14,0,5.73,1.08,34.5,11.493,0,24.6,2.26,10.2,35.8,9.21,0,39.36,0,0,0,27.83,294.34,9.36,0,14.55,13.78,0.188,9.865,0,0,10.02,0,0,24.81,31.69,23.12,3.49,20.7,100.29,0,13.6,0,0.05,9
"Austria",54.6,26,1.53,2.6,0.068,0.32,0.253,0.45,0.085,0,0,4.8,7.802,9.604,8.765,11.848,10.768,9.713,24.68,17.6,0.139,0.315,10.74,3.47,87.112,2.1,0.492,12.3,20.18,4.587,132.6,1.52,76.5,169.0722,7.4277,195.3,53.8,16.58,0.87,0,24.6,471.33,0,217.75,22.3,368.3,2.95,4.2,225.82,65.68,7.174,25.7,198.74,240.5,31.07,54.2,85.28,66.49,2.964,0,0,0.294,0,0.3,0.125,2,3.73,0.1,0.296,9.18,2.1,0.199,9.898,0.7,7.25,11.424,2.384,16.4,13.562,0.056,0.1,0.054,3.4,0.1,1.012,2.931,0,0.812,0.08,0.1,2.35,2.2,1.3,3.7827,0,0.096,54,0,9.5,9,0.2,0,0.493,0,5.28,25.27,18.83,39.3,3.626,91.3,24.32,116.8,30.22,5.94,23.1,12.41,8.4,35,6.952,1.3,19.1,4.7,4.44,19.2,2.38,0,26.2,0.9,28.5,1.2,5.8,216.8,5.09,0,0.63,0.44,1.169,1.621,0,0,1.28,0,9,0.5,28.26,9.43,10.36,0.6,9.18,1.1,2.07,0,0.261,0
"Hungary",94.47,4.96,0.13,9.93,0.399,0.11,0.302,0.28,0.098,0,9.042,3,0,1.46,0.192,1.086,1.056,0.35,1.91,1,0.068,0.344,25.04,7.19,147.581,0,9,0,19.57,0.723,63.23,0.21,32.77,62.9064,2.7636,68.99,124.57,0.71,2.85,0,79.76,169.14,217.75,0,0.24,7.45,1.78,0.12,161.32,21.62,2.213,14.11,107.11,279.7801,29.17,63.77,5.98,16.98,2.511,0,0,0,0,1.51,0,0,9.215,0,0.068,21.47,11.65,9,0.75,0,1.315,0.371,0.859,11.69,0.108,0.023,0,0.041,0,9.024,0.039,0.852,0.47,0.062,0.037,0,7.127,0,0,0.0327,0,9,0,0,0,0,0,9,0.322,0,6.42,33.67,5.43,58.49,7.761,1.8,6.8,86.63,2.66,11.03,34.25,6.31,5.61,57,9.019,0,20.61,0.2,10.23,0,0.02,0,25.32,0.44,0,0.72,0.1,67.85,3.81,0,1.18,2.84,0.142,0.382,0,0,2.63,0,0,13.64,20.4,1.57,0.75,6.2,26.79,9,0.01,0,0.154,9
"Czechoslovakia",38.7,42.4,0,0,0.761,0.38,0.113,10.03,9.329,0,0.077,3.6,1.778,1.603,0.757,0.701,0.522,2.187,5.11,14.1,0.018,0.303,1.49,14.98,34.85,0,9,0,6.42,9.991,21.5,16.78,18.1,10.0581,0.4419,1.9,53.5,7.99,8.57,0,0,58.02,22.3,0.24,0,11.2,1.58,0,124.14,10.16,5.219,0,21.62,0,2.39,18.5,13.59,27.29,0.931,0,0,0,0,0.783,0.091,0,9.901,0,0.265,0,0,9,0.63,0,2.67,9.34,2.781,32.4,0.111,0.05,0,0.125,1,0,3.267,1.07,0.216,0.115,0.048,0,3.28,0,0,1.0192,0,9.001,0,0,0,0,0,9,0.19,9,4.81,27.5,4.55,15.8,8.594,59,19.83,72.2,41.53,37.96,0,13.54,2.51,33.7,2.542,0,16.8,9.4,9.55,14.3,9.67,4.009,10.1,0,0,0,1,19.1,7.84,0,3.68,10.06,3.812,0.934,0,0,9.11,0,0,0,19.94,0.11,0.24,8.9,12.57,9,7.56,0,0.462,9
"Italy",653.2002,58.1,19.48,6.8,11.587,11.66,5.621,1.23,2.088,0,0.147,185.1,38.192,8.244,0.829,16.558,16.22,14.781,82.26,355.8,4.33,5.347,1.02,44.54,190.289,4.983,59.465,116.3,240.9,3.114,1465.4,100.8,362.2,69.449,3.0511,91.7002,659.0999,222.17,136.79,0,34.3,28.97,368.3,7.45,11.2,0,103.6,0.9,149.25,430.7,82.44,25.5,41.24,536.6,12.67,221.7,95.78,92.47,1.703,0,0.9,3.615,2.7,0.509,2.314,20.489,11.781,20.5,0.906,158.76,21.9,2.1,50.06,4,15.441,0.43,44.628,706.1,17.336,7.624,1.4,25.487,119.4,1.289,40.125,38.917,1.581,2.113,58.317,4.3,45.281,28.2,1.7,52.6664,0.2,5.375,752.8,0,12.3,12.9,0.156,0.9,11.867,0.9,99.54,457.77,7.47,610.1,36.704,966.7,82.41,1661.7,243.19,25.23,224.1,94.81,173.3,945.5001,72.477,9.1,616.9,7.6,42.07,85.5,10.89,8.3,9.3,0.1,35.1,11.6,61.7,16.6,45.52,0,47.97,22.8,3.063,2.367,0,9.9,22.71,0.1,1.4,74.4,115.85,65.39,1.56,157.3,57.38,1.1,35.8,0.1,1.77,0
"Malta",26.97,0.51,0.11,0.04,0,0,0.099,0.13,0.05,0,0,0.01,0.01,0,0.004,0,0.03,0,0.06,0.07,0.01,0,0.59,0.01,2.899,0,0.01,0.02,2.89,0.003,73.57,0.15,9.25,15.9589,0.7011,21.13,4.63,7.08,0.07,0,0.24,3.26,2.95,1.78,1.58,103.6,0,9,0.13,1.18,0.917,0.03,0.41,1.36,0.43,1.02,1.05,6.31,0.02,0,0,0.07,0,0,0,0.02,0,0,0,2.72,9,0,0,0,0.07,0,0.705,0.26,0,0.007,0,0,0,1.71,0.04,0,0,0,0,0.01,0.77,0,0,0.5518,0,0.08,3.43,0,0,9,0.05,0,0.018,0.07,0.56,1.88,0.84,24.89,0.175,0.08,2.95,0.04,0.27,0.12,0.52,0.24,1.16,4.6,0.67,0,1.4,0.71,0.3,2.37,0.16,0.17,12.93,0,2.55,9.01,0.25,17.12,0.8,0,1.09,0,0,0.14,0.03,0,0.01,0.01,0,9,0.02,1.57,0.14,3.73,7.96,0,3.93,0,0.001,0
"Albania",0.9,9.1,0,0,0,9,0,0,0,0,0,0,9,0,0,9,0.005,9,0,9,0,0,9,0,9.67,0,0,0,9.54,0,0.3,0,2.2,0.1916,0.0084,0.2,0.7,0.11,0,0,0,0,4.2,0.12,0,0.9,9,0,2.72,8.45,9,0,6.51,0,0.01,1.2,4.58,0.15,0,0,0,0,0,0,0,9,9,0,0,9,0,0,9,0,0,0,0.045,9,0,0,0,9.04,0,0,0,0,9.011,9,0,0,0,0,0,0,0,0,0,0,0,0,0,0,9,0,0,0,0.04,15.6,0,9,2.5,10,0.13,0,0,0,0,0.3,9,0,0,0,9,0,0,0,15.2,0,0,0,0,2,9,0,0.04,0.03,0,0,0,0,0,0,0,0,0,9.01,1.18,0,0,9,9,0,0,0
"Yugoslavia",192.5,7.33,0,18.59,0.04,0.06,2.074,0.05,0.059,0,0,26.2,2.029,0.059,22.234,0.771,2.544,12.936,5.55,85.52,0.007,0.006,35.73,38.01,21.587,1.17,4.96,0.21,2.94,3.145,266.2,14.24,21.62,61.8143,2.7157,319.88,190.91,2.93,1.48,0,17.93,12.29,225.82,161.32,124.14,149.25,0.13,2.72,0,81.99,0.697,52.08,44.95,19.46,3.3,109.87,25.2,30.61,9.674,0,0,0.95,0,0.758,1.061,4.86,0.02,0.26,0,4.13,4.65,0.39,5.884,0.58,14.487,22.7,9.197,7.73,0.781,5.384,0,0.31,0.15,5.454,11.084,7.676,0.036,0.006,0.052,0,21.122,17.73,0.29,26.15,0,0.001,0,0,7.93,2.54,1.71,0,0.053,0,0.69,30.14,4.9,24.98,15.905,71.05,16.02,410.87,151.99,15.53,6.69,2.53,2.29,31.59,1.479,0,20.64,0.61,1.89,4.7,1.08,2.82,51.48,0.05,0,6.43,0.04,94.23,61.85,0,14.31,10.6,12.206,2.084,0.03,0.17,2.35,2.82,0,4.91,12.58,0.16,0.83,41.29,86.54,0.39,6.84,9,0.003,0
"Greece",217.6,0.99,0.09,9.1,0.073,0.02,0.045,0,0.036,0,0.003,0.84,0.002,1.91,0.008,0.044,1.992,0.217,1.34,0.92,0.071,0.001,5.47,0.02,52.459,0.04,1.326,4.74,65.87,7.389,175.29,21.63,62.33,114.8637,5.0462,202.6,73.29,123.34,5.77,0,62.21,13.95,65.68,21.62,10.16,430.7,1.18,8.45,81.99,0,43.656,0.17,88.71,169.15,36.2,98.4,34.37,43.2,6.419,0,0,0.146,9,0.01,0.027,0.13,0,0.16,0.41,30.08,0.09,0.18,8.995,0.36,13.998,0.27,3.395,66.81,12.852,0.001,0.11,1.369,48.17,0.481,0.758,2.917,1.102,0.02,0.163,0.49,0.941,1.88,0.15,7.6027,0,0.59,25.36,0,0,9,0.67,0,0.01,0.02,3.4,41,2.35,136.99,8.414,166.42,3.27,52.26,11.83,9.93,36.22,25.02,51.65,202.62,15.805,1.05,23.78,3.78,9.75,37.4,14.32,0.6,0.27,0.04,24.14,0.04,6.21,982.9,7.88,0,3.17,2.14,0.13,1.819,0,0,1.56,0.14,9.12,0.05,9.57,2.27,3.22,6.85,12.01,0,55.74,0,0.014,9
"Cyprus",34.67,10.394,0.01,9.115,0,0,0.005,0.02,0.062,0,0,0.007,0,0,0.015,0,0.115,0,0,0,0,0,0,0,6.849,0,0,0,5.117,0.319,47.537,0.736,10.213,7.0982,0.3118,33.232,8.115,11.37,2.566,0,1.42,0.186,7.174,2.213,5.219,82.44,0.917,9,0.697,43.656,0,2.615,4.12,17.483,3.006,4.955,1.855,1.888,0.121,0,0,0,0,0.013,0,0,0,0,0,0.83,0,0,0,0,0.549,0,0,2.169,0,0,0,0,0,0.002,0.035,0.284,0,0,0.201,9.931,0.033,0,0,0.3399,0,0.636,0.01,0,9,0,0,0,0.014,0,0.041,7.299,0.096,18.786,3.748,1.004,0.22,39.225,8.949,13.456,31.543,6.262,12.305,36.496,2.419,2.956,13.663,6.555,3.02,9.16,5.989,0,0.362,0,5.996,0,3.127,29.736,3.515,0,0.787,0.435,0.222,0.34,0,9,0.558,9,9,0,1.194,1.598,0.348,0,0.137,0,5.833,0,0.072,0
"Bulgaria",28.1,0.9,0,0,9.14,0,9,0,0,0,9,0,0.234,0,0.004,0,0.012,0,0.45,0.8,0.002,0.003,0.45,6.22,23.015,9,0,0,19.64,0.747,22,1.37,11.6,12.5487,0.5513,37.7,41.8,5.84,2.34,0,0,50.96,25.7,14.11,0,25.5,0.03,0,52.08,0.17,2.615,0,71.41,0,1.9,11.7,74.16,4.89,0.087,0,0,0,0,9,9,0,9,0,0,0,0,0,9,0,10.519,0,0.076,6.2,0,9,0,0.069,9,9,0.012,0.119,0.066,9,0.002,0,0.402,0,0,9.0009,0,0,0,0,0,0,0,9,0.007,0,7.56,2.48,3.84,8.5,0.231,55,10.48,41.5,37.65,9.83,0,14.45,1.09,33.7,9.11,0,21.3,9,9.72,1.3,9.74,0,0,0,0,0,0.8,37.5,1.51,0,0.81,6.36,0.076,0.137,0,0,2.92,0,0,0,23.06,1.29,9.32,1.4,3.36,9,1.59,0,0,0
"Romania",145.93,5.05,0,2.98,0.507,0.42,0.197,1.14,0.079,0,0,2.83,0,0.162,2.685,2.25,2.516,0.2,4.59,3.9,0,0.455,2.87,16.96,25.018,0,9,6.48,48.14,1.13,126.89,0.52,8.35,53.2123,2.3377,126.78,233.22,10.37,3.11,0,82.5,90.35,198.74,107.11,21.62,41.24,0.41,6.51,44.95,88.71,4.12,71.41,0,154.38,4.62,63.55,0.47,6.59,0.267,0,0,0,9,0.668,0.928,0,0.003,0,0,6.87,2.45,9.235,0,0,3.2,0,0.77,8.44,1.121,1.246,0,0.299,28,0,0.786,0.343,1.273,0.214,0.424,0,0.517,6.29,9,0.5973,0,9,0,0,0,0,0,9,0.027,0,9.84,71.42,4.67,180.78,1.956,119.33,105.22,451.68,154.63,153.39,120.36,66.18,27.72,97.3,6.096,1.69,13.09,2.96,12.58,28.6,1.14,9,88.07,0.68,0,7.17,6.6,227.94,3.93,0,4.77,4.49,0.14,3.134,0,0,9.69,0,0,48.54,10.15,12.63,17,9,48,0,4.14,0,0.201,9
"Russia",1719.4,458.3,0.01,0,0,0.03,12.067,9.14,0.049,0,0.053,1,0,0.283,0.071,0.079,1.181,0.022,1.83,1.3,2.475,2.056,3.32,10.72,156.819,0,9,0,374.32,14.11,541,37.11,328.6,115.3332,5.0669,235.3,248.8,31.16,57.64,0,0,508.8604,240.5,279.7801,0,536.6,1.36,0,19.46,169.15,17.483,0,154.38,0,58.25,330.1,12.35,246.72,31.79,0,0,4.21,0,10.385,6.979,1.201,3.698,0,0.012,74.92,0,0.199,0.755,0,84.768,3.87,13.838,31.8,0,0.936,0,0.791,0,0,1.226,2.43,0.901,3.855,1.449,0,2.504,0,0,2.4747,0,0,0,0,0,0,0,9,0.175,0,16.51,8.62,10.8,29.8,18.179,204,36.93,157.3,67,55.89,0,19.19,0.02,23,10.513,0,15.3,9.25,9,3.2,9.42,127.22,22.8,0,0,0,5.3,1075.9,92.05,0,27.78,4.24,1.024,2.598,0,0,1.33,0,0,0,132.18,90.83,34.19,36.9,292.84,9,65.95,0,0.213,0
"Finland",9.68,6.8,0.02,18.03,0.123,0.51,0.53,0.4,0.054,0,0.048,6.24,28.942,1.977,2.079,1.564,39.296,3.401,76.13,111.14,0.139,0.023,6.78,2.69,1.738,0.5,0.178,1.8,12.34,0.332,506.34,58.33,102.47,19.8576,0.8724,113.22,33.1,5.95,12.6,0,3.67,122.07,31.07,29.17,2.39,12.67,0.43,0.01,3.3,36.2,3.006,1.9,4.62,58.25,0,118.68,251.52,299.84,0.542,0,0.29,0.034,9,0.24,0,4.52,0.01,0.11,0.091,1.43,0.38,0,0.048,0.38,7.296,0.014,1.731,47,0.168,0.06,9.05,0.003,2.57,0.057,15.99,2.99,1.17,1.894,0.036,0,5.046,1.09,0.65,1.0855,0,0.23,18.2,0,9.02,0.69,0,0,0.188,0,1.88,25.41,15.17,8.35,2.5,19.82,16.69,11.41,67.2,18.84,10.11,2.38,26.13,88.64,1.48,0,4.46,1.29,0.76,4.29,0.52,0.34,24.52,9.15,1.51,0.25,75.93,126.56,8.54,0,0.06,0.3,0.162,0.027,9,9,13.77,0,9,0.83,2.93,6.9,0.3,13.76,73.05,0.25,0.28,0,0.021,0
