"","United States of America","Canada","Bahamas","Cuba","Haiti","Dominican Republic","Jamaica","Trinidad and Tobago","Barbados","Dominica","Grenada","St. Lucia","St. Vincent and the Grenadines","Antigua & Barbuda","St. Kitts and Nevis","Mexico","Belize","Guatemala","Honduras","El Salvador","Nicaragua","Costa Rica","Panama","Colombia","Venezuela","Guyana","Suriname","Ecuador","Peru","Brazil","Bolivia","Paraguay","Chile","Argentina","Uruguay","United Kingdom","Ireland","Netherlands","Belgium","Luxembourg","France","Liechtenstein","Switzerland","Spain","Portugal","Germany","Poland","Austria","Hungary","Czechoslovakia","Italy","San Marino","Malta","Albania","Croatia","Yugoslavia","Bosnia and Herzegovina","Slovenia","Greece","Cyprus","Bulgaria","Moldova","Romania","Russia","Estonia","Latvia","Lithuania","Ukraine","Belarus","Armenia","Georgia","Azerbaijan","Finland","Sweden","Norway","Denmark","Iceland","Cape Verde","Sao Tome and Principe","Guinea-Bissau","Equatorial Guinea","Gambia","Mali","Senegal","Benin","Mauritania","Niger","Ivory Coast","Guinea","Burkina Faso","Liberia","Sierra Leone","Ghana","Togo","Cameroon","Nigeria","Gabon","Central African Republic","Chad","Congo","Democratic Republic of the Congo","Uganda","Kenya","Tanzania","Burundi","Rwanda","Somalia","Djibouti","Ethiopia","Angola","Mozambique","Zambia","Zimbabwe","Malawi","South Africa","Namibia","Lesotho","Botswana","Swaziland","Madagascar","Comoros","Mauritius","Seychelles","Morocco","Algeria","Tunisia","Libya","Sudan","Iran","Turkey","Iraq","Egypt","Syria","Lebanon","Jordan","Israel","Saudi Arabia","Yemen","Kuwait","Bahrain","Qatar","United Arab Emirates","Oman","Afghanistan","Turkmenistan","Tajikistan","Kyrgyzstan","Uzbekistan","Kazakhstan","China","Mongolia","Taiwan","North Korea","South Korea","Japan","India","Bhutan","Pakistan","Bangladesh","Myanmar","Sri Lanka","Maldives","Nepal","Thailand","Cambodia","Laos","Vietnam","Malaysia","Singapore","Brunei","Philippines","Indonesia","Australia","Papua New Guinea","New Zealand","Vanuatu","Solomon Islands","Fiji","Marshall Islands","Federated States of Micronesia","Samoa"
"United States of America",0,14068.423,176.65,1.43,127.56,1352.9818,387.73,320.186,179.677,29.3822,18.29,86.7677,43.4611,62.1,22.51,12820.394,94.249,9.0382,303.8,278.187,159.1,155.918,475.578,492.553,2142.8975,6.8,172.8792,669.591,341.0911,2599.0942,104.2022,153.7521,357.55,1856,93.646,3582.371,851.4553,4394.7329,607.2158,38.5439,4841.133,0,1548.7144,4169.519,216.2918,2499.998,123.0121,788.6115,49.5,351.1066,2951.1859,0,17.8947,34.12,0,151.79,0,0,451.9871,266.4391,41.463,36.1,136.2661,2373.6,51.8045,49.05,43.34,226.5,62.167,25.78,9.6336,23.3741,28.3645,545.4326,161.5588,132.5265,34.5596,0,2.56,1.43,11.89,10.12,10.94,68.9531,22.7554,44.3,10.3985,108.2208,58.55,29.6721,20.26,33.69,116.114,14.12,24.8749,4198.51,923.23,1.7595,5.53,458.7028,222.92,3.23,73.0188,25.29,0.4515,0.04,20.49,11.66,28.9198,2262.55,38.1,1.2369,84.5851,48.93,630.2,10.1,52.2,34.2,21.8,29.1476,9.84,98.7815,3.7982,240.2029,739.554,268.458,0,46.26,810.8,1416.939,0.44,989.472,167.7521,313.17,343.361,676.1999,3788.6332,191.7867,1168,466.49,152.6363,669,53.6962,1.87,35.54,8.9527,22.4,56.4345,7.73,18509.7979,5.6,10601.2,0.55,956.898,46788.301,1807.3467,0.8,48.8115,641.735,37.09,695.573,28.493,83.49,3150.561,17.61,5.41,1.885,2209.6885,321.488,413.61,1997.4519,881.8601,6218.923,9.14,465.363,3.97,56.99,27.273,0,0,8.2109
"Canada",14068.423,0,24.2539,130.4296,5.8823,25.5783,99.0752,38.6594,25.7976,4.0717,2.1727,10.4553,3.6828,6.9393,1.85,1270.574,0.8238,13.5017,10.203,3.5992,21.4283,93.8869,9.6329,60.7776,1.7252,29.9231,4.195,51.1352,15.2839,130.7715,5.4244,1.2791,2.0879,33.6247,6.3541,410.8909,256.1705,173.2847,185.7211,11.7889,897.0735,0,335.668,177.3767,4.1932,448.1396,1.9547,1.9193,0.9346,7.0442,118.9956,0,0.0075,0.1716,0,30.0942,0,0,3.2763,17.3414,7.0153,2,7.3673,899.5,0,0,0,0,4.043,0,0,2.1489,78.6746,443.1195,866.9349,6.8619,6.1369,0,0.1515,0.0047,0,0.0376,0.5393,19.2993,0.6045,1.0612,7.2131,6.9407,7.3554,9.9752,0.2298,5.1055,16.9377,24.0048,14.528,381.5768,6.5235,0.4227,0.0777,0.5391,41.4327,5.7084,1.1642,11.4454,0.3369,3.7766,1.3623,0.3378,9.5059,5.5564,1.1677,1.7834,10.921,1.5035,36.3924,17.2,2.214,2.2958,17.4422,4.7404,0.4171,10.1378,0.3691,90.5399,91.3962,61.1071,70.8713,5.6675,485.5652,44.3153,3.6613,26.9175,10.1907,23.2191,14.6893,8.6252,194.5682,11.92,43.4223,2.0993,13.1091,66.7245,14.6703,0.1289,9,9,1.1,0,0,318.9857,0.8,1459.3609,2.0455,253.555,2158.4683,160.9844,0.0034,26.6473,79.9955,0.7797,15.4355,0.0828,2.9088,118.3438,2.2974,2.791,1.0633,279.4902,237.949,2.563,50.1001,100.234,63.4141,55.688,38.5058,0.0166,0.0026,6.6098,0,0,0.1434
"Bahamas",176.65,24.2539,0,0.0526,0.2042,0.0454,0.6501,5.8136,0.9299,0,0,0.0629,0.0007,0.0223,0.0097,15.3164,0.0058,0.023,0.02,0,0,0.359,0.0004,5.9151,0,0.0321,0.0062,0,0.0858,2.1626,0,8.78,1.1859,0.8722,0.297,22.4269,0.2092,70.7504,2.1533,0.1367,272.5363,0,17.8781,44.6989,2.8828,7.4312,44.044,5.5362,0,0.0286,27.3382,0,0.1484,0,0,0.0031,0,0,4.1609,0.0423,0,0,1.65,0,0,0,0,0,9,0,0,0,36.9398,49.6116,18.2978,43.6363,0,0,0,9,0,0,9,0,0.2418,0,9,1.1376,0,0,0,0.0012,0.0439,9.0066,0,0,32.102,0,0,18.1898,0,0,0,0,0,0,0,0,9,0.7648,0,0,0.0086,0,0,0,0,0,0,0.4183,0,0,0,0.026,0,0.2495,0,0,178.31,0,0,0.003,0,7.2695,0,0.35,2.9303,0,0,0,9,0,9.0007,0,0,0,0,0,0,1.7644,0,1.7407,0.025,80.52,435.6139,25.7222,0,0.2247,0,0,0,9,0,0.4153,0,0,0,0.2127,13.2127,0,0.3242,0.1646,2.3099,9,1.2177,9,0,0,0,0,0
"Cuba",1.43,130.4296,0.0526,0,0,0.9515,0.0041,13.1531,0.2256,0,0,0,0.0015,0,0,120.1904,0,0.0088,0,0,2.1505,0.7079,1.0559,12.9194,65.4423,4.3791,0,0,0.2992,3.4463,0.4307,0.0264,4.3603,67.201,1.3949,40.2036,1.5462,23.642,18.1762,1.1538,55.1921,0,18.2306,134.9601,25.8191,35.314,5.3053,0.2176,8.93,3.5167,61.2624,0,0,0,0,15.3902,0,0,0.0207,0.5826,23.152,0,0.0188,441.2,0,0.1213,0,0,14.111,0,0,0,16.2512,5.639,0.194,10.1569,0,0,0,0.8613,0,0,0,0,9,0.0062,0,0.1698,9,9.0012,0,9,0.3391,0.0011,0,0.3789,0.0171,0,0,0.0038,9,0,0,0,0,9,0,0,0,9,0,0,0.0834,0,5.6514,0,0,0,0,0,9,0,0,7.6743,54.257,10.2977,31.4017,0,0,0,0,8.1037,0.9842,0,0.581,0,0.4083,0.051,0,0,9,0,0.0138,0,0,0,0,0,0,46.4293,0,0.3449,0,6,94.4254,5.3706,0,0,9,9,0,0,0,0.3284,9,0,11.8155,0.0477,0,9,0,0.0285,0.3091,9,13.1782,0,0,0,0,0,0
"Haiti",127.56,5.8823,0.2042,0,0,0.1653,0.9044,0.0009,0.1283,0.0001,9.0005,0.039,0.1689,0.0024,9.0011,4.8642,0.005,6.6076,0.0172,0.0979,0.0002,0.7216,0.0194,1.0979,4.4,0,0,0.0205,0.0128,1.1517,0,0,0.0989,0,0.013,12.2356,1.6102,10.9168,3.9211,0.2489,5.8364,0,1.5491,3.0764,0.103,4.3353,0.2574,0.1867,0,0.2365,2.1008,0,0.0005,0,0,0.0194,0,0,0.0959,0.0636,0,0,0,0,9,9,0,0,0,0,0,0,0.1345,1.7039,1.8963,1.2248,0,0,0,0,0,0,9,0.0001,0,9.0047,9,0.0001,9,0.0628,0,9,0,0,0,0,0,9,0,0,0,0,9,0,0,9,0,9,9,0,0.0001,0,0,0,0,0,0,0,0,0.0175,9,0,0,0.043,0.0004,0,0,0,0,0,0,0,0,0,0,2.64,9,9.0001,9,0,0,0,9,0,0,0,0,0,0,0.1408,0,2.6893,0,3.96,1.4953,0.0767,0,0.0676,0,0,0,0,9.0001,0.0691,0,0,0,25.7287,0,0,0.0044,0,0.1454,0,0,9,0,0.0077,0,0,9
"Dominican Republic",1352.9818,25.5783,0.0454,0.9515,0.1653,0,3.2601,35.3048,1.1346,0.041,0.187,0.6956,0.0289,0.02,0,191.9302,0.0839,6.7555,0.82,4.9784,0.1697,11.2319,0.8615,39.3624,140.9661,0.0213,1.585,0.005,1.5268,66.1342,0.0248,0.003,11.7805,32.7571,3.3114,2.2599,0.762,9.6172,34.5095,2.1905,30.4505,0,8.7149,53.6034,5.3148,21.5329,1.7083,1.949,0,0.011,17.4597,0,0.0089,9,0,0.3785,0,0,0.1356,0.0289,0,0,0,0,0,0,0,0,9,0,0,0,13.6363,2.9035,12.0727,24.7655,0,0,9,0,0,0,0,0,9,0,0,0,0,9.0033,0,0,0,9,0,0,0,0,0,9,9,0,0,9,9,0,0,9,9,9,0,0,0,9,0,0,0,0,0,0.0351,0,0,9,9.6923,8.626,0.837,0,9,0,0,0,0.1628,9,0,0,2.42,0.3893,9,9,0,9,0,0,0,0,0,0,0,0,22.1866,9,78.2775,1.4271,72.395,209.9092,0.6505,0,0.5844,0.0338,0,0,0,0,6.5051,0,9,0,1.0291,0,0,0.154,0,0.0049,0,10.6134,9,0,0,0,0,9
"Jamaica",387.73,99.0752,0.6501,0.0041,0.9044,3.2601,0,3.1145,9.1877,4.7764,1.5014,2.3865,0.3706,2.8342,1.8924,112.9007,3.4308,6.512,0.0776,0,0.1287,5.5773,0.3634,21.4515,37.6662,1.3216,3.5714,0,0.1309,17.754,0.002,0.0011,0.3752,1.0345,0.2397,141.798,1.4817,24.7838,6.9677,0.4423,3.314,0,6.1599,0.1113,2.7833,36.4285,0.2915,0.4427,0,0.3157,7.2785,0,0.0536,0,0,0.0034,0,0,0.3976,0.155,0,0,0.11,32.3,0,0,0,0,0,0,0,0,0.119,4.3099,95.4781,0.2505,0.0656,0,0,9,0.0004,0,0,0,0,0,9.0038,0.0164,0,9.0203,0,0.002,42.3059,0.007,0,0.1007,0.0068,9,0.0144,0,0,0.0004,0.0257,0,0,9,0,0,0,0,0,0.0019,0,0.1004,5.0098,0,0,0,0.0268,0,0,0,0,0.0036,0,0.0272,0,0,0,0,0,0.138,0,0,0.043,2.53,0.2131,0,0,0.6377,0,0,0,0,0,0,0,0,0,9.3203,0,11.4195,0,19.8,46.7936,0.6879,0,0.001,0.082,0,0,0,9,5.0633,0,0,0,6.9766,3.8969,0,0.0539,0,0.4473,0,9.1632,0.0144,0,0.0059,0,0,0
"Trinidad and Tobago",320.186,38.6594,5.8136,13.1531,0.0009,35.3048,3.1145,0,46.8013,10.2693,22.3702,27.5318,13.8985,0,0,25.8716,0.9619,0.1799,0.0023,0.3403,0.3759,6.5414,8.7064,18.2289,105.5476,39.3726,59.6296,9.9145,2.1467,30.8032,0.0037,0.4822,10.2664,8.4852,0.053,49.4931,13.3804,14.6434,3.9023,0.2477,35.7276,0,14.0475,38.2159,1.2927,12.0733,1.6875,2.8614,0.1521,1.6188,5.8465,0,0.0028,0.7606,0,0.0815,0,0,0.0527,0.0512,0.0351,0,0.0299,0,0,0,0,0,0,0,0,0,1.0054,2.1638,1.6003,0.6212,0.0005,0,0,0,0,0,9,0.0016,0.0276,0,0,24.5051,4.3212,0.0087,0.0108,0,0.0012,0,0,1.0666,0.0071,0,0,0,0,0.0155,0.0165,0.2112,9,0.026,0.0102,0,0,0.0001,0,0,0.0659,0.0743,0.018,0,0.0072,0,0.019,0.0003,0,0.0001,0,0.8334,0.0419,0.0034,0.0004,0.0855,0.2256,1.8465,0,0.1288,0.0166,0.0025,0.0118,0.3357,0.259,0.0005,0,0.0047,0,0,0,0.0174,0,0,0,0,0,11.9899,0,13.3246,0.1169,9.8178,67.331,1.0792,0,0.1869,0.018,0,0.0695,0.0152,0,1.3527,0,9,0.0828,1.8117,2.1831,0,0.1776,1.5411,0.7735,0.0151,11.2893,0,0,0.8569,0,0,0
"Barbados",179.677,25.7976,0.9299,0.2256,0.1283,1.1346,9.1877,46.8013,0,1.3816,3.2493,5.1013,1.1686,2.9985,3.1065,0.8247,0.079,5.143,0.295,0,0,0.4774,0.342,1.566,21.8616,1.8081,0.3508,0.008,0.3911,6.5362,0.0209,0.0428,0.3796,0.98,0.329,7.724,2.7518,4.3302,1.2412,0.0788,7.96,0,3.3032,0.7324,0.4025,10.5681,0.1447,0.5856,0.231,0.1062,1.1336,0,0.0055,0,0,0.038,0,0,0.0325,0.0369,0,0,0.026,0.0573,0,0,0,9.001,0,0,0,0,1.1909,0.2318,2.4149,1.0906,0.144,0,0,0,0,0,0,0.0055,0,0,0,0.0017,0,9,0,0,0.016,0.0022,0,0,9,0,0,0,0,0,0.074,0.045,9,9,0,0,0,0,0,0.0075,0.0246,0.0124,0,9,9,0,0,0.003,0,0,0,0.001,0,0.0069,0,0.001,0.004,0.081,0,0.001,0,0.002,9,0.393,0.0015,0,0,0,0.001,0,0.0015,0,0,0,0,0,0,6.0211,0,4.3368,0.014,4.82,20.5875,0.4013,9,0.0062,0.0328,0,0.105,9,0.002,1.0305,0,0,9.003,0.4339,0.7337,0,0.0595,0.64,1.9418,0,9.027,0,0,0,0,0,9
"Dominica",29.3822,4.0717,0,0,0.0001,0.041,4.7764,10.2693,1.3816,0,0.3243,2.0659,1.9841,1.4574,0.7635,0.1185,0.059,0.868,0,0,0,0.333,0,0.039,0.3155,0.2269,0.0196,0,0.0162,0.6407,0.0357,9,0.008,0,0.142,22.0905,0.3071,1.803,0.0376,0.0024,2.498,0,1.0326,0.1585,3.7515,1.1617,0.0134,0.5606,0,0.8151,1.6172,0,0,0,0,0.1249,0,0,0.1629,0.0334,0,0,0,0,0,0.926,0,0,0,0,0,0,0.0726,0.0206,0.7402,0.276,0,0,0,0,0,0,0,0,0,0,0,0.006,0,0,0,9,0.004,0,0,0,0,0,0,0,0,0,0,0,0,0,0,0,0,0,0,2.1217,0.0867,0,0,0,0,0,0,0.0222,0,0,9,0,0,0.0088,0,0,0,0,0,0.112,0,0,0,0,0.1509,0,0,0,0,0,0,0,0,0,0,0,0,7.101,0,0,0,1.2,4.0876,0.0947,0,0.0627,0,0,0.725,9,0,4.8898,0,0,0,1.7107,0,0,0,0,0.0198,9,0.031,0,0,0.163,0,0,9
"Grenada",18.29,2.1727,0,0,9.0005,0.187,1.5014,22.3702,3.2493,0.3243,0,0.403,1.6111,0.0481,0.1074,0,0.0001,9.0462,0,0,0,0.0147,0,0.0087,6.611,0.2324,0,9,0,1.0285,0.0003,0,0,0,0.003,4.5783,0.7186,1.1696,0.536,0.034,0.354,0,1.0564,0.1995,0.0223,26.1817,0.1694,0.0112,0,0.0022,1.0915,0,0.0004,0,0,0.0387,0,0,0,0,0,0,0,0,0,0,0,0,0,0,0,0,0.0034,0.0764,0.7023,0.9451,9,0,9,0,0,0,0,9,0.0083,0,0,0,0,0,9,9,0.0143,9.033,0,9,0,9,0,0,0,9,9,9,9,9,0,0,0,9,9,0.0348,0.363,9,0.3688,0,0,0,9,9.011,0,0,0,9,0.454,0,0,9,9,0,9,0,0,0,9,0,0,0,0,9,0,0,0,9,0,0,0,0,0,0.0843,0,0.8909,9,0,3.6585,0.0201,9,9,0,0,0,9,0,0.5136,0,0,9,0.0204,9.1166,9,0,0,0.0562,0,0.8309,0,0,0,0,0,0
"St. Lucia",86.7677,10.4553,0.0629,0,0.039,0.6956,2.3865,27.5318,5.1013,2.0659,0.403,0,6.8621,1.1928,0.1573,1.272,0.1196,0.5398,1.799,0.0226,0,0.1183,0.4986,2.9755,1.3506,0.5635,0.0233,0.001,0.0047,2.4945,0.0124,9,0.0859,0.3204,0,51.0895,0.8297,3.2705,0.8839,0.0561,11.5325,0,1.686,0.16,0.0459,2.4872,0.0405,0.4127,0.052,0.026,8.6144,0,0.0007,0,0,0.0106,0,0,0.066,0.0086,0.0303,0,0.0723,9,0,9,0,0,0,0,0,0,0.213,0.535,0.2253,0.9083,0.0011,0,0,0,0,0,0.0007,0,9,0,0,0,0.0006,0,0,0,0,0,0.0006,0.0001,0,0,0,0.0001,0,0,0.0067,0,0,0,0.0115,0,0,0,0,0,0.0003,0.0021,0.0001,0,0,0,0.0029,2.1039,0,0,0,0.0006,0,0,0.003,0.0001,0.058,0.0386,0,0.0102,0,0,0.0083,0.0923,0.0044,9,0,0,0,0,0,0,0,0,0,0,0,2.3809,0,4.3963,0.216,2.1027,18.1322,0.404,0,0.0108,0.0088,0,0.0972,9,0,1.2553,0,0,0.0021,0.5816,0.6138,0,0.0263,0.3076,0.6694,0,1.2309,0,0,0,0,0,0
"St. Vincent and the Grenadines",43.4611,3.6828,0.0007,0.0015,0.1689,0.0289,0.3706,13.8985,1.1686,1.9841,1.6111,6.8621,0,3.2481,1.8307,0.0848,0.001,1.083,0.3033,0.0085,0,0.1178,0.15,0.6842,1.3285,0.9583,0.0011,0.0007,9,1.6311,0,0,0.0223,0.3059,0,24.1734,0.0922,2.0225,0.2445,0.0155,7.9349,0,0.2522,2.8993,0.0484,2.5383,0.3657,0.0129,0,0.144,14.9116,0,0,9,0,0,0,0,3.996,0,9,0,0,0,0,0,0,0,0,0,0,0,0.0045,2.4604,0.3074,0.8581,0.0022,0,0,9,0,0,0,9,0,0,0,0.1643,9,0,9,0,0,9.086,0,0,0,9,0,0,0,0,0,0,0,9,0,0,9,9,9,9,2.8458,0,9,0,0,9,0,0.0003,0,0,9,0,0,0,0,9,9,0,0,0,9,0,0,0,9,9,0,9,0,0,0,9,0,0,0,0,0,0.059,0,0,0,0,2.8453,0,9,0,0,0,0,0,0,0,0,0,0,0.0442,12.9186,0,0,0,6.9235,0,0.0459,0,9,9,0,0,0
"Antigua & Barbuda",62.1,6.9393,0.0223,0,0.0024,0.02,2.8342,0,2.9985,1.4574,0.0481,1.1928,3.2481,0,0,0,0.066,9,0,0,0,0.109,0,12.153,0,0.9486,0.0095,0,0,1.507,0.0033,9,0,0.199,9,24.6128,0.3088,1.3931,0.1975,0.0125,1.3688,0,1.0755,0.9492,0.1121,6.4288,0.0314,0.2191,0,0.033,2.8917,0,0,0,0,0.5856,0,0,1.562,0,9,0,0,9.1,0,0,0,0,0,0,0,0,0.236,0.7875,1.7861,0.6388,0,0,0,0,0,9,0,0,9,0,0,0.1154,0,0,0,9,0.003,9.0363,0,0.082,0,0,0,0,0,0,0,0,0,0,0,0,0,0,0,0,0.0611,0,0,0,0,0,0,0.0008,0,0,0,0,0,0.136,0,0,0,0,0,0.001,0,9,0,0,0,0,0,0,0,0,0,0,0,0,0,0,0,0.35,0,0,0,0,0,0.02,0,0,0.0128,0,0,0,0,0,0,0,0,0.1833,0,0,0.053,0,0.034,0,0.129,0,0,0,0,0,0
"St. Kitts and Nevis",22.51,1.85,0.0097,0,9.0011,0,1.8924,0,3.1065,0.7635,0.1074,0.1573,1.8307,0,0,0,0,0,0,0,9,0.0163,0,0.3118,0,0.313,0,0,0,23.9558,0,9,9,0,0.065,0.5789,0.0156,0.8565,0.0376,0.0024,1.6051,0,0.2538,0.1304,0.7767,2.6246,463.5664,0.0805,0,0.0506,0.2114,0,0,0,0,0,0,0,9.1397,0,0,0,0,0,0,0,0,0,0,0,0,0,0,0.2367,0.7448,0.4544,0,0,0,0,0,0,0,0,9,0,0,0,0,0,0,0,0,0,0,0,0,0,0,0,0,0,0,0,0,0,0,0,0,0,0,0,0,0,0,0,0,0,0,0,0,9,0,0,0,0,0,0,0,0,0,0.017,0,0,0,0,0,0,0,0,0,0,0,0,0,0,0,0,0,0.0462,0,0.1757,0,0.0066,3.1363,0.0793,0,0,9,0,0,0,0,0,9,0,0,0.0154,0,0,0,9,0.0625,0,0.0429,0,0,0,0,0,0
"Mexico",12820.394,1270.574,15.3164,120.1904,4.8642,191.9302,112.9007,25.8716,0.8247,0.1185,0,1.272,0.0848,0,0,0,18.7836,58.1698,61.2266,93.3177,7.8598,107.822,18.0816,95.1187,47.949,1.3904,1.1653,2.6663,112.8743,838.3848,8.5355,6.4867,73.196,63.7811,12.8645,411.4264,184.8187,142.7833,56.0332,3.5568,734.629,0,514.5886,386.8854,129.3456,2156.8409,65.032,34.9966,4.6281,19.9562,910.5586,0,0.3634,0,0,5.4065,0,0,3.9598,0.7652,2.0219,0,0.6465,15,0,0,0,9,9.258,0,0,0,45.5784,332.8917,25.863,122.4994,0.6062,0,0,0,0,0,0,0.1271,0,0,0.0642,1.2156,0,0.1423,3.2956,0,0.276,0,0,0.0858,0,0.0006,0,0.4121,0,0,0.0457,0,0,0,0,0,0,0,0.4086,0.0086,0.6945,0,0,9,0,0,0,0.0467,0,0,0,26.1467,10.5324,4.0207,0.0726,0,18.7166,10.4426,0.0044,1.3275,0,3.3638,0.99,41.026,32.5971,0.0571,3.2093,0,0,0,0.2166,0,0,0,0,0,0,43.725,0,553.6727,0,506.1013,2101.3252,6.0576,0,6.2825,0.943,0,20.3278,0,0,52.9017,0,0,0,175.0182,68.4285,0,25.3066,60.2814,46.1655,0,159.363,0,0,0.148,0,0,0
"Belize",94.249,0.8238,0.0058,0,0.005,0.0839,3.4308,0.9619,0.079,0.059,0.0001,0.1196,0.001,0.066,0,18.7836,0,6.3426,0.132,2.285,0.09,1.5087,0.5891,0.1335,4.5029,0.0172,0.0031,0.001,0.0017,1.062,0.0114,0.009,0.0026,0.116,0.0681,32.9711,0.8753,8.3287,0.1316,0.0084,0.4134,0,0.7986,2.3741,0.165,1.5974,0.0021,0.7665,0.0002,0.0015,2.8948,0,0,0,0,0,0,0,0.0424,0,0,0,0.0585,9.1,0,0,0,0,0,0,0,0,0.057,0.112,0.0856,3.4948,0,0,0,0,0,0.0049,0,9,0,0,0,0.0004,9,0.0294,0.002,0,0.0044,0,0,0.0022,0,9,0,0,0,0,0.0306,0,0.0168,0,0,9,0,0.0025,0,0,0.0004,0.0003,0,0,0,0,0,0.0001,0,0,9,3.0071,0,0,0,9,0,0.0037,0,0,0,0.0001,0,0.0036,0,0.0029,0,0,0,0,0,0.0003,0,0,0,0,0,1.9232,0,4.591,0,0.616,2.9016,0.3541,0,0.0102,0,9.0002,0.0233,0,0,0.1968,0,0,0,0.235,0.445,9,0.087,0.209,0.0703,0,0.595,0,0,0.0378,0,0,9
"Guatemala",9.0382,13.5017,0.023,0.0088,6.6076,6.7555,6.512,0.1799,5.143,0.868,9.0462,0.5398,1.083,9,0,58.1698,6.3426,0,26.1461,57.108,64.6766,23.5679,6.542,23.8846,100.3633,0.035,4.0034,5.2346,1.3748,61.093,0.2083,0.2434,0.321,48.5047,0.2182,15.2224,4.9194,0.2675,23.1787,1.4713,1.8789,0,12.2918,10.8568,9.6908,36.219,1.1637,4.5354,0.0229,0.822,4.9237,0,0.1563,9.028,0,0.016,0,0,0.8947,0.1714,0.039,0,1.3964,4.608,0,9,0,0,13.016,0,0,0,8.8616,0.1341,2.0826,0.5763,0.0447,0,0,0,0,0,0,0.0007,0.1285,9,9,0,0,0,0,0,0,9,0,0,9,0,0,9,0,9,0,0,9,0,0.05,0,0,12.6652,9,0,0,0,4.8429,0,9,0,0,0.0125,0,0,0,0.34,0.297,0.0068,0.005,0.008,0.014,2.0726,9,4.565,0,0.085,0.963,7.047,27.8983,0.01,0,0.017,9.593,0.041,0.6974,9.011,0,0,0,0,0,2.1874,9,38.4953,2.0984,15.1606,109.9804,0.5945,9.012,0.4652,0.6805,9,5.6161,0,0,0.0534,0,0,0,4.774,0.1246,0,0.3848,0.3051,0.582,9,1.0387,0,9,0.016,0,0,0
"Honduras",303.8,10.203,0.02,0,0.0172,0.82,0.0776,0.0023,0.295,0,0,1.799,0.3033,0,0,61.2266,0.132,26.1461,0,0.506,11,18.625,15.9293,9.821,17.3449,0.0181,0.6762,0.8923,1.627,19.3956,0.0759,0.437,3.167,2.4,0.156,11.9019,0.1924,9.2756,11.989,0.761,5.9072,0,13.1562,33.3534,7.8601,88.9279,1.1085,11.9455,0.313,11.0881,23.6179,0,0.0121,0.001,0,0,0,0,0.562,0.2402,0,0,0.61,0.49,0,0,0,0,9.018,0,0,0,8.4934,15.6414,5.5366,1.8932,0.0799,0,0,0,0,0,9,0,0,0,0,0.7638,0,9,0,9,0.039,0.256,0,0,0,9,0,0,0,9,0,9,9,0,0,0,9,0,9,0,0.2829,0,0.124,0,0,0,0,0.0439,0,0,0,3.321,0.281,0.682,0,0,6.187,0.052,0,0.165,0.023,0,0.048,0.107,2.2342,0,0,0,9,0,0.1629,0,0,0,0,0,0,2.366,2.075,11.191,2.378,15.084,31.5468,0.6263,0,0.0094,0.057,0,0.343,0,0,0.2291,0,0,9,0.0166,4.5902,9,0.01,0.0311,0.0481,9,0.356,0,9,0,0,0,9
"El Salvador",278.187,3.5992,0,0,0.0979,4.9784,0,0.3403,0,0,0,0.0226,0.0085,0,0,93.3177,2.285,57.108,0.506,0,34.108,0.79,51.5789,7.398,87.5456,0,0,11.564,1.1246,25.2921,0.002,1.1014,0.239,6.788,0.328,5.4174,1.563,9.038,7.6353,0.4847,0.2606,0,10.005,9.6696,0.4208,26.6307,1.5336,6.5479,2.694,1.4848,11.0379,0,0,0,0,0,0,0,0.014,0.0044,11.979,0,0.7,9.9,0,0,0,0,9.043,0,0,0,1.6685,5.9859,1.5293,4.7371,0,0,0,0,0,0,0,1.8458,1.5943,0,9,0.0003,0,9.0027,0,0,0,0,0,0,0,0,0,0,0,0,0,0,9,9,0,0,0,0,0,0,0,0,1.492,0,0,0,0,0,0,0,9,0.183,0,0,0,0,0,0,0,0.015,0,0,0,2.2,0,0,0,0,0,0,0,0,0,0,0,0,0,8.797,0,20.566,0,19.2,82.9172,0.188,0,0.3556,9,0,0.33,0,0,1.1214,0,0,9,1.5571,1.41,0,0.077,0,0.2705,0,15.295,9,0,0,0,0,9
"Nicaragua",159.1,21.4283,0,2.1505,0.0002,0.1697,0.1287,0.3759,0,0,0,0,0,0,9,7.8598,0.09,64.6766,11,34.108,0,41.872,39.7878,9.472,100.5099,0,0.0106,0.1555,0.0262,7.0364,0.0124,0,1.5,4.2,0.012,1.9515,4.215,1.9611,1.655,0.1051,0.3713,0,0.1532,0.317,0.9417,32.5621,0.5485,3.384,0,4.4787,4.2075,0,0,0,0,0,0,0,24.4717,0.0356,2.0282,0,0,1.7,0,0,9,9,0.018,0,0,9,7.0398,2.1927,3.2104,1.2246,0,0,0,0,0,0,9,0,0.0026,0,0,0,9,9,9,0,0,0,0,0,9,0,9,0,0,9,9,0,9,0,0,0,0,9,0,0,0.0086,9,0,0,0,0,0,0,9,0,9,0.064,0.411,0,0,0,0,0,9,0.001,0,0,0,0.7,0,9,9,0,0,0,0,0,0,0,0,0,9,25.084,0,0,1.1982,10.8,30.8796,0.5392,9,0.0261,9.0026,0,0,0,0,0.0158,0,9,0,0.0455,0,0,0.051,0.2924,0.0436,9,0.023,0,0,0.023,0,0,9
"Costa Rica",155.918,93.8869,0.359,0.7079,0.7216,11.2319,5.5773,6.5414,0.4774,0.333,0.0147,0.1183,0.1178,0.109,0.0163,107.822,1.5087,23.5679,18.625,0.79,41.872,0,32.8872,52.565,106.9131,0.0101,0.1563,11.7707,6.5054,97.29,0.1062,0.1028,14.05,4.921,0.751,2.2337,2.3076,29.9022,6.4693,0.4106,4.1824,0,1.9432,12.7615,11.708,115.2651,11.8908,21.666,3.653,12.0512,110.6044,0,0.2448,0,0,0.485,0,0,4.6207,0.0222,0,0,0.749,3.036,0,0,0,9,0,0,0,0,9.3102,11.6239,11.4385,4.0037,0.7741,0,9,9,9,9,0,0.0122,9,0,0.0076,0.081,0,0,0,0,0.011,9,0.433,0.0134,9,0,9,0,0,9,0,0,0,0,0,9,0,0,3.5,0,0.1186,9,0.34,0,9,0,0,0.0005,0,0,0,0.592,2.128,0,0,0,0,0.2,0,0,0.315,0.5764,0.253,4.38,1.3877,0,0,0.3652,0.311,0,3.1005,9,0,0,0,0,0,10.063,9,46.446,0.1227,52.997,144.1374,0.7341,0,0.1052,0,0,0.165,9,0,0.3363,9,0.0009,9,1.8609,4.392,9,0.212,0.843,0.042,0,0.063,9,9,0,0,0,9
"Panama",475.578,9.6329,0.0004,1.0559,0.0194,0.8615,0.3634,8.7064,0.342,0,0,0.4986,0.15,0,0,18.0816,0.5891,6.542,15.9293,51.5789,39.7878,32.8872,0,90.4258,174.2258,0.0093,3.6045,93.6155,63.3676,50.9075,11.7885,17.9334,4.4881,149.9272,15.3096,5.0023,5.6601,7.0278,24.0344,1.5256,5.7316,0,113.377,30.9678,9.3942,158.0772,1.3745,10.6977,0.077,1.8192,108.7184,0,0.1811,9,0,0.1282,0,0,25.6277,0.1793,0.0162,0,0.5557,152.1,9,0.3133,0,0,9.049,0,0,0,22.071,42.6042,92.1333,4.3941,2.3687,0,0,9,9,9,0,0.0506,0,0,0.0227,3.363,0,9.147,9,0,0.15,0,0,0.4932,0,0,0,0,0,0,0,9,9,0,9,0,0,0,0,0,0.0354,0,5.1781,0,0,0,0,0.3441,0,0,9,5.037,0.827,0,0,0,0.6012,0.2138,0,2.181,0,0.0203,0.0505,5.3576,0.9162,0,0,0,9,0,0,0,0,0,0,0,0,1.3754,0,27.4243,0,328.6396,32.3649,0.3272,0,0.3074,0.1078,9,0.3496,9.009,0,33.2554,0.0268,9.0284,0,41.3551,68.106,0,0.0752,0.6316,11.4516,0,0.6563,9,0,0,0,0,9
"Colombia",492.553,60.7776,5.9151,12.9194,1.0979,39.3624,21.4515,18.2289,1.566,0.039,0.0087,2.9755,0.6842,12.153,0.3118,95.1187,0.1335,23.8846,9.821,7.398,9.472,52.565,90.4258,0,87.2133,0.3114,1.6023,2.6343,242.4617,208.4831,44.1046,0.132,27.727,101.293,25.406,70.0255,56.8168,86.8322,9.516,0.604,4.5059,0,91.8451,79.3344,37.8912,386.8805,21.2384,24.6787,13.272,21.9011,61.2072,0,0.1329,0.0627,0,0.6301,0,0,2.1299,0.3676,1.506,0,3.807,1.131,0,0,0,0.004,1.353,0,9,0.017,55.3315,12.8668,18.3144,86.4363,0.4986,0,0.0076,0.025,0,0.0082,0.022,0.772,0.027,0,0.034,0.033,0.0627,0.0671,0.204,0.014,0.056,0.5238,0.12,13.6435,0.1793,0.0033,0,0.0151,0.536,0.0136,0.137,0,0.011,0.02,0,0,0,0.008,0.005,0.0253,0.035,0,9.798,0,0,0.023,0.006,0.02,0,0.026,0,7.207,1.953,0.73,0.1936,0.1309,2.481,0.08,0.006,0.168,0.189,0.458,0.523,10.13,36.3437,0.9247,0.31,0.037,0,0.447,0,0.0264,0,0,9,0,0,13.533,0.015,32.824,1.6501,5.525,267.9286,18.3673,0.016,3.0704,2.689,0.0627,1.213,0,0,4.5186,0,0.0121,0.711,0.62,12.8565,0.026,0.373,0.476,3.7488,0.0253,1.064,2.2544,0.011,0.014,0,0,0
"Venezuela",2142.8975,1.7252,0,65.4423,4.4,140.9661,37.6662,105.5476,21.8616,0.3155,6.611,1.3506,1.3285,0,0,47.949,4.5029,100.3633,17.3449,87.5456,100.5099,106.9131,174.2258,87.2133,0,0,9.8031,26.2612,26.4374,221.6973,2.1882,2.4981,55.7432,222.6373,13.6148,1.8688,11.1855,116.9253,92.1035,5.8464,103.8808,0,101.5027,175.9811,33.5396,104.8505,9.1927,11.4082,0.649,1.2023,562.9911,0,1.8061,0,0,0.3256,0,0,1.3693,0.1646,1.1913,0,2.379,22.1,0,0,0,0,14.549,0,0,0,23.4661,8.064,7.3858,34.5346,0.0011,0,0,0,0,0,0,4.8929,0,0,0,14.1059,0.0044,0.0372,0,0,3.433,0,0,0,0,0,9,0,0,0,0,0,9,0,0,0,0,0,0,0,0.4123,0,0,0,0,0,0,0.7092,0,0,0,4.1597,5.116,4.6923,3.2571,0,4.8543,2.8573,0.0286,4.2218,0.1276,0.308,0.302,11.5251,8.663,0,0,0,0,0,0.0001,0,0,0,0,0,0,2.4284,0,113.4926,19.107,69.5466,425.6726,5.8421,0,3.2999,0.0718,0,1.6207,0,0,6.7901,0,0,0.0253,12.6857,91.482,0,1.1704,4.4533,9.6602,0,35.5843,0,0,0,0,0,9
"Guyana",6.8,29.9231,0.0321,4.3791,0,0.0213,1.3216,39.3726,1.8081,0.2269,0.2324,0.5635,0.9583,0.9486,0.313,1.3904,0.0172,0.035,0.0181,0,0,0.0101,0.0093,0.3114,0,0,3.3651,0,0.0649,3.3088,0,0,0.78,0.3124,0,93.9034,1.0552,1.2123,4.7768,0.3032,19.7145,0,0.2672,1.1728,0.557,1.7258,0.0264,2.9769,0,0.0242,23.0817,0,0,0,0,0.7555,0,0,0.003,0,2.0053,0,0,1.5,0,9,0,0,0,0,0,0,7.6762,0.8909,0.1924,0.8669,0,0,0,0,0,0,9,0,0.0642,9,0,0,0,9.0006,0,0,0.0765,9.0099,0,0.9504,0,0,0,0,0,0,0,0,9,0,0,0,0,0,0,0,0,0,0,0.1318,0,0,0,0,0,0,0,0.3588,0,0,0,0.0016,0,0,0,0.1023,0,0,0,0.11,1.9818,0,0,0,0,0,0,9,0,0,0,0,0,5.4054,0,2.871,1.5426,4.32,2.6032,1.087,0,0.2737,0,0,0,0,0,0.7588,0,0,0,7.0315,0,0,0.2508,0.4085,0.852,0.0014,1.5437,0,0,0.008,0,0,0
"Suriname",172.8792,4.195,0.0062,0,0,1.585,3.5714,59.6296,0.3508,0.0196,0,0.0233,0.0011,0.0095,0,1.1653,0.0031,4.0034,0.6762,0,0.0106,0.1563,3.6045,1.6023,9.8031,3.3651,0,0,0.0359,26.0759,0,0,0.2773,0.2202,0.118,13.5573,0.075,92.4213,3.5074,0.2226,84.016,0,0.5749,5.1893,5.5193,28.7405,0.1736,0.1601,0.0084,0.0659,2.0966,0,0,0.0017,0,0.0773,0,0,0,0.1003,0.0022,0,0,0,0,9,0,0,9,0,9,0,0.3505,0.0829,91.7532,0.1345,0.0018,0,0,0,0,0,0,0,0,0,0,0.023,0,9,0,9,0,0,0,0,0,0,0,0,9,0,0,0,0,0,0,0,0,0,9,0,0.0065,0,0,0,0,9.0056,0,0,0,0,0,0.0009,0,0,9,0,0,0.088,9,0,9,0.0039,0,0,0,0,0,0,9,0.0011,0,0,0,0,0,0,0,2.0158,9,3.0768,0.0683,2.5737,4.9089,0.3905,9,0.023,0.0269,0,0,9,0,0.9204,9,0,0,0.0347,0.7961,9,0,1.234,0.0006,0,0.0006,0,0,0.006,0,0,0
"Ecuador",669.591,51.1352,0,0,0.0205,0.005,0,9.9145,0.008,0,9,0.001,0.0007,0,0,2.6663,0.001,5.2346,0.8923,11.564,0.1555,11.7707,93.6155,2.6343,26.2612,0,0,0,88.7176,97.9971,5.4031,6.8777,103.7172,36.1514,1.9289,2.3196,8.9721,1.0766,6.7608,0.4292,0.9681,0,34.7,9.9331,11.5861,154.8115,25.5168,16.8445,3.3917,13.6941,14.1866,0,1.8997,0,0,0.0097,0,0,8.7937,0.1045,0.2794,0,0.1856,13.9,0,0.0045,0,0,9.877,0,0,0,10.5773,3.091,4.1445,1.9932,0.0256,0,0,0,0,0,0,0.0068,0,0,0,0,0,0.0004,0,0,0.025,0,0,0,0,9,0,0,9,9,0,9,9,9,9,0,0,0,9,0,0.2159,9,10.5348,0,0,0,0,0,0,0,0,0.337,0.309,1.871,0.9142,0,0,0,0,0.045,0,0,0,15,8.6708,0,0,0,9,0,0,0,0,0,0,0,0,0.8057,9,18.3258,9,362.4,199.5708,0.5675,0,0.7436,9.0256,0,1.116,0,9,1.2485,0,0,9,2.2486,1.0674,0,0.007,2.4206,1.7739,0,23.7849,9,9,0.001,0,0,0
"Peru",341.0911,15.2839,0.0858,0.2992,0.0128,1.5268,0.1309,2.1467,0.3911,0.0162,0,0.0047,9,0,0,112.8743,0.0017,1.3748,1.627,1.1246,0.0262,6.5054,63.3676,242.4617,26.4374,0.0649,0.0359,88.7176,0,39.4295,7.8871,26.5661,121.5388,166.4224,14.5331,93.1848,7.5828,36.7161,11.2179,0.7121,74.8732,0,39.6613,29.4943,15.3282,12.1333,1.298,7.8451,9.8204,10.8218,150.6649,0,0.0366,0,0,16.2877,0,0,0.1036,0.3757,13.9814,0,3.6731,6.4,0,0,0,0,0.153,0,0,0,1.629,43.0033,6.2533,8.2637,0.005,0,0,0,0,0,2.3628,1.9509,0,0.0055,0.0011,0.024,0,0.5378,0,0.0055,0.252,0,1.6766,0.99,0,0,0.1419,0,0.2299,0.0363,0,0,0.156,0,0,0,0,0,0,0,0.0744,0,8.947,0,0,0.0022,0,0.226,0,0,0,2.333,23.7817,0.17,0.0297,0.0649,33.9371,3.9612,0,0.0461,1.3505,0.3784,0.2468,4.1147,1.4343,0,0.131,0,0.0022,0.5321,0,0,0,0,0,0,0,294.84,0,48.4814,0.0726,38.0955,19.9807,0.1561,9,0.6707,0.2868,2.1967,2.2055,0,0,33.6147,0,0,26.3879,31.7596,11.4348,0,11.1381,0.0828,0.1564,0.2695,30.7794,0.0022,0,0.0055,0,0,0.033
"Brazil",2599.0942,130.7715,2.1626,3.4463,1.1517,66.1342,17.754,30.8032,6.5362,0.6407,1.0285,2.4945,1.6311,1.507,23.9558,838.3848,1.062,61.093,19.3956,25.2921,7.0364,97.29,50.9075,208.4831,221.6973,3.3088,26.0759,97.9971,39.4295,0,145.1379,83.424,470.0159,1445.037,100.0179,1116.2822,30.3711,589.1228,417.5363,26.5037,1021.05,0,258.031,812.0343,323.5788,1363.2507,72.9036,100.0229,89.5142,65.8086,939.4193,0,5.4138,0,0,24.3969,0,0,110.633,10.9889,10.2997,0.4,31.3382,52.4,0,0.1694,9.1056,3.4441,14.667,0.033,0,0.7406,42.9613,24.3522,7.3495,120.4233,1.3623,0,0,0.121,0.0341,1.441,0.9504,16.3144,4.288,2.0702,0.9747,41.0922,14.8654,5.2096,58.6344,3.6322,20.6793,11.2277,11.3156,305.481,3.7323,0.4892,0.3245,2.3044,7.6164,0.5423,26.4682,5.1689,0.691,0.41,4.0425,0.0055,0.257,29.9277,1.4,0.2261,23.96,0.7535,98.2642,1.581,0.038,3.362,0,1.7064,0.0396,9.7666,0.2453,116.9219,288.2704,37.7975,29.7374,2.2902,656.5632,186.4962,0,130.5112,26.201,53.3687,26.7639,9.1236,1296.5949,54.2476,34.1771,31.306,60.93,29.3354,17.464,0.0176,0,0,0,0,0,464.7776,0,431.5319,2.838,652.6142,1583.8661,199.1717,0,93.0028,15.9995,0,13.3599,0.001,5.6089,443.3595,0.1166,0.0044,8.037,225.2111,146.2841,0.039,174.9382,163.8073,70.2817,1.5697,24.6837,0.0275,0,0.805,0,0,0
"Bolivia",104.2022,5.4244,0,0.4307,0,0.0248,0.002,0.0037,0.0209,0.0357,0.0003,0.0124,0,0.0033,0,8.5355,0.0114,0.2083,0.0759,0.002,0.0124,0.1062,11.7885,44.1046,2.1882,0,0,5.4031,7.8871,145.1379,0,0.391,61.2914,42.3067,2.2805,8.9513,1.2681,3.3589,3.592,0.228,39.129,0,6.4819,14.1565,0.5698,63.8414,0.201,0.8447,0.0443,0.5472,26.2132,0,0.052,12.7054,0,0.0671,0,0,0.0146,0.0479,9.8683,0.0155,0.1528,2.0437,0,0,9,9,9,9,9,9,1.5755,25.2128,0.3032,5.9597,0.0514,0,9.0704,9,0.0177,9,9,0,0.0145,9,9,0.0003,0.0007,9,0,0,0.0108,9,0.0018,0.0012,0,0.0011,9,0.0094,9,9.0161,0.0329,0.0044,0.0175,0,0,9,0.0015,0.0038,0,0,0.0001,9,1.0621,9,0,0.0196,9,9.0016,9,9,9,0.591,9.4285,0,0,0,0.2431,0.0435,0,0.0025,0.1405,0.0058,0.044,0.1833,0.2315,0.0084,0.0284,9,0.1161,0.0096,0.146,9.0119,0,9,0,0,0,7.5104,9,7.5538,0.025,8.9805,131.9143,0.8066,9.0886,0.0343,0.1152,0.0405,0.2243,0,0.0005,0.0814,9,9,0.087,17.6174,0.0892,9.0047,0.0469,0.1039,0.683,0,0.4625,9,9,9,0,0,9
"Paraguay",153.7521,1.2791,8.78,0.0264,0,0.003,0.0011,0.4822,0.0428,9,0,9,0,9,9,6.4867,0.009,0.2434,0.437,1.1014,0,0.1028,17.9334,0.132,2.4981,0,0,6.8777,26.5661,83.424,0.391,0,22.4543,156.0094,1.3654,57.5047,1.4675,23.2006,14.0765,0.8935,10.3474,0,6.2854,14.8088,33.3689,28.074,1.7523,0.0693,0.3279,2.0988,27.0193,0,0.0141,0,0,0.011,0,0,1.5516,0.0089,0.0231,0,0.3872,0,0,0,0,0,9.068,0,0,0,0.0253,4.036,0.1885,0.918,2.081,0,9,0,0,9,9.09,0.0967,0,0,9,0.025,0,0.0023,0,0,0.0069,0,0,0.042,0.055,0,0,0.034,0,9,0,0,0,9,9,9,0,0,0,0,0.0303,0,3.8738,0.0374,0,0,0,0,9,0,9,0.023,27.7486,0.103,0,0,0,1.1805,0,0.072,0,0.0229,0.0005,1.1278,0.0447,9,0,0,0,0,0,0.0297,0,0,0,0,0,14.076,9,50.7498,0,39.3645,138.1813,2.457,0,0.393,0.0704,0,0,0,0,1.6749,0,0,0,0.3685,5.1053,0,0.0539,2.0049,0.0756,0,0.202,0,0,0,0,0,9
"Chile",357.55,2.0879,1.1859,4.3603,0.0989,11.7805,0.3752,10.2664,0.3796,0.008,0,0.0859,0.0223,0,9,73.196,0.0026,0.321,3.167,0.239,1.5,14.05,4.4881,27.727,55.7432,0.78,0.2773,103.7172,121.5388,470.0159,61.2914,22.4543,0,5.49,15.461,175.9396,14.5209,81.1895,8.303,0.527,320.6474,0,74.656,237.7284,44.0261,170.3362,16.9,2.9618,0.5,10.1788,198.9719,0,0.9107,0.315,0,26.3146,0,0,11.4688,1.1558,0.84,0,4.1075,17.9,0,0,0,0,14.064,0,0,0,26.2496,13.0434,2.0199,20.1134,2.1173,0,0,0,0,0.0437,9,0.3091,0,0.601,0.9596,0.2054,0.1881,0.0003,0.0693,0.0726,0.219,0.0644,0.196,323.8693,169.1826,0,0,0,0.11,0,36.421,0.0226,0.143,0,0,0.5407,0,15.33,0,0.0374,1.4734,0,5.9,1.718,0.585,0.014,9.019,9.149,9,6.889,40.945,9.373,0.358,12.3209,0.372,0.0216,62.533,25.346,0,16.474,0.27,0.7548,0.166,21.46,29.4701,3.4698,1.2882,4.2695,3.453,23.43,3.6378,1.064,0,0,0,0,0,262.902,0.009,330.72,19.5277,116.52,894.9046,3.7324,9.061,6.2234,2.681,1.0945,3.718,9,0.046,24.1493,0,9.012,0.185,22.2066,103.4526,0,29.326,94.9791,14.8792,6.5439,11.547,5.495,16.1853,0.038,0,0,1.6
"Argentina",1856,33.6247,0.8722,67.201,0,32.7571,1.0345,8.4852,0.98,0,0,0.3204,0.3059,0.199,0,63.7811,0.116,48.5047,2.4,6.788,4.2,4.921,149.9272,101.293,222.6373,0.3124,0.2202,36.1514,166.4224,1445.037,42.3067,156.0094,5.49,0,5.391,22.707,3.7032,254.5331,129.5186,8.2214,92.5809,0,74.4079,227.7047,117.7491,86.0544,6.1722,5.5965,1.689,70.2268,148.9583,0,3.2849,0.1771,0,7.2981,0,0,47.2736,5.0526,16.455,0,53.5385,49.8,0,9,0,0,0.724,0,0,0,17.1418,57.5622,45.0471,156.7947,17.1855,0,0,0,0,0,0,1.0143,0.0529,0,0.1554,0.2205,0.6633,0.106,0.5401,0,1.477,0,0.719,49.571,3.4507,0.1321,0,0.1889,1.5673,0,9.1647,9.6932,0,0.08,0,9,0,16.4175,22.58,0.0255,194.7639,0.4917,137.018,0,0,0,0,0.1588,0,17.0273,0,34.8373,11.422,50.7161,14.4998,0.748,323.586,110.733,0,82.695,24.2093,4.5188,21.678,1.735,12.5537,0.0702,36.7,4.1404,7.0879,16.572,3.7947,0,0,0,0,0,0,29.72,0,0,0,352.29,182.6293,2.7056,0.144,16.4039,7.9392,0,3.961,0,1.6445,33.1142,0,0,0.947,79.189,118.4913,0.262,5.684,113.9108,21.7569,0,32.801,0,0,0.012,0,0,0
"Uruguay",93.646,6.3541,0.297,1.3949,0.013,3.3114,0.2397,0.053,0.329,0.142,0.003,0,0,9,0.065,12.8645,0.0681,0.2182,0.156,0.328,0.012,0.751,15.3096,25.406,13.6148,0,0.118,1.9289,14.5331,100.0179,2.2805,1.3654,15.461,5.391,0,49.2316,0.1559,17.4344,7.2122,0.4578,4.0243,0,15.9083,8.7655,3.0331,61.8084,2.7882,11.1463,0.28,1.8237,14.1528,0,0.1428,9,0,0,0,0,2.2005,0.8675,0.026,9,2.189,3.299,0,0.0421,9,0,0.682,9,9,9,0.9067,9.0683,2.6441,0.2258,0.013,0,0,9,9,0,9,0,9,0,0,0.002,0,0.217,0.005,0,0.019,0.017,0,35.988,0.4092,9,9,0.2947,0.3707,0,0.0641,0,0,0,9,0,9,0,0,0,0.063,0,3.092,0,0,0,0,0,0,0.001,0,2.625,1.719,0.1979,1.485,0,58.897,1.067,0.008,5.312,9,0.187,0.047,47.22,10.2275,0.067,0.197,0.0462,0,10.944,0,0,0,0,0,0,9,83.51,9,16.15,0.508,111.469,70.7751,0.5818,9,0.3991,1.982,9,1.033,0,0.0693,0.1349,0,0,1.152,2.418,2.597,0,0.152,0.8614,28.0018,0.029,1.137,0,0,9,0,0,0
"United Kingdom",3582.371,410.8909,22.4269,40.2036,12.2356,2.2599,141.798,49.4931,7.724,22.0905,4.5783,51.0895,24.1734,24.6128,0.5789,411.4264,32.9711,15.2224,11.9019,5.4174,1.9515,2.2337,5.0023,70.0255,1.8688,93.9034,13.5573,2.3196,93.1848,1116.2822,8.9513,57.5047,175.9396,22.707,49.2316,0,653.3956,6003.16,451.6602,28.6698,3108.508,0,3149.5991,1964.3916,97.7976,5554.978,381.7851,197.2311,113.7344,5.2684,1170.647,0,211.2302,4.7751,0,16.2913,0,0,623.314,113.1435,8.6636,0.5,85.0512,1724.3,8.005,25.8872,88.6628,0,6.29,0,0,103.4015,1107.6637,1529.606,4317.3982,1393.4306,278.9036,0,2.1194,2.0394,2.5888,33.2644,18.0238,16.7349,16.5552,16.1737,6.1322,42.0729,14.8291,7.0062,9.2841,12.7102,221.0136,8.0386,39.0234,907.7684,31.8282,0.7447,0.3685,8.8222,27.2627,35.0119,34.5025,115.0659,2.2042,2.4633,6.4229,49.9048,26.6599,126.9472,40.9858,85.6823,97.1997,7.1022,324.6349,17.614,2.6248,14.2132,65.9017,12.3552,0.1791,359.0923,19.8419,15.9379,193.7387,33.8446,147.9731,92.8442,1382.4647,384.6574,66.7593,119.2138,8.4576,158.13,122.777,509.2631,1768.3735,46.3427,134.1418,233.7763,207.3899,760.3046,174.2373,1.2881,0,0,8.4,0,0,664.5988,2.1512,1491.9817,13.6418,283.1512,8228.4363,119.8849,24.03,73.4527,33.1913,8.8199,13.9262,6.8537,1.8149,180.8225,2.3709,0.8443,16.9457,573.1561,77.7307,81.2031,123.2271,220.0791,762.4279,59.7373,175.2521,0.282,9.068,119.264,0,0,1.0789
"Ireland",851.4553,256.1705,0.2092,1.5462,1.6102,0.762,1.4817,13.3804,2.7518,0.3071,0.7186,0.8297,0.0922,0.3088,0.0156,184.8187,0.8753,4.9194,0.1924,1.563,4.215,2.3076,5.6601,56.8168,11.1855,1.0552,0.075,8.9721,7.5828,30.3711,1.2681,1.4675,14.5209,3.7032,0.1559,653.3956,0,441.8315,327.7741,20.8059,1679.4835,0,283.5367,674.4627,26.0292,2067.7744,45.0584,167.9889,9.6927,2.4383,813.4592,0,19.7255,0.0887,0,10.3692,0,0,121.6481,11.4036,3.2963,0,5.856,84.4,0.3972,4.6753,0.184,0.2295,1.195,0.0104,9,4.8387,11.0271,52.5352,125.1815,36.7005,5.7727,0,0.158,0,0.0007,0.5125,22.2425,0.5361,0.5818,2.4465,0.2652,7.5625,77.7887,1,1.9714,0.8551,26.1667,0.428,7.6285,52.8075,4.4496,1.5134,3.4177,2.3801,13.631,2.2081,13.2373,1.8074,0.3186,0.257,0.517,1.2959,5.586,7.2342,7.1667,0.0893,2.1782,0.6187,44.5131,0.3008,0.0409,0.718,1.77,0.9922,0.0298,1.5537,0.2962,23.9821,7.3802,2.2769,20.46,2.6671,21.4319,14.7353,4.6431,40.2272,2.0335,17.4951,7.4218,8.719,136.7628,3.8924,21.8765,10.1423,5.3992,32.4128,5.9358,1.126,0,9.0015,0,0,0,127.0819,0.0022,108.0827,21.3321,7.8694,45.5401,23.8659,9,7.232,3.8899,0.2824,3.5242,0.1457,1.0546,14.1173,0.0312,0.3416,1.6107,15.4295,104.1241,0.8017,10.5562,19.4695,178.2299,0.6397,33.8341,0.0214,0.0128,0.0105,0,0,0.0012
"Netherlands",4394.7329,173.2847,70.7504,23.642,10.9168,9.6172,24.7838,14.6434,4.3302,1.803,1.1696,3.2705,2.0225,1.3931,0.8565,142.7833,8.3287,0.2675,9.2756,9.038,1.9611,29.9022,7.0278,86.8322,116.9253,1.2123,92.4213,1.0766,36.7161,589.1228,3.3589,23.2006,81.1895,254.5331,17.4344,6003.16,441.8315,0,2704.061,171.6431,1763.233,0,1080.6659,1363.6602,1319.1495,5587.641,228.3837,229.1064,139.7809,109.175,6300.9132,0,59.9886,4.9645,0,151.1485,0,0,1365.7398,62.3643,26.1701,3.7,93.3841,1909.6,0.6274,9.0571,0.2574,13.0915,19.589,0.3598,1.4666,2.6617,424.2269,636.3701,627.6471,731.3015,94.2645,0,0.0214,7.4871,0.5819,17.9902,14.4506,19.9873,37.8295,12.1062,9.7487,170.5946,34.768,18.1339,11.0128,3.6245,9.9737,51.3994,137.9011,133.4535,50.5952,0.6606,1.6149,7.9672,34.8453,22.2474,18.3117,17.866,0.6598,7.5899,3.5517,16.9184,30.0719,56.9052,21.2052,14.5498,22.2451,13.9739,147.5796,5.3095,0.0267,7.6247,0.8555,6.0519,2.4046,23.7957,3.7031,81.4123,490.3365,48.6005,110.195,32.0935,738.9752,223.2804,18.7747,197.7586,95.5559,87.9219,59.4197,258.1316,1721.688,111.3003,196.3688,45.4922,27.0732,127.3436,115.3383,2.0975,4.5004,1.1085,1,1.2915,10.3799,426.2296,1.266,543.7759,4.9792,4.7504,3470.9663,33.8585,0,77.0672,8.0431,15.7975,56.0504,0.8199,0.5823,233.0178,0.0913,6.1434,1.8952,151.1802,106.1062,34.2781,16.9649,144.1564,76.3911,18.1925,49.7799,0.2135,5.1339,2.9817,0,0,0.2196
"Belgium",607.2158,185.7211,2.1533,18.1762,3.9211,34.5095,6.9677,3.9023,1.2412,0.0376,0.536,0.8839,0.2445,0.1975,0.0376,56.0332,0.1316,23.1787,11.989,7.6353,1.655,6.4693,24.0344,9.516,92.1035,4.7768,3.5074,6.7608,11.2179,417.5363,3.592,14.0765,8.303,129.5186,7.2122,451.6602,327.7741,2704.061,0,0,35.92,0,341.4281,1804.7041,593.9009,1140.42,306.5889,691.8908,23.9215,28.9992,3276.9795,0,8.3218,47.8337,0,22.4358,0,0,617.5689,27.5135,53.9269,1.1284,26.4792,549.1425,0,37.2082,0,0,2.4448,0,0,1.3352,33.7948,719.978,810.0696,327.3131,3.4791,4.5793,0.1975,1.9558,1.8618,102.7668,9.8639,27.0528,4.4947,13.1832,5.3504,96.777,48.5201,10.4939,287.6698,170.9582,13.2866,7.7576,23.5924,184.2166,1.5327,67.1853,0.9215,292.4278,428.2935,6.5164,31.8202,16.0135,5.8111,28.971,4.3536,8.0303,11.6411,186.2289,11.7069,56.4846,5.3692,1.2788,369.1572,22.8496,11.0675,2.6329,2.8115,1.7584,2.8397,0.1598,3.3005,7.8798,263.6918,28.2093,118.028,13.2302,14.2082,278.3137,10.3717,91.6147,91.4642,108.3239,65.2013,1513.9972,100.9425,82.992,52.8268,6.1402,27.8144,41.7593,23.0471,9.7604,0,0,0.2821,0,0,69.3857,2.0969,153.24,0.1599,186.2101,1409.6131,1085.6377,9,27.4947,49.1313,4.9837,50.3349,0.2351,4.758,17.1607,0.3385,0.7711,17.1889,46.8181,218.4816,8.1619,46.5079,63.8566,39.5495,2.0499,28.5197,0.0376,0.2257,2.7551,0,0,0.1599
"Luxembourg",38.5439,11.7889,0.1367,1.1538,0.2489,2.1905,0.4423,0.2477,0.0788,0.0024,0.034,0.0561,0.0155,0.0125,0.0024,3.5568,0.0084,1.4713,0.761,0.4847,0.1051,0.4106,1.5256,0.604,5.8464,0.3032,0.2226,0.4292,0.7121,26.5037,0.228,0.8935,0.527,8.2214,0.4578,28.6698,20.8059,171.6431,0,0,2.2801,0,21.6726,114.556,37.6987,72.3891,19.4611,43.9187,1.5184,1.8408,208.0106,0,0.5282,3.0363,0,1.4241,0,0,39.201,1.7465,3.4231,0.0716,1.6808,34.8575,0,2.3618,0,0,0.1552,0,0,0.0848,2.1452,45.7016,51.4203,20.7767,0.2208,0.2907,0.0125,0.1242,0.1182,6.5233,0.6261,1.7172,0.2853,0.8368,0.3396,6.143,3.0799,0.6661,18.2602,10.8518,0.8434,0.4924,1.4976,11.6934,0.0973,4.2647,0.0585,18.5622,27.1865,0.4136,2.0198,1.0165,0.3689,1.839,0.2764,0.5097,0.7389,11.8211,0.7431,3.5854,0.3408,0.0812,23.4327,1.4504,0.7025,0.1671,0.1785,0.1116,0.1803,0.0101,0.2095,0.5002,16.7382,1.7906,7.492,0.8398,0.9019,17.6663,0.6584,5.8154,5.8058,6.876,4.1387,96.103,6.4075,5.268,3.3532,0.3898,1.7656,2.6507,1.4629,0.6196,0,0,0.0179,0,0,4.4043,0.1331,2.8455,0.0101,11.8199,89.4771,68.9123,9,1.7453,3.1187,0.3163,3.1951,0.0149,0.302,1.0893,0.0215,0.0489,1.0911,2.9718,13.8684,0.5181,2.9521,4.0534,2.5105,0.1301,1.8103,0.0024,0.0143,0.1749,0,0,0.0101
"France",4841.133,897.0735,272.5363,55.1921,5.8364,30.4505,3.314,35.7276,7.96,2.498,0.354,11.5325,7.9349,1.3688,1.6051,734.629,0.4134,1.8789,5.9072,0.2606,0.3713,4.1824,5.7316,4.5059,103.8808,19.7145,84.016,0.9681,74.8732,1021.05,39.129,10.3474,320.6474,92.5809,4.0243,3108.508,1679.4835,1763.233,35.92,2.2801,0,0,1751.2334,2932.004,1192.4314,4292.219,17.3165,331.6157,81.895,103.1884,1796.48,0,11.83,109.6885,0,67.7445,0,0,1159.9158,230.6675,17.4316,1.4439,97.5968,205.6771,9.5255,49.6552,1.342,130.5403,6.779,7.2132,18.8493,20.3048,964.322,1001.6516,2024.2849,396.2476,108.4081,0,3.1633,6.3561,6.9807,23.0628,143.7021,212.0924,102.4954,113.3694,89.2782,264.2546,177.8253,88.9344,30.6121,5.1798,19.6199,185.368,112.4276,132.6767,243.8005,79.0791,89.1148,133.0855,16.2018,10.3931,26.0594,15.7208,18.9757,18.4799,12.5812,74.2623,6.8995,81.7655,93.8032,115.4054,8.2559,17.2361,11.717,17.1993,5.5289,9.6728,38.7008,9.2096,52.943,74.0116,0.8447,241.2793,220.7594,523.2195,335.3782,26.4073,276.2646,411.9017,22.8515,55.9828,294.54,307.6407,111.5656,83.0311,1193.232,24.9129,216.9788,126.8143,91.6291,632.473,109.2812,24.9323,19.322,6.6903,0.2799,14.2335,10.9833,2002.2692,1.3068,932.5233,5.052,30.616,4350.6284,84.6199,0,21.2626,129.3287,1.1166,90.7143,0.292,11.9378,72.6233,11.442,9.9785,69.7343,381.4288,512.4701,61.6586,60.0425,10.9647,242.3935,1.3091,37.0352,4.5454,1.3251,8.1054,0,0,1.1727
