"","United States of America","Canada","Bahamas","Cuba","Haiti","Dominican Republic","Jamaica","Trinidad and Tobago","Barbados","Dominica","Grenada","St. Lucia","St. Vincent and the Grenadines","Antigua & Barbuda","St. Kitts and Nevis","Mexico","Belize","Guatemala","Honduras","El Salvador","Nicaragua","Costa Rica","Panama","Colombia","Venezuela","Guyana","Suriname","Ecuador","Peru","Brazil","Bolivia","Paraguay","Chile","Argentina","Uruguay","United Kingdom","Ireland","Netherlands","Belgium","Luxembourg","France","Switzerland","Spain","Portugal","German Federal Republic","German Democratic Republic","Poland","Austria","Hungary","Czechoslovakia","Italy","Malta","Albania","Yugoslavia","Greece","Cyprus","Bulgaria","Romania","Russia","Finland","Sweden","Norway","Denmark","Iceland","Cape Verde","Sao Tome and Principe","Guinea-Bissau","Equatorial Guinea","Gambia","Mali","Senegal","Benin","Mauritania","Niger","Ivory Coast","Guinea","Burkina Faso","Liberia","Sierra Leone","Ghana","Togo","Cameroon","Nigeria","Gabon","Central African Republic","Chad","Congo","Democratic Republic of the Congo","Uganda","Kenya","Tanzania","Burundi","Rwanda","Somalia","Djibouti","Ethiopia","Angola","Mozambique","Zambia","Zimbabwe","Malawi","South Africa","Lesotho","Botswana","Swaziland","Madagascar","Comoros","Mauritius","Seychelles","Morocco","Algeria","Tunisia","Libya","Sudan","Iran","Turkey","Iraq","Egypt","Syria","Lebanon","Jordan","Israel","Saudi Arabia","Yemen Arab Republic","Yemen People's Republic","Kuwait","Bahrain","Qatar","United Arab Emirates","Oman","Afghanistan","China","Mongolia","Taiwan","North Korea","South Korea","Japan","India","Bhutan","Pakistan","Bangladesh","Myanmar","Sri Lanka","Maldives","Nepal","Thailand","Cambodia","Laos","Vietnam","Malaysia","Singapore","Brunei","Philippines","Indonesia","Australia","Papua New Guinea","New Zealand","Vanuatu","Solomon Islands","Fiji","Samoa"
"United States of America",0,9012.801,458.111,1.1,66.73,595.04,129.705,673.49,59.024,16.1743,13.07,0,0,0,0,11183.4,9.13,75.2887,95.7279,80.984,65.193,147.813,85.686,282.45,3085.1001,48.621,4.85,1275.82,885.84,5494.4419,73.227,5.6804,122.9,194.15,510.38,2509.3,715.82,1214.4004,36.8388,1.861,526.1006,1230.4,621.49,568.99,0,16.5,54.59,75.6,43.23,41.2195,3366.8994,24.11,7.84,92.58,103.06,39.224,17.29,671.73,3012.1999,238.07,1275.3999,723.63,655.22,161.545,0,0,0,0.58,15.25,15.3,56.3541,14.1683,22.0283,13.3527,399.2731,102,25.5106,35.877,33.84,16.436,25.2169,637.045,1865.1,649.971,0.718,19.04,1020.5862,431.7253,93.88,1.164,18.326,7.999,0.715,22.478,5.244,56.514,940.09,1.46,87.8879,22.37,21.87,311.9,20.8,39.7,23.5,51.48,1.55,42.158,2.4,439.71,3189.752,180.39,210.29,98.7752,567.8,596.96,601.21,1045.53,132.71,306.79,305.76,37.8,1853.2,56.6571,50.91,371.2,206.01,53.33,428.5,37.44,5.76,455.7002,2.4,11084.7001,9,3150.4,33484.701,1255.1594,0,368.92,97.15,0.3327,138.069,0,4.01,16.6601,1.11,2.09,24.21,529.73,58.8101,84.08,908.72,3307.5,2746.2002,54.173,76.53,0.8258,1.355,7.321,1.7139
"Canada",9012.801,0,62.63,232.49,1.87,5.36,52.826,116.73,30.73,4.4114,1.962,0,0,0,0,914.7,0.333,13.9635,5.7462,9.113,14.769,10.98,18.998,138.92,741.3,15.165,1.13,41.58,27.38,74.213,3.797,8.5603,38,11.55,7.881,194.5999,49.48,30.9,54.5446,2.7554,263.9,216.1,128.17,1.98,0,132.94,35.16,50.2,8.31,7.6733,362.8,1.21,0,21.67,6.26,0.042,0.75,12.7,1771.67,34.05,342.6,183.22,76.3,2.062,0,0,0,0,0,0,13.7,0.1762,2.9,3.3251,17.0798,5.86,3.5702,0.757,0.069,2.506,4.4879,10.621,186.6,3.656,0,0,1.4738,8.8587,0.24,0.567,3.036,0.401,3.488,3.058,0.166,18.522,1.43,28.32,3.1698,2.051,1.69,32,0,0,0,0.672,0,7.464,0,50.01,139.7211,45.61,4.9,12.0676,46.7,100.84,140.14,87.95,136.57,9.08,10.97,26.1,219.1,4.9265,2.76,66.4,4.6,2.68,14.8,3.13,0.1,778.2,0,726.8,1.9,340.4,76,270.4615,0,23.76,110.71,0.4461,2.054,0,5.07,38.82,0,0,0.25,12.51,33.26,0.81,48.29,257.7,189.63,2.548,34.44,0.1108,0,2.711,0.0445
"Bahamas",458.111,62.63,0,0.137,0.4162,0.054,1.889,2.696,0.616,0.0005,0.001,0.01,0.0022,0.183,0.011,485.221,0.012,0.068,0.1812,0.027,0,0.184,2.213,5.603,0.165,0.007,0.003,0.005,29.356,38.641,0.012,0.033,0.11,0.755,0.068,268.711,0.638,0.199,4.2836,0.2164,12.777,5.35,6.705,0.356,0,0,0,0.632,0.717,0.007,23.872,0,0,0.143,0.458,0.011,0,0,0.291,0.05,0.334,0.028,2.578,0,0,0,0,0,9,9,0,0,0,0,19.036,0,0,0.047,0.001,0.005,0,0,987.756,69.792,0,0,0,0,0,0.001,0.007,0,0,0,0,9,175.918,0,0.0028,0,0,0.961,0,0,0,0,0,0.004,9,0,17.094,0,65.809,0,38.162,0.604,59.665,0.032,0,0.0088,0,0.076,315.412,9,0,0,0,19.9598,106.543,9,0,15.304,0,1.167,0.013,0.271,26.43,228.9024,0,0.333,0,0,0.004,0,0,0.149,0,0,0,57.462,14.738,0,0.568,412.348,7.342,9,1.747,9,0,0,0.002
"Cuba",1.1,232.49,0.137,0,0,0.01,0.1584,0.149,0.3826,0,0,0,9,0,0,75.71,0,0,0,0.048,35.2422,0.0015,1.6862,1.868,222.2,0.5892,0.02,0,11.03,0,0.05,9,0,256.463,0,77.5,27.09,17.93,6.692,0.338,79.82,18.63,108.776,3.927,0,0,12.422,11.45,65.626,31.2646,33.35,0.03,0,0,0.15,0.504,0,26.282,0,0.785,40.81,1.037,4.484,0.003,0,0,0.3403,0,9,0,0,9,0,0,0,9,9,0,9,0,0.012,0.002,0,0.018,0,0,0.108,9,0,0,0,0,9,0,0,0.109,9,9,0,0.003,0,0,0,0,0,9,9,0,0,0,36.18,0.854,29.241,0,0,3.289,0,13.8,26.43,0,0,0,2.7,1.4827,0,9,0,0,0.2,0,0,29.12,0,0,0,0,196.57,6.1984,0,0,9.924,9,0,0,0,9.999,9,0,0,11.318,0.321,9,0,0,7.975,9,6.734,0,0,0,0
"Haiti",66.73,1.87,0.4162,0,0,4.566,0.6299,15.156,0.1356,0.0417,9,0,0,0.0211,9,0.66,0,1.6022,0,0.1332,0,0.4223,0.2212,0.816,2.7511,0.026,0.033,0.0012,0.144,6.1277,0,0,0,12.661,0,3.83,0.328,7.91,5.7115,0.2885,2.29,1.13,0.084,0.132,0,0,0,0.61,0,0.8702,7.3,0,0,0,0.05,0,9,0,0,0.594,0.3031,1.44,0.381,0.0059,0,0,0,0,0,0,0.0474,9,0,9,0,9,0,0,0,0,0,0.014,0,0.009,9,0,0.0359,0,0,9,0,9,9,0,9,9,0,9,0,9,0,0,0,0,0,0,9,0,0,0,0,0,0,0,0,0.01,0,0.0023,0,0,0,0.1098,9,9,0,9,0,0,0,0,0,0.44,0,11.44,0,5.28,31.07,0,0,0.011,0,0,0.0011,0,0,0.143,0,0,0,0,0.0714,0,0,0.2236,0.054,0,0.386,0,0,0,0
"Dominican Republic",595.04,5.36,0.054,0.01,4.566,0,4.555,8.01,0.141,0.6768,0.849,0,0.396,0.17,0.418,162.34,0.629,3.9609,0.7069,1.001,0.01,1.348,12.708,4.49,334.1,0.09,0.49,4.12,0.06,23.68,0.001,0.01,4.68,22.33,0.207,5.63,0.13,11.33,12.2797,0.6203,0.11,2.64,4.04,0.35,0,2.628,0.03,0.97,0.01,0.08,8.38,0,9,0.11,0.42,0.086,0,0,12.386,5.04,6.35,3.04,0.37,0.78,0,9,0,0,0,0,9.011,9,0,0,9,0,0,0.002,9,0,9,0,0,0,0,0,9,9,0,0,9,0,0,0,9,9,9,0,0,0,9,0.5,0,0,0,0,0,0,0,15.03,0,0,1.07,9,0,0.55,0,0,9,0,0,0.79,0.75,0,9,9,0,9,0,0,0,0.09,9,16.9,0,5.51,47.3,3.1215,0,0.04,0,0,0.24,0,0,0.02,0,9,0,0.09,0.39,0,3.71,0.12,0.1,0,7.8,0,0,0,0
"Jamaica",129.705,52.826,1.889,0.1584,0.6299,4.555,0,11.391,7.018,3.0292,1.021,0.7641,0.9461,2.038,0.5851,15.855,0.585,2.349,2.7802,1.07,0.008,0.082,5.166,21.297,93.112,2.515,2.072,6.043,0.09,8.369,0,0.242,0.061,0.676,0.367,42.785,0.483,3.178,3.4935,0.1765,9.24,4.512,0.603,0.7,0,1.0691,0.34,0.44,15.36,0.9481,6.907,0.06,0,0.01,0.298,0.026,0,0.008,37.0901,0.255,9.274,16.165,0.872,0.001,0,0,9,0,0,0,0,0,0,9,0,0,0,0,0.006,0,0.009,0.008,0,0.008,0,0,0,0,0,0.057,0,0,9,0.005,0,0.002,0,0,0,0.009,0,0,0,0,0,0,0,0.001,0,0.001,0,0,0,0,0,0.007,0,0.055,0,0.044,0,0.999,0.028,0,0,0,0.01,0,0.007,0.01,0,0.965,0,5.598,0,3.547,23.723,0.3578,0,0.004,0.022,0,0.231,0,9,1.316,0,0,0,0.294,0.654,0,0.053,0.632,1.553,0.004,0.196,0,0,0.019,0
"Trinidad and Tobago",673.49,116.73,2.696,0.149,15.156,8.01,11.391,0,19.041,0.8365,4.425,0,0,0,0,2.31,10.644,1.3343,12.4849,1.89,0.01,0.79,6.295,5.95,0.71,59.136,55.66,0.56,0.66,42.75,0.008,0,2.46,3.96,0.019,32.81,5.72,30.89,10.0998,0.5102,44.1,8.9,1.8,0.54,0,0.479,0.16,1.86,0.17,1.14,12.27,0.03,0,0.12,0.41,0.015,0,0.07,0.2,4.95,14.12,4.99,3.92,0.001,0,0,0,0,0,9,1.749,0,0,0,0.24,0,0,2.73,0,0.02,0.639,0.254,0,0,0,0,0,0,0,0.04,0.068,9,0.03,0,0,0,0,0,0.04,0.023,0,0.01,0,0,0.04,0,0,0,0,0.59,8.25,0,0,0,7.37,4.32,0.03,0.02,0,0.044,0,0.73,0.01,0,0,0,0,0,0.0843,0,0.01,8.88,0,41.2,9.46,9.98,209.04,2.2808,0,0.08,0.01,0,0.24,0.001,0,0.65,0,9,0,0.42,2.75,0,0.38,0.02,27.44,0.02,15.69,0,0,0.001,0
"Barbados",59.024,30.73,0.616,0.3826,0.1356,0.141,7.018,19.041,0,0.4622,1.973,0,0,0,0,1.023,0.031,0.478,3.4231,0,0,0.364,0.145,1.219,19.397,2.312,0.605,0,0.242,7.29,0,0,0.88,1.356,0.196,19.351,0.938,5.228,3.3031,0.1669,3.578,1.425,1.406,0.164,0,0.015,0.052,1.061,0.077,0.305,3.813,0.05,0,0.048,0.014,0.044,0,0.15,0.042,0.725,1.166,3.139,1.89,0,0,0,0,0,0,0,0,0.001,0,0,0,0,0,0,0,0.001,0,0,0.039,9,0,0,0,0,0,0.035,0.004,9,0,0,0,0,0,0,0,0.001,0,0.001,0,0,0,0,0,0.009,0,0.001,0,0,0,0.001,0.001,0.006,0,0.003,0,0,9,0.199,0.1,0,0,0,0,0,0,0,0,1.096,0,5.57,9,1.911,24.812,0.709,0,0.016,0,0.004,0.078,9,0,0.464,0.07,0,0,1.128,0.458,0,1.72,0.165,5.478,0,7.376,0,0,0,9
"Dominica",16.1743,4.4114,0.0005,0,0.0417,0.6768,3.0292,0.8365,0.4622,0,0.6615,2.5903,1.1805,0.8838,0.2419,0.1799,0,0.379,0,0,0,0.0209,0.0492,0.0293,0.0205,0.1428,0.024,0,0.03,0.2049,9.005,9,0.0003,0.0402,0.0022,12.4795,0.0035,1.329,0.0952,0.0048,0.4633,0.2354,0.0478,0.0198,0,0.0063,0.0004,0.0032,0.0015,0.0273,0.2244,0,0,0.0002,0.0011,0,0,0.0006,0.0129,0.0071,0.0763,0.1172,0.3618,0,0,0,0,0,0,0,0,0,0,0,0,0,0,0,0,0.0063,0,0,0,0,0,0,0,0,0,0.0001,0.0123,0,0,0,0,0,0,0.0124,0,0.0972,0.0007,0,0,0,0,0,0,0,9,0,0.002,0,0,0,0,0,0,0,0,0,0,0.3293,0,9,0,0,0,0,0,0,0,0.4522,0,0.2699,0.0005,2.7161,2.4138,0.0173,0,0,0.03,0,0.0002,0,0,0.0002,0,0,0,0.0087,0.0595,0,0,0,0.0042,0,0.0557,0,0,0,0
"Grenada",13.07,1.962,0.001,0,9,0.849,1.021,4.425,1.973,0.6615,0,0.9347,0.0813,0.108,0.006,0,0.013,9,0,0,9,0.03,0,0.18,0,0.275,0.53,9,0,0.17,0,9,9,0.4,9,2.736,0.164,0.317,0.0857,0.0043,0.546,0,0.87,0.05,0,0,0,0,9,0,0.099,0,0,0,0.002,0,9,0,0,0.07,0,0,0.718,9,0,0,0,0,0,0,9,0,0,0,0,0,0,0,0,0,0,0,0,0,9,0,0,0,9,9,9,0,0,0,0,0,9,9,0,0.057,9,0,0,0,0,9,0,0,0,9,0,0,9,9,9,9,9,0,0,9,9,0,9,9,9,0,0,0,0,9,9,0,0,0,9,0.1,3.836,0,0,9,9,0,0,0,0,0,0,0,0,9,0,0,9,9,0.071,0,0.435,0,0,0,0
"St. Lucia",0,0,0.01,0,0,0,0.7641,0,0,2.5903,0.9347,0,0,0,0,0,0,9,0.3264,0,0,9.1199,0,0.685,0,0.2652,0.579,0,0,9.176,0,9,0,0.143,0,26.02,0.077,0.66,0,0,0.99,0,0.804,0.011,0,0,0,0,0,0,0.3,0,0,9,0,0,0,0,0,0.011,0,0,0.374,0,0,0,0,0,0,0,0,0,0,0,0,0,0,0,0,0,0,0,0,0,0,0,0,0,0,0,0,0,0,0,0,0,0,0,0,9,0,0,0,0,0,0,0,0,0,0,0,0,0,0,0,9,0,0,0,0,0,0,0,0,0,0,0,0,0,0,0,0,0,0.44,0,0,5.28,0,0,0,0,0,0.1364,0,0,0,0,0,0,0,0,0,0,0,0.37,0,0.044,0,0,0,0
"St. Vincent and the Grenadines",0,0,0.0022,9,0,0.396,0.9461,0,0,1.1805,0.0813,0,0,0,0,9,0.004,9,0.5273,0,0,0.0121,0,0.418,0,0.5704,0.132,0,9,9.132,0,0,9,0.099,9,8.37,0.077,1.21,0,0,0.33,0,0.184,0.011,0,9,9,0,9,9,0.66,0,0,9,0,9,9,9,9,0.77,0,0,0.429,0,0,0,0,0,0,0,0,0,0,0,0,0,0,9,0,0,0,0,0,0,0,0,0,0,0,9,9,0,0,9,0,9,9,9,0,0,0,9,0,0,0,0,0,0,0,9,0,0,0,9,9,0,0,0,9,0,0,9,9,9,9,0,9,0,0,0,9,9,0,0.11,9,0.22,1,0,0,9,0,0,0.003,0,0,9,0,0,0,9,0,0,9,0,0,9,0.011,0,9,0,0
"Antigua & Barbuda",0,0,0.183,0,0.0211,0.17,2.038,0,0,0.8838,0.108,0,0,0,0,0,0.004,9,0.5823,0,0,0.004,0,0,0,0.233,0.01,0,0.02,9.29,0,9,0,0.11,9,29.1,0.06,0.5,0,0,0.6,0,0,0,0,0,0,0,0,0,0.5,0,0,0,0,0,0,0,0,0.03,0,0,0.49,0,0,0,0,0,0,0,0,0,0,0,0,0,0,0,0,0,0,0,0,0,0,0,0,0,0,0,0,0,0,0,0,0,0,0,0,0,0,0,0,0,0,0,0,0,0,0,0,0,0,0,0,9,0,0,0,0,0,0,9,0,0,0,0,0,0,0,0,0,0,0,0,0.3,0,0,0,0,3.36,0,0,0,0,0,0,0,0,0,0,0,0,0,0.08,0,0.11,0,0,0,0
"St. Kitts and Nevis",0,0,0.011,0,9,0.418,0.5851,0,0,0.2419,0.006,0,0,0,0,0,0,0,0,0,0,9.0066,0,9,0,0.0321,0.253,0,0,9.077,0,9,0,0.099,0,5.89,0,0,9,9,0,0,0,0,0,0,0,0,0,0,0,0,0,0,0,0,0,0,0,0,0,0,0,0,0,0,0,0,0,0,0,0,0,0,0,0,0,0,0,0,0,0,0,0,0,0,0,0,0,0,0,0,0,0,0,0,0,0,0,0,0,0,0,0,0,0,0,0,0,0,0,0,0,0,0,0,0,0,0,0,0,0,0,0,0,0,0,0,0,0,0,0,0,9,0,9,1.98,0,0,0,9,0,0,0,0,0,0,0,0,0,0,0,0,0,0,0,0.022,0,0,0,0
"Mexico",11183.4,914.7,485.221,75.71,0.66,162.34,15.855,2.31,1.023,0.1799,0,0,9,0,0,0,8.567,106.5149,49.1264,97.336,73.671,62.624,120.05,102.85,61.3,0.066,0.7,26.02,13.6,519.263,0.078,1.313,8,91.59,42.283,16.6,20.56,685.1,37.0294,1.8706,577.2,136.3,1523.38,115.41,0,10.63,21.3,43.8,1.49,0.2694,169.9,0.03,0,3.14,1.71,0.376,0,5.56,10.86,6.53,92.4,28.84,4.06,0.068,0,0,9,0,0,9,1.107,0,0,0,0,9,9,19.28,0.006,0,0.732,0.014,3.9,0.828,0,9,0.2856,0.1,0,0,0,0,9,0,9.002,0.008,0,0.4,0.0011,0.289,9,0.4,0,0,0,9,9,0.515,0,13.99,19.4129,0.19,1.21,0,5.3,2.2,1.1,4.46,9,3.3,0.03,2.1,1.5,0.0669,0,0.1,0,10.4506,1,9.08,0,44.9,0,0,9,197.6,1752.3,2.6872,0,0.02,0.18,0,4.059,0,9,30.47,9,9,0,5.87,6.3,0.05,0.77,0.9,7.01,0.015,25.59,0,0,0.109,9
"Belize",9.13,0.333,0.012,0,0,0.629,0.585,10.644,0.031,0,0.013,0,0.004,0.004,0,8.567,0,2.6997,1.0822,0.574,0,0.842,1.176,0.005,0.269,0,0,1.064,0,0.307,0,0,0,0.049,0,10.452,0.735,5.804,0.1333,0.0067,4.015,0.22,0.258,0.057,0,0.102,0.044,0.156,0.018,0.114,0.095,0,0,0.001,0.026,0,9,0.005,0.012,0.03,0.247,0.439,1.411,0,0,0,0,0,9,9,9,9,0,0.001,0,9,0,0,0,9,9,0,0,0,9,0,0,0,0,0,0.001,0,0,0,9.003,0,0,0,0,0.027,0,0,0,0,0,9,0,0.005,9,0,0,0,0,9,0,0,9,0,0,0,0,0,0.236,9,0,0,0,0,0,0,0,5.606,0,0.021,0,0.169,3.201,0.042,0,0,0,9,0.001,0,9,0,9,0,0,0.101,0.023,9,0.119,0,0,9,0.566,0,0,0,0
"Guatemala",75.2887,13.9635,0.068,0,1.6022,3.9609,2.349,1.3343,0.478,0.379,9,9,9,9,0,106.5149,2.6997,0,33.0738,89.9032,13.0604,4.4443,10.928,3.9009,98.4895,0.006,0.19,10.7409,4.3904,14.7575,0.0019,0,0.1469,9.8147,0.0169,3.4089,8.1122,0.8144,0.3617,0.0183,8.2769,1.0335,9.0839,4.2963,0,1.124,0.173,4.4867,1.384,1.3147,42.2185,0,9,0.0516,0.0378,0.254,0.002,3.282,0.292,17.1371,1.0815,3.1859,1.6477,0.114,0,0,0,0,0,0,9.006,0,9,0,0,0,0,0,0,0,9,0.005,0,9,0,0,9,0,9,0,0,9,0,0,0,0.0017,0,9,0.028,0,0,0.0507,9,0,0,0.0133,0,0,0,0.04,0,0.82,0,0.0598,0,0.0672,9,0.0017,0.133,1.8535,0.45,0.6074,93.894,0,9,20.068,1.57,9.649,7.9,9.07,9,2.2294,9,3.366,0.1969,2.184,4.4061,0.4331,0,0.215,0.278,9,0.1745,0,0,0.3536,0,0,0,0.5416,0.392,0.023,0.0081,2.0491,0.4283,9,1.208,0,0,0.009,0
"Honduras",95.7279,5.7462,0.1812,0,0,0.7069,2.7802,12.4849,3.4231,0,0,0.3264,0.5273,0.5823,0,49.1264,1.0822,33.0738,0,7.9317,5.3867,40.9525,8.1889,4.6973,108.679,0,0.54,0.2076,0.1178,31.6271,0.0001,0,0.0182,1.6826,0.0242,4.6455,3.3593,2.2518,3.741,0.189,7.0956,1.7931,2.4753,1.6943,0,0.3984,0.8208,4.447,0.3398,8.4867,4.1235,0,2.0275,0.2027,0.084,0,0,0.0735,0.3257,3.6909,9.8632,3.5074,0.5056,0.143,0,0,0,0,0,9,0,0,0,0,9,0,0,0,9,0,0,0,0,0.006,9,0,0.0002,0,9,0,9,9,0,0,0,9,0,0,0.0122,0,0,0.7251,0,0,0,0,0,0,0,0,0,1.5,0,0,0,0.01,0,0.71,0.1011,1.4661,0.9608,0.0614,1.9,9,0,0,0,9,0.2924,10.28,0,2.4216,9,8.9291,0,4.9591,19.8904,0.0348,0,0.277,0,0,0.1672,0,0,0.03,0,0,9,0.0168,0,9,0.044,0,0.4978,9,0.3196,0,0,9,0
"El Salvador",80.984,9.113,0.027,0.048,0.1332,1.001,1.07,1.89,0,0,0,0,0,0,0,97.336,0.574,89.9032,7.9317,0,8.376,15.874,26.042,4.206,65.848,0,0.24,8.456,2.045,3.601,0.002,0,0.324,1.219,0.111,8.057,0.397,14.681,3.1032,0.1568,9.299,0.223,11.545,1.741,0,0,1.366,11.341,0.006,0.643,1.382,0,0,0,4.128,0.226,0,0,0,0.813,2.501,0.106,0.283,0.082,0,0,0,0,0,0,0,0,0,0,9,0,0,0,0,0,0,0,0,0,0,0,0,0,0,0,0,0,9,0,0,0,0,0,0,0,0,1.094,0,0,0,0,0,0,0,0.036,0,0.98,0,0,0,0.03,0,0.11,0,0,0,0.3,0.5,9,0,0,0,0,0,9,0,1.442,0,7.865,0,6.9,0.382,0.014,0,0.01,10.86,0,0.152,0,0,0.04,0,0,9,0,1.783,0,0.08,0,0.119,0,2.12,0,0,0,0
"Nicaragua",65.193,14.769,0,35.2422,0,0.01,0.008,0.01,0,0,9,0,0,0,0,73.671,0,13.0604,5.3867,8.376,0,2.984,12.524,15.765,5.362,0,2.48,0.01,4.225,14.079,0.003,0,0.006,27.518,0,4.115,4.943,8.926,0.1904,0.0096,7.772,7.243,8.88,0.31,0,13.373,1.939,1.61,0.174,5.3726,1.236,0.194,9,5.422,0.72,0.011,11.9615,0.293,117.9067,1.324,5.1,0.728,1.179,0.012,0,0,0,0,0,9,0,9,0,0,0,0,0,0,0,0,0,0,0,0,0,0,9,0,0,0,0,9,0,0,0,0,0,0,0,0,0,0,0,0,0,0,0,0,0,0,16.97,0,0.004,0,0,0,0,0,0,0,0,0.015,0,9,0,0,0,0,0,0,0,0.023,0,0,0.1137,0.245,80.577,0.0704,0,0.01,9,0,0.06,0,0,2.06,0,0,9,0.624,0,0,0,0.8,0.051,0,2.046,0,0,0,9
"Costa Rica",147.813,10.98,0.184,0.0015,0.4223,1.348,0.082,0.79,0.364,0.0209,0.03,9.1199,0.0121,0.004,9.0066,62.624,0.842,4.4443,40.9525,15.874,2.984,0,9.429,7.272,91.328,0.004,0.26,1.757,7.413,20.194,0.057,0.087,0.837,2.38,0.055,14.936,2.903,8.231,0.1618,0.0082,4.865,11.498,12.181,0.306,0,0.4081,5.937,13.902,3.986,16.1587,25.277,0.49,0.3981,0.299,0.1,0.057,0.1705,0.636,7.3276,29.181,17.097,12.116,4.663,1.169,0,9,0,9,0,0,0.003,0,0,0,0,0,0,0,0,0,0,0,0.006,0,0,0,0,0,9,0,0,9,0,0,9.004,0,0,0,0.0143,0,9,1.128,9.284,0.13,0,0,0,0,0,0.175,0.024,1.28,0,0.1962,0,0.143,0,0.03,0,0.0561,2.473,0.992,0.2,9.0239,0.4587,1.393,0.045,0.072,9,9.76,9,0.033,9,17.58,1.0573,6.06,75.999,0.135,0,0.027,9,0,0.007,0,0,1.425,9,0,9,0.028,0.151,0,0.11,0,0.542,0,0.384,9,0,9,9
"Panama",85.686,18.998,2.213,1.6862,0.2212,12.708,5.166,6.295,0.145,0.0492,0,0,0,0,0,120.05,1.176,10.928,8.1889,26.042,12.524,9.429,0,71.62,11.292,0.051,3.72,79.409,4.237,1.818,2.796,0.063,2.599,19.618,1.504,1.084,2.269,13.367,13.3744,0.6756,9.266,158.535,0.273,0.938,0,0,0.169,11.572,0.527,1.9778,45.378,0.03,9.015,0.021,2.803,0.015,0.032,0.045,0.053,4.38,11.21,7.775,0.899,0.68,0,0,9,9,0,0,0,0,0,0,0.1,0,0,9.34,0,0,0.046,1.213,0,1.654,0,0,0.1307,0.1421,0,0,9,0,9.002,9,0,0,0,9,0.0094,0,0,0.166,0,0,0,9,0,0.027,0,0,0,2.19,0,0,0.001,7.039,0,0.409,0,0.008,0,0.296,15.3,0,0,0,0,9,5.656,9,0,0.869,0,22.995,0,243.848,48.048,0.136,0,1.035,4.56,0,0.026,0,0,0.262,0.002,9.02,9,19.191,17.54,0,0.676,0.09,0.677,0,5.446,9,0,0,9
"Colombia",282.45,138.92,5.603,1.868,0.816,4.49,21.297,5.95,1.219,0.0293,0.18,0.685,0.418,0,9,102.85,0.005,3.9009,4.6973,4.206,15.765,7.272,71.62,0,263.09,0.523,4.98,26.89,70.62,172.427,3.99,1.4793,27.28,21.13,8.664,14.56,1.35,97.89,37.8767,1.9134,81.45,31.3,4.26,5.41,0,14.786,28.2,16.79,34.63,10.9258,28.44,0.14,0,2.75,0.46,0.002,0.253,10.12,16.878,52.46,20.31,33.58,0.18,0.344,0,0,9,0,0,0,0.403,0.01,9.09,0,0,0,0,0.1,0,0.21,0,0.05,0.02,0,0,0.011,0.0192,0,0,0,0,0,9,0,0,0.02,0,0,0,0.06,9,4.38,9,9,0,0.06,9,0,9,2.53,25.2301,0.27,0,0.0251,0,1.05,0,0.02,0,0.033,0,9.89,0.1,0.5716,0,0.19,0.11,0,0.12,0.01,9,0.63,9,4.15,0.37,62.26,278.91,6.2235,0,0.15,0,0,0.228,9,0.022,0.73,0,9,4.048,0.61,13.5,0,0.02,0.76,1.58,0.374,0.11,9,0,9,0
"Venezuela",3085.1001,741.3,0.165,222.2,2.7511,334.1,93.112,0.71,19.397,0.0205,0,0,0,0,0,61.3,0.269,98.4895,108.679,65.848,5.362,91.328,11.292,263.09,0,3.082,22.15,0.56,21.92,243.562,0.657,25.1053,206.7,133.74,7.144,135.3,17.6,87.8,60.8272,3.0727,69.2,76,0.89,97.55,0,0,2.3,7.7,1.1,11,370.5,0.01,9,1.1,1.1,0.051,1.1,1.93,1.1,23.26,92.1,10.75,43.58,0.059,0,0,0,0,0,0,1.139,0,0,1.2791,24.9,0,10.337,0,5.761,0,1.327,0.076,0.1,0,0,9,0.013,0,0,0,0,0,0,0,0,0,0,0,0,0.095,0,0,0,0,0,0,0,0,0,1,7.8415,4.1,0,0,5,2.97,0,0.03,0,0,2,8.7,6.6,11.678,9,7,0,0,0,0,0,5.6,0,25.7,0,34.1,95.6,0.836,0,0.04,0,0,0.117,0,0,12.29,0,0,0,1.1,2,0,0.85,9.1,2.48,0,30.74,0,0,0,9
"Guyana",48.621,15.165,0.007,0.5892,0.026,0.09,2.515,59.136,2.312,0.1428,0.275,0.2652,0.5704,0.233,0.0321,0.066,0,0.006,0,0,0,0.004,0.051,0.523,3.082,0,0.671,0.295,0.69,0.474,0,0,0.212,0.005,0,56.265,0.026,0.377,0.0762,0.0038,9.841,0.49,3.305,0.037,0,10.4296,0,0.005,0.131,0.015,3.558,0,0,0.053,0,0,0.166,0,0.9369,0.04,1.32,0.543,0.252,0,0,0,0,0,0,9,0.002,0,0,0,0,0,9,0,0,0,9,0,0,0,0,0,0,0,0,0,0,9,0,0.006,0,0,0,0,0.002,0,0,0,0,0,0,0,0,0,9,0.337,0,6.49,0.0011,0.001,0,0.007,0,0.01,0,0,0,0.151,0.097,0,0,0,0,0,0.1,0,9,0.033,0,0.49,1.3288,0.142,3.738,0.5419,0,0.01,0.006,0,0.483,0,0,0.009,0,0,0,0.007,0.041,0,0,0,0.172,0.011,0.307,0,0,0,0
"Suriname",4.85,1.13,0.003,0.02,0.033,0.49,2.072,55.66,0.605,0.024,0.53,0.579,0.132,0.01,0.253,0.7,0,0.19,0.54,0.24,2.48,0.26,3.72,4.98,22.15,0.671,0,0,0,5.1,9,9,0,0.13,0,16.29,0.02,10.2,7.5677,0.3823,10.33,1.14,0.77,0.07,0,0.01,0.01,0.49,0.03,0.19,3.04,0,0,0,1.69,0,0,0,0.01,0.02,6.39,51.98,1.32,0,0,0,0,0,0,0,0,0,0,0,0,0,9,9,0,0,0,0,0,0,0,0,9.0002,0,0,0,0,0,0,0,0,0,9,0,0,0,0,0,0,0,0,9,0,0,0,0.04,0,0,0,0,0,0.17,9,0,0,0,0,0,0.56,0,0,0,0,0,0,0,0,3.33,9,6,0,2.16,0.82,0.27,0,0.01,0.01,0,0.07,0,0,0.07,0,0,0,0.1,1.56,9,0.4,0.02,0.08,0,0,0,0,0,0
"Ecuador",1275.82,41.58,0.005,0,0.0012,4.12,6.043,0.56,0,0,9,0,0,0,0,26.02,1.064,10.7409,0.2076,8.456,0.01,1.757,79.409,26.89,0.56,0.295,0,0,27.17,222.509,0.043,0.3379,12.12,11.5,1.464,14.63,10.11,7.97,12.8889,0.6511,21.3,27.48,27.1,3.31,0,0.615,0.48,4.95,2.26,0.9649,16.61,0.08,9,0.4,0.41,0.002,0.393,1.85,4.276,1.83,37.18,14.32,9.27,0,0,0,0,0,9,9,0,9,0,0,0,0,0,0,0,0,0,0,9,0.002,9,0,0.0009,9,9,0,9,0,9,9,0,0,0,0,0,0.199,9,5.76,0,0,0,9,0,0,0,0,0,0,10.936,0,0,0.14,0,0.21,0,0,0,10.1,4.6,0,0,0,0,9,1.2,0,0,7.96,0,45.2,9,341.8,218.97,0,0,0.05,9,0,0.005,0,9,8.9,0,0,0,3.41,1.02,0,0,0.33,7.92,0,5.36,0,0,0,9
"Peru",885.84,27.38,29.356,11.03,0.144,0.06,0.09,0.66,0.242,0.03,0,0,9,0.02,0,13.6,0,4.3904,0.1178,2.045,4.225,7.413,4.237,70.62,21.92,0.69,0,27.17,0,44.647,18.444,2.3546,19.52,106.75,5.581,124.04,2.49,7.7,57.6479,2.9121,84.88,19.2,47.63,9.94,0,10.67,1.79,3.29,4.45,2.9627,76.13,0.07,0,25.56,4.18,0,9.339,0.5,0.88,2.81,5.43,1.1,6.08,0.013,0,0,0,0,0,0,0,0,0,0,0,0,0,0.01,0,0.04,0,0.006,0,0.106,0,0.04,0.0417,0.1421,0,0,0,0.94,9,9,0.006,0,0,0,0,0.529,0.27,0,0,9,0,0,0,0,0,0,0.03,0.03,0.84,0,15.99,0.75,0,0.45,0,0,0,0.83,0.3,0.03,0,0,0,0,0,0.38,0,52.15,0,91.37,0.05,60.1,255.69,0.2033,0,0.51,1.52,0,0.553,0,0,0.85,0,0.01,0,4.24,5.5,0,0.64,13.7,0.58,1.621,14.58,0,0,0.003,0
"Brazil",5494.4419,74.213,38.641,0,6.1277,23.68,8.369,42.75,7.29,0.2049,0.17,9.176,9.132,9.29,9.077,519.263,0.307,14.7575,31.6271,3.601,14.079,20.194,1.818,172.427,243.562,0.474,5.1,222.509,44.647,0,71.492,140.041,32.136,238.689,10.631,515.424,44.456,584.254,309.0864,15.6136,695.521,59.315,510.557,151.174,0,92.84,2.43,167.09,240.04,73.1537,983.311,10.08,10.419,66.521,72.839,10.81,194.084,37.865,257.829,72.971,209.998,78.654,206.326,3.183,0,0,0.022,9,0.022,0.187,21.1389,9.2824,0.85,5.5777,13.7072,38.379,9.9909,6.487,0.948,11.11,0.9938,5.456,920.509,19.955,0.19,9,20.5456,2.3037,0.594,2.359,2.082,0.02,0.15,3.13,0.091,0.111,49.577,21.967,1.4879,2.807,0.19,74.586,0,9,9,1.606,0,2.811,0.165,38.281,138.9784,19.44,217.5829,5.093,277.808,74.483,2037.8601,173.949,63.09,23.309,31.78,32.449,1357.0889,6.0055,0,228.34,7.56,141.877,267.6213,10.11,0.022,60.037,9.033,86.981,0,238.313,1318.378,312.7459,0,79.455,0.183,0.0032,7.759,0,0,109.04,0,9,0,34.772,38.726,0.25,57.278,78.079,158.452,1.922,31.265,9,9,0.311,9
"Bolivia",73.227,3.797,0.012,0.05,0,0.001,0,0.008,0,9.005,0,0,0,0,0,0.078,0,0.0019,0.0001,0.002,0.003,0.057,2.796,3.99,0.657,0,9,0.043,18.444,71.492,0,0.6352,7.499,328.34,1.323,16.515,0.42,5.273,3.2365,0.1635,18.756,1.859,3.093,0.227,0,0.053,3.893,4.2,0.105,17.9935,1.192,0,0,0.006,0.883,0,9,1.86,9.7793,0.049,1.86,0.006,0.214,0,0,0,0,0,0,0,9.003,0,0,0,0,9,0,1.329,9,0,0,0.001,9,0.009,9,0,0,0,0,0,9,0.027,0,0,0,9,9.004,0,0.003,9.001,0,0.439,9,9,0,9,0,0,0,0,0.004,0,0,0,0,2.266,0,0,0,0,0,0.725,0,0,0,0,0,9,0.003,9,9,0.41,0,1.237,0,0.894,14.549,0.106,0,0.004,0,0,0.186,0,0,0.01,0,9,0,2.392,0.01,9.006,0,0,0.125,9.013,0.002,0,0,0,0
"Paraguay",5.6804,8.5603,0.033,9,0,0.01,0.242,0,0,9,9,9,0,9,9,1.313,0,0,0,0,0,0.087,0.063,1.4793,25.1053,0,9,0.3379,2.3546,140.041,0.6352,0,32.5323,38.6449,6.2045,19.1005,0.5491,3.8641,40.1041,2.0259,11.8615,4.3933,88.6155,23.7472,0,0,0,2.7127,9,0.3011,8.0086,0.02,9,0.041,3.1845,0.018,0,9,9,0.002,0.5647,1.488,1.9451,0.002,0,9,9,9,9,9,0.447,9,9,9,0,0,9,0,0,0,0,0.032,0,0.057,0,0,0.125,9,0,9,0,0,9,9,9,0,9,0,0,9,0,9.724,0,0,0,0,9,0,9,0,53.262,0,0,0,0,0.01,0,0,0,0,0,4.7,0.203,9,0,9,0,0,0,9,0,0.8,9,0.0618,9,1.2531,51.3151,0.0285,0,0,0.01,0,0,0,0,0.1,0,0,0,3.74,2.16,0,0.01,0.2,0.05,0,0,0,0,9,0
"Chile",122.9,38,0.11,0,0,4.68,0.061,2.46,0.88,0.0003,9,0,9,0,0,8,0,0.1469,0.0182,0.324,0.006,0.837,2.599,27.28,206.7,0.212,0,12.12,19.52,32.136,7.499,32.5323,0,42.43,3.208,66.6,2.24,46.3,14.1835,0.7165,135.9,23.1,11.59,14.54,0,35.75,0,9.6,0,0,109.7,0.04,0,11.8,13.48,0,0,2.27,0,1.2,6.1,6.72,7.59,0.209,0,0,0,0,0,0,0.001,9,0,0,0,0,9,0.017,0,0,9,0,34,113.294,0,0,0.0002,0,0,0,0,0,9,0,9.286,0,9,0,0,0.379,0,25.7,0,0,0,0,0,0,0,0,0,2.31,0,0,0,29.3,0,16.95,0,0,0,5.8,14.8,0.694,9,15.1,0,0,33.6157,14.12,0,182.4,0,7.4,0,63.7,322.4,0,0,0.23,0.1,0,4.245,0,0,1.56,0,0,9,1.77,1.04,0,0.96,16.4,3.64,0.3,13.4,0,0,0,0
"Argentina",194.15,11.55,0.755,256.463,12.661,22.33,0.676,3.96,1.356,0.0402,0.4,0.143,0.099,0.11,0.099,91.59,0.049,9.8147,1.6826,1.219,27.518,2.38,19.618,21.13,133.74,0.005,0.13,11.5,106.75,238.689,328.34,38.6449,42.43,0,10.682,0.41,4.4,372.1,168.2602,8.4997,71.39,45.66,209.55,76.83,0,14.746,84.18,16.02,3.32,108.9602,239.06,5.9,9,26.01,23.38,1.702,19.482,13.97,1271.009,8.05,28.09,39.16,83.67,0.298,0,0,0,0,0,0,3.371,0,0.38,0,0.05,0,0,0.001,0.003,1.077,0.023,0.634,10.4,4.496,0,0,3.425,0.2841,0.187,1.09,0.545,0,0,0.308,9,0.05,22.649,5.401,0,17.099,0,106.21,0,0,9,0,0,1.117,0,12.02,83.5528,35.34,8.591,0.3863,382,6.75,3.113,25.54,18.58,38.83,5.68,31.78,24.28,0,0,1.41,0.07,0.09,4.6,3.26,0,82.54,0,11.51,0,43.67,111.75,130.8846,0,15.84,0.09,0,4.695,0,0,28.67,0,0,0,22.83,29.98,0.03,18.3,7.1,53.86,0,1.05,0,0,0.012,0
"Uruguay",510.38,7.881,0.068,0,0,0.207,0.367,0.019,0.196,0.0022,9,0,9,9,0,42.283,0,0.0169,0.0242,0.111,0,0.055,1.504,8.664,7.144,0,0,1.464,5.581,10.631,1.323,6.2045,3.208,10.682,0,29.326,0.121,26.62,1.8848,0.0952,11.6,2.77,0.867,7.567,0,3.2362,0.502,8.922,4.504,18.5859,3.214,0.959,0,2.89,5.24,0.239,0.5878,0.278,21.8245,6.004,0.063,0.699,0.261,0.032,0,0,0,0,0,9,1.136,10.218,9,0,0,0,9,0.36,0,0,0.145,0.737,110.919,0.326,0,0,0.0138,0.152,0,0,0.06,9,0,9,0,9,3.6333,0.109,0,0.257,9,7.244,0,0,0,0,0,0.014,9,0.56,0.568,0.189,2.0658,0.002,0.763,1.242,0,17.182,9,0.0682,0.014,25.61,28.5,9,0,3.118,0,9,1.684,9,0,37.381,9,20.233,0.016,7.54,14.467,0.2412,0,0.02,2.346,9,0.456,0,9,0.006,0,0,9,2.192,0.82,0.01,6.821,0.022,0.562,9.003,2.851,0,0,9,0
"United Kingdom",2509.3,194.5999,268.711,77.5,3.83,5.63,42.785,32.81,19.351,12.4795,2.736,26.02,8.37,29.1,5.89,16.6,10.452,3.4089,4.6455,8.057,4.115,14.936,1.084,14.56,135.3,56.265,16.29,14.63,124.04,515.424,16.515,19.1005,66.6,0.41,29.326,0,642.0801,2788.6001,80.9131,4.0873,446.1001,1204.8,476.4399,325.07,0,126.59,64.59,284.7,46.25,92.4759,1436.1997,68.54,5.14,79.42,3.86,36.628,58.93,118.2,48.9,711.34,374.9001,3633.1301,722.16,44.675,0,0.82,0.77,0.18,10.05,0.42,16.4631,31.6612,1.4669,4.7312,88.1043,8.08,2.0463,14.427,16.15,21.322,11.0595,129.688,574.9,64.977,1.023,4.26,12.6073,31.4088,19.41,64.263,42.145,1.363,4.168,10.111,8.567,43.482,160.62,11.83,16.8095,26.954,52.763,633.2,2.2,7,53.2,3.23,0.02,175.527,13.2,14.21,8.662,31.99,155.69,113.8516,734.6,166.19,407.04,180.91,39.29,101.76,161.99,168.8,1264.3,114.0171,43.56,248.4,213.85,134.27,577.1,343.43,9.2,136.1,6,577.8,3.61,28.2,2783,234.5113,0,259.19,51.84,13.0355,15.481,0.99,2.19,92.68,0.78,0.59,0.93,79.52,97.63,23.8,118.09,53.1,991.2,58.25,136.22,1.2604,6.755,70.286,0.2403
"Ireland",715.82,49.48,0.638,27.09,0.328,0.13,0.483,5.72,0.938,0.0035,0.164,0.077,0.077,0.06,0,20.56,0.735,8.1122,3.3593,0.397,4.943,2.903,2.269,1.35,17.6,0.026,0.02,10.11,2.49,44.456,0.42,0.5491,2.24,4.4,0.121,642.0801,0,138.37,44.4734,2.2466,184.49,37.51,16.79,15.15,0,7.039,51.98,8.8,2.89,5.1274,35.35,4.31,0,4.02,21.13,0.854,0.978,5.69,26.585,38.98,37.23,31.68,24.99,2.266,0,0,0,0,0.051,1.245,4.1501,0.2997,0.02,0.0352,10.7268,49.749,0.0412,0.458,0.045,4.55,0.4782,0.058,31.4,1.44,0,0,0.115,0.63,0.126,18.086,1.257,0.455,0.39,0.31,0.633,1.588,0,0.268,0.158,1.797,2.046,23.16,9,0.07,0.26,0.6,0.02,0.269,0.3,2.02,27.7752,4.6,45.112,2.549,65.91,1.59,35.831,133.94,5.02,5.569,7.06,8.62,63.57,2.6216,3.003,16.1,4.79,2.2,13.76,3.94,0.044,9.02,0,30.96,0.04,25,85.92,9.4719,0,5.5,0.36,0.0053,2.029,0,0.055,0.85,0,0,0.011,13.89,34.77,0.01,3.37,1.73,93.77,0.115,5.9,0.0101,0.02,0.069,0
"Netherlands",1214.4004,30.9,0.199,17.93,7.91,11.33,3.178,30.89,5.228,1.329,0.317,0.66,1.21,0.5,0,685.1,5.804,0.8144,2.2518,14.681,8.926,8.231,13.367,97.89,87.8,0.377,10.2,7.97,7.7,584.254,5.273,3.8641,46.3,372.1,26.62,2788.6001,138.37,0,3119.9927,157.6077,2291,437.8,346.1,0.87,0,59.85,20.5,117.5,25.04,9.6444,2308.3002,5.45,0.65,5.85,439.42,19.647,24.83,21.29,1856.1901,203.88,27,745.69,379.74,64.521,0,1.5,2.12,6.25,3.66,3.11,19.1685,14.4887,0.4016,6.0334,147.071,10.24,10.9564,12.073,7.125,2.279,1.2825,288.316,562.8,28.518,0.213,5.03,16.1648,12.6611,12.71,13.978,24.193,3.251,2.774,2.204,8.198,6.367,98.3,9.68,8.5132,1.402,13.527,125,9.3,9.3,0.8,10.73,0.45,2.561,1.8,20.06,698.5851,30.34,198.68,47.3765,1435.8,87.9,42.64,263.03,106.02,79.89,68.11,63,448.5,72.301,20.28,729.3,63.24,135.93,172.4,84.17,2.1,0.9,0.9,186.2,2.88,70.7,1021,32.4481,0,27.13,77.52,6.1413,3.357,0,8.92,298.25,0.55,0.66,2.02,188.65,57.79,15.93,95.98,19.6,132.38,14.938,75.8,12.9183,2.334,1.555,1.2798
"Belgium",36.8388,54.5446,4.2836,6.692,5.7115,12.2797,3.4935,10.0998,3.3031,0.0952,0.0857,0,0,0,9,37.0294,0.1333,0.3617,3.741,3.1032,0.1904,0.1618,13.3744,37.8767,60.8272,0.0762,7.5677,12.8889,57.6479,309.0864,3.2365,40.1041,14.1835,168.2602,1.8848,80.9131,44.4734,3119.9927,0,0,440.355,90.6219,202.4244,17.9912,790.7564,48.9855,8.3578,127.4613,40.4849,29.2047,1069.19,2.6844,1.2089,43.7976,131.2879,9.6714,31.4988,16.8869,1301.4846,44.1307,250.4486,148.8888,204.2045,9.5382,0.9519,0.9424,0.2665,0.1904,1.8657,11.5277,4.5216,8.9385,45.1588,3.2936,27.7197,9.7857,1.4279,60.0753,43.1502,7.444,9.0337,79.9417,579.0491,1.3898,49.4614,0.1904,37.9433,273.6086,10.452,7.739,23.2267,10.3187,45.3777,2.7034,3.9504,1.98,7.3678,5.4545,31.8986,7.1108,3.1604,41.4082,2.5702,12.6173,1.1423,3.4554,0.3141,4.0266,0.3808,29.8615,377.5575,66.5674,186.3847,21.2943,354.6831,82.3215,238.7781,57.905,66.158,112.9922,43.7214,473.1963,195.9038,20.7041,16.6966,25.1305,8.6243,38.4859,54.1638,20.8088,1.5516,128.5083,9,0,1.9038,69.5849,660.3426,510.5018,0,34.1547,38.324,8.3388,6.5397,9.4188,5.3688,6.5206,0,0.5616,13.3649,10.8613,68.5378,0.6854,62.2171,40.7419,14.8784,11.3373,32.7268,0.2285,0.3808,2.6749,0.514
"Luxembourg",1.861,2.7554,0.2164,0.338,0.2885,0.6203,0.1765,0.5102,0.1669,0.0048,0.0043,0,0,0,9,1.8706,0.0067,0.0183,0.189,0.1568,0.0096,0.0082,0.6756,1.9134,3.0727,0.0038,0.3823,0.6511,2.9121,15.6136,0.1635,2.0259,0.7165,8.4997,0.0952,4.0873,2.2466,157.6077,0,0,22.2448,4.5778,10.2256,0.9088,39.9453,2.4745,0.4222,6.4388,2.0451,1.4753,54.0106,0.1356,0.0611,2.2125,6.6321,0.4886,1.5912,0.8531,65.745,2.2293,12.6515,7.5212,10.3155,0.4818,0.0481,0.0476,0.0135,0.0096,0.0942,0.5823,0.2284,0.4515,2.2812,0.1664,1.4003,0.4943,0.0721,3.0347,2.1798,0.376,0.4563,4.0383,29.2509,0.0702,2.4986,0.0096,1.9167,13.8215,0.528,0.3909,1.1733,0.5213,2.2923,0.1366,0.1996,0.1,0.3722,0.2755,1.6114,0.3592,0.1596,2.0918,0.1298,9.1827,0.0577,0.1746,0.0159,0.2034,0.0192,1.5085,19.0725,3.3627,9.4153,1.0757,17.917,4.1585,12.062,2.9251,3.342,5.7078,2.2086,23.9037,9.8962,1.0459,0.8434,1.2695,0.4357,1.9441,2.7361,1.0512,0.0784,6.4917,9,0,0.0962,3.5151,33.3575,25.7882,0,1.7253,1.936,0.4212,0.3304,9.0212,0.2712,0.3294,0,0.0284,0.6751,0.5487,3.4622,0.0346,3.1429,2.0581,0.7516,0.5727,1.6532,0.0115,0.0192,0.1351,0.026
"France",526.1006,263.9,12.777,79.82,2.29,0.11,9.24,44.1,3.578,0.4633,0.546,0.99,0.33,0.6,0,577.2,4.015,8.2769,7.0956,9.299,7.772,4.865,9.266,81.45,69.2,9.841,10.33,21.3,84.88,695.521,18.756,11.8615,135.9,71.39,11.6,446.1001,184.49,2291,440.355,22.2448,0,1165.3999,1042.2199,37.06,0,26.71,120.06,79.9,23.17,0.1862,212.7,18.94,19.31,74.11,167.03,160.695,58.89,151.99,405.1101,209.26,455.1,604.53,44.89,14.816,0,0.53,0.9,7.13,1.1,90.45,64.7887,52.0666,28.4072,115.6178,63.7341,72.5,55.6334,39.238,3.679,7.001,49.8147,3.246,1470.9999,33.084,8.103,31.74,192.1586,36.538,27.03,42.615,0.538,22.813,5.835,15.144,85.189,2.532,106.97,35.76,59.7546,19.648,6.651,175.2,0,3.9,2,7.183,17.55,9.342,5.2,115.9,418.864,361.74,595.54,63.1595,642.9,36.26,23.69,252.11,23.2,263.29,114.61,46.9,464,75.5545,34.4,417.5,43.01,442.54,610.4,52.94,6.84,83.3,0.49,183.9,10.83,38.2,1504.6,91.8298,0,29.62,20.86,4.2906,11.778,0,3.99,38.64,0.66,0.66,21.83,9.61,262.84,61.15,24.45,321,59.7,6.747,70.22,5.3123,0.5,1.774,0.0293
"Switzerland",1230.4,216.1,5.35,18.63,1.13,2.64,4.512,8.9,1.425,0.2354,0,0,0,0,0,136.3,0.22,1.0335,1.7931,0.223,7.243,11.498,158.535,31.3,76,0.49,1.14,27.48,19.2,59.315,1.859,4.3933,23.1,45.66,2.77,1204.8,37.51,437.8,90.6219,4.5778,1165.3999,0,56.53,44.51,0,21.16,312.6,163.5,0.98,363.9536,547.6,8.47,2.91,163.17,67.39,8.942,111.97,43.13,298.74,26.06,0.5,112.13,46.14,23.692,0,0.1,0,0.13,10.3,1.47,3.9528,1.6118,0.6,1.117,6.6298,4.56,0.135,4.685,0.663,4.508,1.075,4.546,78.6,3.104,0.1,2.5,0.6382,38.1461,2.12,0.759,10.292,1.238,1.541,1.669,0.947,17.684,1.13,3.64,2.3818,6.117,0.221,145.7,0,3.2,0.5,2.632,0.1,1.474,0.1,23.92,55.5624,37.36,332.74,18.3349,212.2,170.64,110.48,128.8,35.96,34.83,119.88,346,512.4,11.2911,1.98,64,14.88,15.27,97,25.97,4.9,91.4,0.18,11.8,8.03,43.8,834.2,94.1347,0,69.9,11.05,0.0081,7.601,0,0.94,38.35,0,0,0.38,55.58,95.84,4.33,16.26,49.7,282.55,0.236,37.89,2.9496,0,0.575,0
"Spain",621.49,128.17,6.705,108.776,0.084,4.04,0.603,1.8,1.406,0.0478,0.87,0.804,0.184,0,0,1523.38,0.258,9.0839,2.4753,11.545,8.88,12.181,0.273,4.26,0.89,3.305,0.77,27.1,47.63,510.557,3.093,88.6155,11.59,209.55,0.867,476.4399,16.79,346.1,202.4244,10.2256,1042.2199,56.53,0,336.54,0,16.717,97.3,19.63,14.13,3.9088,163.6,10.45,10.142,24.17,66.07,31.022,8.826,26.68,142.74,9.84,90.22,28.57,30.15,28.454,0,0.815,3.301,0.665,1.972,5.154,26.8989,34.2683,13.804,0.1656,30.051,65.189,1.0819,6.476,2.309,12.31,1.1457,29.568,483.22,239.987,3.79,11.983,7.674,16.5225,43.186,5.399,3.132,0.239,1.178,0.102,0.784,13.491,109.229,1.658,1.3027,28.682,1.653,38.04,0.01,0.06,0.38,1.437,0.408,1.417,0.1,150.73,39.325,170.17,772.748,1.7676,910.49,281.95,510.325,70.95,57.55,110.11,38.23,49.71,342.81,7.8532,2.783,74.4,10.88,326.43,999.85,15.66,1.792,86.42,0,29.57,1.631,28.36,461.73,69.1116,0,41.13,3.83,18.6719,2.488,0,0.017,13.27,0.056,0.022,0.004,70.63,51.34,0.19,18.95,37.55,24.61,38.184,9.79,0.101,0.29,0.311,0
"Portugal",568.99,1.98,0.356,3.927,0.132,0.35,0.7,0.54,0.164,0.0198,0.05,0.011,0.011,0,0,115.41,0.057,4.2963,1.6943,1.741,0.31,0.306,0.938,5.41,97.55,0.037,0.07,3.31,9.94,151.174,0.227,23.7472,14.54,76.83,7.567,325.07,15.15,0.87,17.9912,0.9088,37.06,44.51,336.54,0,0,15.993,6.18,31.81,2.47,12.0543,123.81,1.75,0.11,8.27,9.31,6.363,3.669,7.89,2.199,46.07,117.99,29.43,48.13,12.002,0,2.29,7.479,0.011,0.059,6.43,7.3803,7.8011,2.74,0.07,41.55,0.12,0.51,0.029,2.957,0.12,0.4481,71.96,189.63,4.178,0.11,28.28,6.296,4.6238,4.977,2.2,11.498,5.51,0.15,0.07,0.001,0.37,136.136,35.699,3.1515,11.881,3.701,3.98,9.02,0,9.02,4.23,0.011,0.27,0.02,18.68,63.4055,7.93,19.123,1.5053,214.06,39.24,158.848,6.15,2.95,2.223,5.49,53.51,417.78,0.1487,3.157,10.72,0.54,1.28,172.61,0.19,0.019,11.98,0,11.82,0.033,5.58,129.38,11.2637,0,1.11,0.66,0.728,1.173,0,0,0.09,0,0.033,0.02,28.42,5.65,0.06,0.11,7.39,18.21,2.538,5.49,0,0.2,0.046,0
"German Federal Republic",0,0,0,0,0,0,0,0,0,0,0,0,0,0,0,0,0,0,0,0,0,0,0,0,0,0,0,0,0,0,0,0,0,0,0,0,0,0,790.7564,39.9453,0,0,0,0,0,0,0,0,0,0,0,0,0,0,0,0,0,0,0,0,0,0,0,0,0,0,0,0,0,0,0,0,0,0,0,0,0,0,0,0,0,0,0,0,0,0,0,0,0,0,0,0,0,0,0,0,0,0,0,0,0,0,0,0,0,0,0,0,0,0,0,0,0,0,0,0,0,0,0,0,0,0,0,0,0,0,0,0,0,0,0,0,0,0,0,0,0,0,0,0,0,0,0,0,0,0,0,0,0,0,0,0,0,0,0,0,0,0,0,0,0
"German Democratic Republic",16.5,132.94,0,0,0,2.628,1.0691,0.479,0.015,0.0063,0,0,9,0,0,10.63,0.102,1.124,0.3984,0,13.373,0.4081,0,14.786,0,10.4296,0.01,0.615,10.67,92.84,0.053,0,35.75,14.746,3.2362,126.59,7.039,59.85,48.9855,2.4745,26.71,21.16,16.717,15.993,0,0,142.16,251.38,43.009,0,29.81,0.132,0,62.852,76.287,0.2511,0,28.174,0,1.329,237.26,170.125,143.916,2.7488,0,0,0.2303,0,0.5256,0.2607,3.6709,1.1832,0,0.0856,0,0,9.227,0.121,0.147,0,0.0106,0.739,1.6,0.373,0,0,0.7999,0,0,0,1.0268,0.058,0,0.001,9.085,2.753,0,0,2.2316,7.5275,9,0,9,9,9,0.3325,0,0.036,9,10.269,45.5874,10.122,94.8473,3.2636,103,13.199,0,56.056,148.608,0,4.42,0,4.1,1.693,0,3.7,0,0,4.2,9,13.9239,35.5,0,0,0,0,126.44,13.8639,0,4.35,7.671,0.2604,0.3369,0,0,12.39,0,0,0,4.616,32.561,0.01,0.461,6.83,35.699,2.6044,0.073,9,0,0.1172,9
"Poland",54.59,35.16,0,12.422,0,0.03,0.34,0.16,0.052,0.0004,0,0,9,0,0,21.3,0.044,0.173,0.8208,1.366,1.939,5.937,0.169,28.2,2.3,0,0.01,0.48,1.79,2.43,3.893,0,0,84.18,0.502,64.59,51.98,20.5,8.3578,0.4222,120.06,312.6,97.3,6.18,0,142.16,0,27.2,34.45,34.5919,133.92,1.94,1.3,62.93,14.23,4.339,61.1,123.38,426.0901,147.83,48.21,34.61,136.78,0.067,0,9,9,9,0,0,2.9267,0,0,0,1.1077,0,9,1.62,0.315,0,8.5592,0.694,12.6,1.719,0,9,0.2341,0,0,1.43,0.822,0,0,0.009,9.063,4.235,1.199,0,0.0033,2.138,0,0,0,0,0,0.003,0,0.031,0,0.43,6.2359,36.83,249.909,1.7952,58.7,99.28,190.403,36.19,18.68,19.448,0.17,0,22,4.0473,0,12.7,0,9,7.8,9,0,1.85,6.81,0,2.935,20.82,15.52,38.2498,0,14.9,13.8,0.0253,9.602,0,0,2.61,0,9,2.786,15.85,2.27,0.03,1.34,13.33,94.92,2.356,8.54,0,0,0.054,9
"Austria",75.6,50.2,0.632,11.45,0.61,0.97,0.44,1.86,1.061,0.0032,0,0,0,0,0,43.8,0.156,4.4867,4.447,11.341,1.61,13.902,11.572,16.79,7.7,0.005,0.49,4.95,3.29,167.09,4.2,2.7127,9.6,16.02,8.922,284.7,8.8,117.5,127.4613,6.4388,79.9,163.5,19.63,31.81,0,251.38,27.2,0,7.78,7.7974,160.2,3.35,2.91,194.94,17.53,12.386,92.38,8.15,202.04,24.08,48.8,10.84,34.53,3.099,0,0.09,0,0,0.55,0.99,3.589,6.4925,0.8,0.3282,16.21,2.05,0.3913,0.386,7.306,3.7,6.3256,1.609,138.1,0.242,0.1,0.9,0.8779,2.8952,0.6,0.974,1.009,0.5,0.4,0.805,1.317,2.267,4.85,2.76,0.8791,4.379,0.769,11.5,0,9,9.4,0,0,0.282,0.2,1.91,37.2667,1.57,112.01,7.4649,218.8,52.49,118.13,46.11,61.22,18.3,15.5,2.2,81.9,8.0484,3.08,39.1,5.75,4.89,44.9,21.43,1.2,103.7,0.88,63.9,3.09,42.5,442.6,6.9436,0,2.86,7,0.4052,2.562,0,0.3,3.39,0,0,0.29,36.56,17.81,0.32,10.37,14.5,49.89,1.074,2.87,0,0,0.099,0
"Hungary",43.23,8.31,0.717,65.626,0,0.01,15.36,0.17,0.077,0.0015,9,0,9,0,0,1.49,0.018,1.384,0.3398,0.006,0.174,3.986,0.527,34.63,1.1,0.131,0.03,2.26,4.45,240.04,0.105,9,0,3.32,4.504,46.25,2.89,25.04,40.4849,2.0451,23.17,0.98,14.13,2.47,0,43.009,34.45,7.78,0,115.384,105.73,1.37,0.096,23.82,2.67,5.521,22.449,55.43,472.8369,10.63,10.68,1.21,9.56,0.44,0,0,0,0,0,0,0.296,9,0,0,11.15,0,9,0.146,0.111,0,0.1602,0.013,1.48,0.014,0,0,0.043,0,0,0,0.325,0,0,0,9.021,2.421,4.598,0.363,0.0309,3.247,9,0,0,0,0,3.09,9,0.093,0,0.74,79.7123,29.04,121.507,4.5052,81.3,34.39,124.28,30.9,54.46,57.103,13.32,6.8,44.2,5.4649,0,31.18,0,9,8.3,0,0,13.73,1.759,0,0.608,0,39.16,3.4906,0,5.06,1.67,0.0003,0.422,0,0,24.33,0,0,11.48,17.07,4.02,0.01,0.12,4.01,22.29,9.132,1.89,0,0,0.031,9
"Czechoslovakia",41.2195,7.6733,0.007,31.2646,0.8702,0.08,0.9481,1.14,0.305,0.0273,0,0,9,0,0,0.2694,0.114,1.3147,8.4867,0.643,5.3726,16.1587,1.9778,10.9258,11,0.015,0.19,0.9649,2.9627,73.1537,17.9935,0.3011,0,108.9602,18.5859,92.4759,5.1274,9.6444,29.2047,1.4753,0.1862,363.9536,3.9088,12.0543,0,0,34.5919,7.7974,115.384,0,66.1998,2.524,2.8483,6.8782,7.6751,6.1828,3.3119,24.2285,300.06,12.1934,3.9212,0.1938,17.9151,0.7979,0,0,0,0,0.1987,0.9273,1.0796,1.467,0.1204,0.2971,0.5641,0.5299,0.3021,1.003,0.406,1.4452,0.232,2.0431,8.3,1.8056,0,0,0.1554,0,0,0.8891,0.49,0.159,0,0.022,0.178,4.153,1.1923,5.6965,8.0279,0.0872,9,0,0,2.8483,0,0,0,0.105,9,3.0649,27.0238,11.433,217.3284,4.5441,103.6881,134.2053,155.9916,47.4235,24.5786,48.2878,5.2547,0,50.3,3.2958,0,8.8,0.4817,0.4817,20.1688,0,19.8715,7.7793,4.8354,1.3248,0.9273,0,21.3071,54.3971,0,1.2848,0.0091,4.8608,5.2027,0,0.3312,9.5317,3.1132,3.3782,8.2798,35.1326,10.6928,0.02,3.1941,18.8851,17.5324,3.244,9.2678,9,0,0.366,0
"Italy",3366.8994,362.8,23.872,33.35,7.3,8.38,6.907,12.27,3.813,0.2244,0.099,0.3,0.66,0.5,0,169.9,0.095,42.2185,4.1235,1.382,1.236,25.277,45.378,28.44,370.5,3.558,3.04,16.61,76.13,983.311,1.192,8.0086,109.7,239.06,3.214,1436.1997,35.35,2308.3002,1069.19,54.0106,212.7,547.6,163.6,123.81,0,29.81,133.92,160.2,105.73,66.1998,0,173.66,3.45,134.62,123.83,134.356,71.23,862.89,2279.67,50.97,185.9,187.09,38.52,4.742,0,0.45,6.71,1.5,2.19,8.55,0.5275,5.3802,64.8281,3.339,190.3014,16.66,0.2469,103.38,4.39,17.61,6.8148,86.655,1025.8,3.487,4.33,4.4,4.6009,99.9873,17.5,19.357,35.352,4.69,0.036,83.274,10.9,60.989,19.83,22.07,65.7698,37.711,3.795,1187.3,4.5,12.6,12.3,10.054,0.99,3.402,3.9,30.5,848.9683,188.29,953.19,16.503,1241.7,86.78,325.28,609.36,81.05,417.58,129.61,178.3,477.5,81.9107,28.37,708.2,217.51,119.09,113.3,45.98,2.52,1.1,0.15,92.9,8.3,27,301.3,43.2632,0,42.85,69.98,0.0962,5.331,1.98,2.53,6.96,1.43,0.44,3.34,22.55,192.48,4.42,36.78,73,153.39,0.651,11.39,0.2318,0.1,2.49,0
