"","United States of America","Canada","Bahamas","Cuba","Haiti","Dominican Republic","Jamaica","Trinidad and Tobago","Barbados","Dominica","Grenada","St. Lucia","St. Vincent and the Grenadines","Antigua & Barbuda","Mexico","Belize","Guatemala","Honduras","El Salvador","Nicaragua","Costa Rica","Panama","Colombia","Venezuela","Guyana","Suriname","Ecuador","Peru","Brazil","Bolivia","Paraguay","Chile","Argentina","Uruguay","United Kingdom","Ireland","Netherlands","Belgium","Luxembourg","France","Switzerland","Spain","Portugal","German Federal Republic","German Democratic Republic","Poland","Austria","Hungary","Czechoslovakia","Italy","Malta","Albania","Yugoslavia","Greece","Cyprus","Bulgaria","Romania","Russia","Finland","Sweden","Norway","Denmark","Iceland","Cape Verde","Sao Tome and Principe","Guinea-Bissau","Equatorial Guinea","Gambia","Mali","Senegal","Benin","Mauritania","Niger","Ivory Coast","Guinea","Burkina Faso","Liberia","Sierra Leone","Ghana","Togo","Cameroon","Nigeria","Gabon","Central African Republic","Chad","Congo","Democratic Republic of the Congo","Uganda","Kenya","Tanzania","Burundi","Rwanda","Somalia","Djibouti","Ethiopia","Angola","Mozambique","Zambia","Zimbabwe","Malawi","South Africa","Lesotho","Botswana","Swaziland","Madagascar","Comoros","Mauritius","Seychelles","Morocco","Algeria","Tunisia","Libya","Sudan","Iran","Turkey","Iraq","Egypt","Syria","Lebanon","Jordan","Israel","Saudi Arabia","Yemen Arab Republic","Yemen People's Republic","Kuwait","Bahrain","Qatar","United Arab Emirates","Oman","Afghanistan","China","Mongolia","Taiwan","North Korea","South Korea","Japan","India","Bhutan","Pakistan","Bangladesh","Myanmar","Sri Lanka","Maldives","Nepal","Thailand","Cambodia","Laos","Vietnam","Malaysia","Singapore","Philippines","Indonesia","Australia","Papua New Guinea","New Zealand","Vanuatu","Solomon Islands","Fiji","Samoa"
"United States of America",0,2920.398,821.2,0.55,91.149,307.5,136.708,1475.0499,117.285,0,10.557,0,17.4859,0,1384.4,12.241,181.947,101.153,20.27,109.257,23.707,206.741,887.06,628.2998,9.029,29.663,345.99,26.53,524.9263,26.804,3.147,970.6,879.41,7.154,1079.4,713.5,3720,1959.8132,89.2868,3713.1001,224.7002,2791.2198,920.58,0,272.75,404.52,457.6,89.58,105.4925,587.3999,50.09,2.21,489.44,66.2,80.139,247.13,329.35,2297.96,506.3899,585.6999,1087.28,646.09,128.555,0,0,3.887,0.57,3.43,5.787,48.225,35.167,29.1858,18.798,241.4,72.59,36.157,5.657,18.8679,114.298,8.326,562.616,7374.2998,340.454,2.924,0.77,279.0185,379.4,101.02,83.98,46.789,23.054,31.391,22.329,7.92,32.773,643.07,49.6,27.78,2.989,52.073,359.3,17.8,128.2,64,55.218,3.99,8.982,2.8,262.44,4295.97,267.82,4951.7,107.887,234.2,307.06,838.36,1325.05,105.84,305.65,509.5,350.1,7682.7,44.9916,4.96,892.5,328.19,47.74,757.3,190.81,6.444,2620,4.9,4326.4004,9,576.1997,14629.5,45.2,0,281.55,51.34,33.498,42.4,0,5.74,289.14,12.26,0.77,11.23,583.92,1288.9102,230.7301,4618.5999,3317.5,28.872,212.7301,7.075,11.199,12.82,13.419
"Canada",2920.398,0,20.68,233.74,17.996,24.39,12.333,47.8,40.247,0,2.46,0,3.1604,0,430.9,0.443,15.785,13.897,5.881,24.024,9.312,5.87,103.9,1564.4999,3.729,5.975,38.84,7.42,306.954,8.249,0.52,3.2,72.04,9.992,995.2,45.12,208.7,246.6623,11.2377,181,206.9,10.61,8.79,0,8.75,205.26,20.2,13.08,13.9002,234,0.41,0,44.18,10.79,1.2,7.56,20.89,1573.18,10.38,186,146.99,44.64,5.63,0,0,0.003,0,0,3.713,3.037,0.259,2.3,1.335,7.27,18.25,4.012,8.758,0.6702,16.512,8.675,24.245,13.9,8.137,0.166,0,0.4493,0.4,0.07,14.12,4.023,0.316,2.667,0.147,0,22.71,1.76,17.13,1.3627,12.343,1.042,154,0,0,0,0.901,0,0.732,0,92.3,21.37,90.42,85.3,0.983,80.6,75.45,197.21,72.36,20.91,48.53,6.75,43.2,1924.3,0.2928,0.99,76.2,3.82,8.54,14.6,9.74,0.1,969.4,0,472.2,0.1,26.4,743.4001,235.94,0,78.29,52.16,2.126,4.19,0,0,103.3,0,0,0.39,45.52,29.3,22.27,67.6,224.25,1.81,2.71,0.08,0.377,7.935,0.067
"Bahamas",821.2,20.68,0,0,0.0256,0.08,0.9319,0.483,0.5788,0,0,0,3.2689,0.11,52.21,0.07,17.46,0.027,0.2222,0.01,0.0533,11.1381,8.276,0.75,0.2266,0.0034,0.05,15.385,20.394,0,0,0.29,0.055,0.577,342.92,0.931,4.27,22.7151,1.0349,9.69,14.38,16.545,0.504,0,0,0,0.4,0,0,71.42,0.04,0,0.55,0.081,0,0,0,0,0.044,51.96,0,8.389,0.041,0,0,0,0,9,9,0,0,0,0,0,0,0,0,0.0032,0,0,0,0,0,0,0,0,0,0,0,0,0,0,0,0,0,0,0,0.0245,0,0,0,0,0,0,0,0,0,9,0,0,0,158.07,0,0,0,0,10.09,0,0,0,0.03,217.14,9,0,0,0,23.443,60.06,9,0,0,0,1.42,0,0.5,13.07,0.019,0,0.039,0,0,0.0459,0,0,0.089,0,0,0,0,0,2.921,943.47,3.791,9,1.243,9,0,0.002,0
"Cuba",0.55,233.74,0,0,0,0,0.6321,0.088,4.4249,0,0.938,0,9,0,114.6,0,0,0,0,4.1494,0.0502,0.3131,3.146,77.28,1.2779,0.2551,0,20.286,0,0,9,0,84.447,0,27.56,15.298,15.31,27.9755,1.2745,117,29.89,132.162,46.705,0,0,20.868,6.34,17.872,39.7771,10.04,0.05,0,0.812,0.02,0.309,0,69.091,0,40.038,44.45,2.026,5.772,0.4655,0,0,0.706,0,9,0.001,9.15,9,0,0.037,0,9,9,0,9,0,0,0.004,0,0,0,0,0,9,0,0,0,0,9.013,0,0,0,9,9,0,0,0,0,0,0,0,9,9,0,0.7,18.753,126.067,0,34.2,0,0,0.495,0,93.79,27.43,0,0.05,0,4.3,11.5374,0,9,0,0,0,0,0,104.63,0,0,0,0,139.34,0.211,0,0,9,9,0,0,0,0,9,0,0,37.672,5.599,0,1.4,1.589,9,0,0,0,0,0
"Haiti",91.149,17.996,0.0256,0,0,5.745,0.902,18.31,0.056,0,9,0,0.003,0.018,1.114,0,0.644,0.076,0.004,0.086,0.72,1.913,0.496,0.8,0,0.348,0.001,0.03,3.867,0,0,0.037,1.119,0,1.317,1.29,10.784,6.035,0.275,7.232,2.548,0.966,0.01,0,0,0.116,0.05,0.09,0.691,10.913,0,0,0,0.028,0,9,0.265,0,0.236,0.237,1.582,0.463,0.001,0,0,0,0,0,0,0.001,9,0,9,0,9,0,0,0,0,0,0,0,0,9,0,17.269,0,0,9,0,0,9,0,9,9,0,9,0.713,9,0,0,0,0,0,0,9,0,0,0.09,0,0,0,0,0,0.275,0,0.002,0,0,0,0.652,9.6,9,0,9,0,0,0,0,0,4.269,0,0,0,2.082,22.514,0.093,0,0.03,0,0,0,0,0,0.236,0,0,0,9,0.392,0.1,0.191,0.42,0,0.641,0,0,0,0
"Dominican Republic",307.5,24.39,0.08,0,5.745,0,1.491,0.84,0.023,1.749,0.41,1.617,0.6474,0.09,88.81,0.072,8.117,1.613,1.682,0.05,2.259,10.361,4.66,229.91,0.002,3.592,0.01,0.05,11.165,0,0.013,2.47,0.51,0.168,6.4,0.75,12.22,14.2603,0.6497,1.41,5.55,26.7,0.86,0,0.95,0,0.69,0.1,0.39,14.45,0,9,0.04,0.05,0,0.01,0,15.308,0.62,5.84,5.24,0.97,0.01,0,9,0,0,0,0,12.628,9,0,0,9,0,0,0,9.0565,0,9,0.033,0,0,0,0,9,9,0,0,9,0,0,0,9,9,9,0,0,0.002,9,1.34,0,0,0,0,0,0,0,8.33,22.99,0.32,0,9,0,0,0,0,9,0,0,0.27,0,0,9,9,0,9,0,0,0,0.05,9,18.79,0.02,4.36,79.96,0.14,0,0.01,0.03,0,0,0,0,0.09,0,9,0,0.01,0.19,1.39,0,0.82,0,5.51,0,0,0,0
"Jamaica",136.708,12.333,0.9319,0.6321,0.902,1.491,0,18.983,3.76,5.2969,1.004,2.7794,0.826,1.461,16.612,0.852,0.954,2.374,0.009,0.036,1.002,0.289,0.687,136.171,18.307,1.633,0.259,0.108,1.431,0,1.935,0.064,0.799,0.001,136.801,0.863,27.26,2.3719,0.1081,4.095,2.91,14.876,0.645,0,1.4246,0.441,0.252,0.572,0.016,2.547,0.163,0,0.639,0.633,0.034,0,0.006,14.9533,0.243,13.54,80.762,0.983,0.037,0,0,9,0,0.058,0,0,0,0,9,0,0,0,0,0.0646,55.143,0.001,0,0.023,0,0,0,0.09,0,0,0.035,0.151,0,9.001,0,0.0396,0.013,0.0398,0,0,0.004,0.004,0,0,0,0,0.001,0,0.001,0,0.014,0.008,0,0.037,0.001,0.001,0.103,0,0.003,0.013,0.0011,0.001,0.092,0.022,0.006,0.0072,0.006,0.003,0,0,0.001,0,0.568,0,7.153,0,2.403,34.485,0.707,0,0.149,0.023,0,0.072,0,9,0.084,0,0,0,0.225,0.208,1.347,0.896,2.353,0.011,1.024,0,0,0.012,0
"Trinidad and Tobago",1475.0499,47.8,0.483,0.088,18.31,0.84,18.983,0,23.365,0,7.915,0,2.0067,0,1.75,5.031,28.83,68.283,1.18,0,2.287,55.703,25.12,7.14,116.014,122.201,5.27,4.22,15.36,0,0.185,1.41,2.88,2.406,197.33,5.54,86.81,2.9267,0.1333,13.54,6.33,3.47,1.81,0,0.33,0.33,5.56,0.33,1.52,211.83,0.01,0,0.13,0.34,0,0,0.27,0.39,0.78,6.94,6.34,12.59,8,0,0,0,0,3.234,9.156,10.57,0.03,0,0,6.33,42.889,0,7.81,0.0016,0.021,1.653,13.067,2.72,0,0,0,1.45,0,0,0.16,0.116,9,0,0,0,0.02,0.022,0.46,0.0055,0.001,0.08,0,0,0,0.02,0.04,0,0,0,0.16,5.66,0.11,0,0,0,0.56,0,0.01,0,0,0,0.21,804.35,9.0075,0,0.03,0,0,22.2,0,0,8.86,0,26.67,9.71,6.26,192.53,10.31,0,0.04,0,0,0.036,0,0,0.4,0,9,0,0.72,2.15,0.29,323.71,31.04,0.005,21.86,0,0,0,0
"Barbados",117.285,40.247,0.5788,4.4249,0.056,0.023,3.76,23.365,0,1.4542,1.465,3.7757,0.8308,1.449,0.394,0.207,0.681,0.541,0.029,0.001,0.421,0.253,0.537,30.979,3.238,1.585,0.014,0.064,7.501,0,0,0.004,1.577,0.267,51.151,5.915,4.474,1.5207,0.0693,2.613,0.818,1.345,0.162,0,0.0419,0.822,0.483,0.059,0.598,4.021,0.001,0,0.053,0.03,0.017,0,0.012,1.377,0.077,2.22,3.669,1.497,0,0,0,0,0.002,0,0.001,0.001,0,0,0,0,0.0044,0,0.006,0.001,0.001,0,0,0,9,0,0,0,0.009,0.011,0.096,0.029,9,0,0,0,0,0.001,0,0,0,0,0.01,0,0,0,0.036,0,0,0,0.021,0.01,0,0,0.011,0.001,0.001,0.017,0.001,0,0,9,0.354,0.005,0,0,0.003,0,0,0,0,0.015,1.083,0,5.338,9.084,0.587,27.593,0.441,0,0.029,0,0,0.155,9.002,0,0.101,0.018,0,0,0.351,0.122,0.388,0.104,7.353,0.002,7.546,0,0,0.003,9
"Dominica",0,0,0,0,0,1.749,5.2969,0,1.4542,0,0.0814,0,0.1626,0,0,0.182,0,0.0638,0,0,0.1375,0,0.11,0,0.563,0.2721,0,0,0.033,9,0,0,0,0,16.5,0,0.67,0,0,0.88,0.11,1.996,0,0,0,0,0,0,0,0.88,0,0,0,0,0,0,0,0,0.298,0.11,0,0.396,0,0,0,0,0,0,0,0,0,0,0,0,0,0,0,0,0,0,0,0,0,0,0,0,0,0,0,0,0,0,0,0,0,0,0,0,0,0,0,0,0,0,0,0,0,9,0,0,0,0,0,0,0,0,0,0,0,0,0,9.2,0,0,0,0,0,0,0,0,0.11,0,0,0,0,1.98,0,0,0,0,0,0,0,0,0.022,0,0,0,0,0,0,0,0.033,0,1.694,0,0,0,0
"Grenada",10.557,2.46,0,0.938,9,0.41,1.004,7.915,1.465,0.0814,0,1.4124,0.0331,0.068,0.083,0.002,9,0.355,0,9.024,0.064,0,0.044,0.262,1.711,0.096,9,0,0.43,0,9,9,0.001,9,0.66,0.117,5.912,0.7078,0.0322,0.546,0.029,0.37,0.01,0,0.101,0.044,0,9.026,0.08,0.385,0,0,0,0.003,0,9,0,1.578,0.008,0.167,0.042,0.774,9,0,0,0,0,0,0,9,0,0,0,0,0,0,0,0,0,0,0,0,0,9,0,0,0,9,9,9,0,0,0,0,0,9,9,0,0,9,0,0,0,0,9,0,0,0,9,0,0,9,9,9,9,9,0,0,9,9.015,0,9,9,9,0,0,0,0,9,9,0.116,0,0.41,9,0.181,1.87,0.047,0,9,9,0,0.01,0,0,0.025,0,0,0,9.054,0,9.08,9,0.086,0,0.293,0,0,0,0
"St. Lucia",0,0,0,0,0,1.617,2.7794,0,3.7757,0,1.4124,0,0.0693,0,0,0,9,0.7832,0,0,9.1441,0,0.957,2.09,1.4231,0.2496,0,0,9.209,0,0,0,0.033,0,19.06,0.011,0.88,0.1052,0.0048,0.11,0,0.506,0,0,0,0,0,0,0,0.24,0,0,9,0,0,0,0,0,0.011,0.11,0,0.353,0,0,0,0,0,0,0,0,0,0,0,0,0,0,0,0,0,0,0,0,0,0,0,0,0,0,0,0,0,0,0,0,0,0,0,0,9,0,0,0,0,0,0,0,0,0,0,0,0,0,0,0,9,0,0,0,0,0,0,0,0,0,0,0,0,0,0,0,0,0,0,0,0,3.96,0.022,0,0,0,0,0,0,0,0,0,0,0,0,0,0,0,0.012,0,0.573,0,0,0,0
"St. Vincent and the Grenadines",17.4859,3.1604,3.2689,9,0.003,0.6474,0.826,2.0067,0.8308,0.1626,0.0331,0.0693,0,0.5889,0.0081,0,9.0252,0.513,0.0067,0,0.1419,0.0833,0.8263,0.1556,1.9668,0.0744,9,9.0019,0.3907,0.0004,0,9,0.0604,9.0285,9.193,0.0704,0.5885,0.6504,0.0296,0.1648,0.2222,1.3963,0.0396,0,0.0185,0.0163,0.003,9.0063,9.0722,0.4426,0,9,0.0256,0.0007,9.0019,9,9,9.0826,0.0237,0.1752,0.0637,0.6411,0,0,0,0,0,0,0,0,9.0026,0,0,0,9,0,9,0,0.0004,0,0,9,0,0,0,0,0,0,0.0052,9.0033,9,0,9,0,9,9,9.0026,9,9.0304,9,9,0,0,9,0,0,0,0,9.0004,0,0,0,9,9,0,0,0,9,0,0,9.0033,9,9,9,9,9.0104,0,0,0,9,0.1859,0,0.1641,9.01,0.1211,1.3315,0.0415,9,9.0144,9,0,0.0041,0,0,9.0241,9,0,0,0.0581,0.0274,0.0259,9.0022,0.0541,9,0.1885,0,9,9,0
"Antigua & Barbuda",0,0,0.11,0,0.018,0.09,1.461,0,1.449,0,0.068,0,0.5889,0,0,0.005,9,0.439,0,0,0.058,0,0.07,0,0.635,0,0,0,9.36,0,0,0,0,9,7.7,0,0,0,0,0,0,0,0,0,0,0,0,0,0,0,0,0,0,0,0,0,0,0,0,0,0,0,0,0,0,0,0,0,0,0,0,0,0,0,0,0,0,0,0,0,0,0,0,0,0,0,0,0,0,0,0,0,0,0,0,0,0,0,0,0,0,0,0,0,0,0,0,0,0,0,0,0,0,0,9,0,0,0,0,0,0,9.7,0,0,0,0,0,0,0,0,0,0,0,0,0,0,0.03,0,0,0,0,0,0,0,0,0,0,0,0,0,0,0,0.01,0,0.16,0,0,0,0
"Mexico",1384.4,430.9,52.21,114.6,1.114,88.81,16.612,1.75,0.394,0,0.083,0,0.0081,0,0,8.325,55.863,16.062,49.159,111.899,93.251,79.503,50.81,80.4,3.615,0.266,6.04,18.01,309.641,4.551,15.693,11.6,192.45,0.467,205.6,84.36,138.7,76.7054,3.4946,145.2,205,1516.61,40.87,0,4.13,7.2,7.7,2.8,2.8377,87.2,0.02,0,36.61,13.75,0.278,0,4.8,12.24,53.89,138.6,12.67,7.94,0.006,0,0,9,0,0,9,0.029,0,0,0.007,0.3,9,9,4.7,0,0,0,0.229,1.3,2.636,0,9,0,0.1,0,0.486,0,0,9,0.002,0,0.03,0,0,0.0055,0.613,9,9.4,0,0,0,9,9,0.002,0,22.9,12.81,0,0.4,0,2,6.8,0,1.12,9,0.11,0,7.8,0.1,9.0484,0,1.5,0,12.52,0,9.01,0,22.7,0,0,9,32,230.4,45.12,0,3.05,1.03,0,18.418,0,9,23.2,9,9,0,11.24,0.95,98.81,7,14.11,0.07,27.6,0,0,0.049,9
"Belize",12.241,0.443,0.07,0,0,0.072,0.852,5.031,0.207,0.182,0.002,0,0,0.005,8.325,0,3.996,2.362,1.219,0.042,1.002,1.914,0.459,0.002,0.13,0.003,0,0,0.277,0,9,0,0.167,0.032,7.206,0.795,7.764,0.0861,0.0039,0.691,1.658,0.344,0.096,0,0.04,0.002,0.27,0.068,0.088,0.318,0,0,0.001,0.003,0,9.027,0.004,0.012,0.005,0.334,1.32,2.603,0,0,0,0,0,9,9,9,9,0,0,0,9,0,0,0,9,9,0.276,0.005,0,9,0,0.175,0,0,0,0,0,0,0,0,0,0,0,0,0,0,0.013,0,0,0,9,0,0,9,0,0,0,0,9,0,0,9,0,0,0,0,0.009,0,0,0,0,0,0,0,0,0,0.025,0,2.187,0,0.169,10.381,0.074,0,0.001,0,9,0,0,9,0,9.002,0,0,0.102,0.035,0.01,0,0.454,9,0.2,0,0,0,0
"Guatemala",181.947,15.785,17.46,0,0.644,8.117,0.954,28.83,0.681,0,9,9,9.0252,9,55.863,3.996,0,42.281,144.65,61.911,7.637,12.255,3.777,111.901,0.215,0.325,1.451,0.558,16.887,0.265,0.019,3.336,2.174,0.032,14.003,0.302,15.865,1.7216,0.0784,14.732,4.104,29.673,1.071,0,0,0,7.226,0,1.791,25.381,0.94,9,0.899,14.911,0,0,0,0,22.273,8.187,3.066,7.49,0.062,0,0,0,0,0,0,9,0,9,0,0,0,0,0,0,0,9,0,0,9,0,0,9,0,9,0,0,9,0,0,0,5.126,0,9,0,0.005,0,0.137,9,0,0,0,0,0,0,0.008,0,0,0,0,0,0.273,9,0.281,0,0,2.99,0.284,28.8,1.3124,9,0,1.15,10.02,0,9.37,9,102.623,9,10.606,0,1.729,51.637,0.029,0,0.059,0,9,0.408,0,0,3.454,0,0,0,0,0.569,0.999,4.173,3.123,9,1.048,0,0,0,0
"Honduras",101.153,13.897,0.027,0,0.076,1.613,2.374,68.283,0.541,0.0638,0.355,0.7832,0.513,0.439,16.062,2.362,42.281,0,1.205,6.293,26.158,10.237,2.676,35.211,0.001,2.747,0.077,0.059,15.461,0,0.011,0.14,2.551,0.309,9.592,0.426,5.188,1.5207,0.0693,7.172,16.502,11.169,0.548,0,0.2066,0.07,7.421,0.225,1.378,2.509,0.198,0.013,4.838,0.088,0.077,0.001,0.053,1.064,4.959,8.811,5.106,7.24,0.528,0,0,0,0,0,9.001,0,0.002,0,0,9,0,0,0,9.2374,0.065,0,0.241,0,0,9,0,0.035,0,9,0,9,9,0,0,0,9,0,0,0.0018,0,0,0.174,0,0,0,0.004,0,0,0,0.009,0.03,0,0.8,0.089,0,0.047,0,0.15,0,0.5327,1.04,0.002,12.3,9,0.007,0.481,0,9,0.033,9,0.015,2.871,9,2.809,0.063,3.054,15.1,0.234,0,0.05,0,0,0.237,0,0,0.97,0,0,9,0.105,0.049,0.014,0.065,0.362,9,0,0,0,9,0
"El Salvador",20.27,5.881,0.2222,0,0.004,1.682,0.009,1.18,0.029,0,0,0,0.0067,0,49.159,1.219,144.65,1.205,0,23.871,9.562,20.155,1.587,39.944,0,0.052,0.102,2.599,3.373,0.048,0.084,0.143,0.347,0.21,5.15,4.442,22.557,5.0308,0.2292,10.918,0.904,10.893,2.273,0,0,0.036,15.311,0.077,0.356,0.596,0,0,6.205,0,0,0.003,2.4,0.04,1.964,0.492,2.814,0.119,0,0,0,0,0,0,0,0,0,0,0,9,0,0,0,0,0,0,0,0,0,0,0,0,0,0,0,0,0,9,0,0,0,0,0,0,0.001,0,0.104,0,0,0,0,0,0,0,0.174,0.33,0,1.2,0,0,0,0,0,0,0,0,0.248,0,9,0,0,0,0,0,9,0,8.8,0,4.077,0,0.063,6.811,0,0,0.003,9,0,0.104,0,0,0.047,0,0,9,0.053,0.638,0.056,0.828,1.875,0,3.468,0,0,0,0
"Nicaragua",109.257,24.024,0.01,4.1494,0.086,0.05,0.036,0,0.001,0,9.024,0,0,0,111.899,0.042,61.911,6.293,23.871,0,46.068,14.296,5.998,86.796,0,0,0.01,0.346,36.912,0,0,0.026,8.892,0.064,9.029,3.014,9.751,4.0744,0.1856,12.191,4.432,2.084,0.057,0,13.8584,0,8.906,0.881,0.159,9.975,0,9,0.06,0.07,0,2.2051,0.095,4.8798,2.086,8.078,1.326,3.273,0.002,0,0,0,0,0,0,0.313,9,0,0,0,0,0,0,0,0.649,0,0,0,0,0,0,9,0,0,0,0,0,0,0,0,0,0,0,0,0,0,0.038,0,0,0,0,0,0,0,0.06,0,0,0,0,0,0,0,0,0.962,0,0,0.032,0,9,0,0,0,0,0,0,0,21.232,0,0,0.5493,3.576,33.936,0.216,0,7,9,0,0.203,0,0,3.71,0,0,9,0.373,0.362,0.09,0.7,0.317,0,0.493,0,0,0,0
"Costa Rica",23.707,9.312,0.0533,0.0502,0.72,2.259,1.002,2.287,0.421,0.1375,0.064,9.1441,0.1419,0.058,93.251,1.002,7.637,26.158,9.562,46.068,0,21.568,2.018,90.238,0.679,0.529,13.413,3.238,18.63,0.632,0.039,0.94,3.119,0.138,5.161,3.69,21.394,3.4814,0.1586,0.794,16.05,19.238,0.064,0,11.8036,0.421,14.691,0.143,6.687,19.249,0.02,3.575,3.284,0.024,0,0.012,2.941,0.0126,33.476,15.854,5.137,3.782,0.441,0,9,0,9,0,0,0,0,0,0.001,0.162,0,0,0.065,0,0,0,0.025,0,0,0,0,0,0,9,0,0,9,0,0,9,0.021,0,0,0,0.003,9,0.234,9.323,0.01,0,0,0,0,0,0.426,0.272,0,1.074,0,0,0.048,0,0.4,0,1.9041,1.46,0.895,2.4,9.2108,9,0.168,0.227,0.11,9.042,9.23,9.001,0.026,9,7.323,0.1057,11.397,111.534,0.486,0,0.003,9,0,0.012,0,0,1.05,9,0,9,0.1,0.599,0.129,0.076,0.833,0,0.192,9,0,9,9
"Panama",206.741,5.87,11.1381,0.3131,1.913,10.361,0.289,55.703,0.253,0,0,0,0.0833,0,79.503,1.914,12.255,10.237,20.155,14.296,21.568,0,158.21,49.579,1.018,6.795,1.444,28.015,12.118,0.341,3.875,105.921,55.197,8.626,0.171,0.728,9.651,8.7417,0.3983,1.401,135.01,11.919,0.797,0,0.091,0.872,13.389,0.044,1.335,39.164,0.006,9.014,17.529,27.013,0.042,0.017,0.244,1.287,3.332,2.78,4.973,2.386,0.436,0,0,9,9,0,0,0.447,0,0,0,0,0,0,9,0,0,0,0,0.071,0,0,0,0.1924,0,0,0,9,0,9,9,0,0.047,0,9,0.328,0.003,0,0.045,0,0,0,9,0,0.011,0,0.21,0.96,0,0.111,0,0,4.3,0,5.84,0,0.004,0.007,0.418,113.886,0.4184,0,0.082,0,9,0.138,9,0,1.953,0,17.353,0,32.178,37.389,0.13,0,1.647,0.02,0,0.072,0,0,9.596,0.028,9.031,9,1.949,28.781,0.009,0.371,1.241,0,5.431,9,0,0,9.006
"Colombia",887.06,103.9,8.276,3.146,0.496,4.66,0.687,25.12,0.537,0.11,0.044,0.957,0.8263,0.07,50.81,0.459,3.777,2.676,1.587,5.998,2.018,158.21,0,195.13,0.686,1.511,35.56,61.96,169.771,8.462,10.255,59.26,6.79,0.98,77.26,4,98.37,10.0807,0.4593,45.78,53.27,44.62,21.33,0,3.999,10.17,18.47,25.43,12.4781,102.33,0.36,0.044,11.65,0.09,0,2.107,1.41,7.334,49.48,29.93,6.71,16.47,0.903,0,0,9,0,0,0,0.004,0,9.04,0.002,0,0.06,0,0,0.0339,0,0,0.04,0.29,0,0,0,0,0.08,0,0.01,0,0,9,0,0,0,0.01,0,0,0.679,9,8.77,9,9,0,0,9,0.002,9,2.88,27,0.03,4.9,0.03,0,1.36,0,0.23,1.33,0.199,0.1,2.7,0.03,9.03,0,0.08,0.01,0.01,0.02,0.05,9,14.95,9,16.66,0.27,6.84,346.35,7.31,0,0.07,0.05,0,0.22,9,0,0.36,0,9,0.02,1.53,10.41,0.34,1.3,1.59,0.3,0,9,0,9,0
"Venezuela",628.2998,1564.4999,0.75,77.28,0.8,229.91,136.171,7.14,30.979,0,0.262,2.09,0.1556,0,80.4,0.002,111.901,35.211,39.944,86.796,90.238,49.579,195.13,0,63.42,6.7,24.61,24.54,873.363,3.123,0.475,281.3,43.26,116.355,126.5,22.26,56.9,113.4322,5.1678,159.9,106.2,266.24,155.44,0,23.1,6.9,11.7,2.5,18.3,858.5,0.03,9,7.61,0.41,0,0.2,12.3,0.8,38.75,144.1,5.52,25.99,4.127,0,0,0,0,0,0,6.468,0,0,1.059,200.55,0,10.145,0,0,0,9.173,2.467,0.6,0,0,9,0,0,0,0,0,0,0,0,0,0,0,0,0,0.024,0,122,0,0,0,0,0,0,0,1.51,1.29,1.4,0.4,0,0.6,26.9,0,0,0,0,0,6.2,0,9.0544,9,0,0,0,0.2,0,0,51.4,0,57.4,0,42.3,155.4,148.49,0,0.2,0,0,0.015,0,0,3.31,0,0,0,5.9,3.33,1.76,6.9,15.77,3.9,21,0,0,0,9
"Guyana",9.029,3.729,0.2266,1.2779,0,0.002,18.307,116.014,3.238,0.563,1.711,1.4231,1.9668,0.635,3.615,0.13,0.215,0.001,0,0,0.679,1.018,0.686,63.42,0,0.101,0.059,0.305,5.308,0.004,0,0.406,0.225,0,31.923,0.036,10.369,4.0648,0.1852,14.595,0.686,6.642,0.833,0,4.3374,0.001,0.137,0.041,0.017,4.09,0,0,0.001,0.08,0.002,0.0002,0.058,0.6443,0.194,0.348,0.307,0.749,0.149,0,0,0,0,0,9,0.675,0,0,0.001,0,0,9,0.001,0,0.001,9,0,0,0,0,0,31.1316,0.003,0.005,0,0,9,0,0,0,0,0,0,0,0.002,0,0,0,0.196,0,0,0,0,9,0.207,0,0.004,1.104,0,0,0.117,0.0022,0.006,0,0,0.449,0.463,0.295,0,0,0,0.002,0,0,0,9,0.673,0,0.593,0.1545,0.563,5.282,2.159,0,0.048,0.813,0,0.052,0,0,0.328,0,0,0,0.081,0.088,0.002,0.04,0.747,0.001,5.729,0,0,0,0
"Suriname",29.663,5.975,0.0034,0.2551,0.348,3.592,1.633,122.201,1.585,0.2721,0.096,0.2496,0.0744,0,0.266,0.003,0.325,2.747,0.052,0,0.529,6.795,1.511,6.7,0.101,0,0,0.181,12.641,9,0,0,0.08,0.002,9.502,0.044,4.073,7.441,0.339,9.76,1.014,1.258,3.474,0,0.204,0.122,0.035,0.098,0.316,9.291,0,0,0.011,0,0,0,0.01,0.063,0.02,3.358,75.259,1.171,0,0,0,0.649,0,0,0,2.512,0,0,0.001,0,0,9,9.001,0,0,0,0,0,0,0,0,9,0,0,0,0,0,0,0,0,0,9,0,0,0,0,0.001,0,0,0,9,0,0,0,0.011,0,0,0,0,0,0.01,9,0,0,0,0,0,0,0,0,0,0.004,0,0,0,0,4.807,9,0,0.137,2.971,10.33,0.449,0,0.1,0,0,1.186,0,0,0.044,0,0,0,0.173,0,0.264,0.369,0.12,0.133,0.004,0,0,0,0
"Ecuador",345.99,38.84,0.05,0,0.001,0.01,0.259,5.27,0.014,0,9,0,9,0,6.04,0,1.451,0.077,0.102,0.01,13.413,1.444,35.56,24.61,0.059,0,0,30.9,54.488,0.476,0.452,82.8,31.11,104.294,55.98,10.15,1.06,4.1891,0.1909,19.03,52.44,30.23,0.46,0,19.599,1.75,0.76,12.55,0.89,39.46,0.52,9,21.23,0.83,0,0.18,0.06,1.103,3.78,2.63,17.79,8.28,0.002,0,0,0,0,9,19.245,0.001,9,0,0,0,0,0,0.023,0,0,0,0.012,9,0,9,0,0.0044,9,9,0,9,0,9,9,0,0,0,0,0,0.05,9,25.8,0,0,0,9,0,0,0,0,0.31,0,0.6,0,0,0,0,0,0,0,0,13.3,9.2,2.2382,0,0,0,9,0,0.04,0,6.26,0,18.1,9,50.4,143.84,0.2,0,0.14,9,0,0.819,0,9,0,0,0,0,1.11,1.44,3.17,0.95,13.37,0,10.52,0,0,0,9
"Peru",26.53,7.42,15.385,20.286,0.03,0.05,0.108,4.22,0.064,0,0,0,9.0019,0,18.01,0,0.558,0.059,2.599,0.346,3.238,28.015,61.96,24.54,0.305,0.181,30.9,0,144.452,20.784,0.573,22,39.02,5.639,31.11,2.6,22.48,31.3421,1.4279,16.8,36.58,44.69,9.26,0,31.387,10.06,8.92,7.73,1.35,27.67,0.02,0,95.4,1.63,0,11.51,0.47,10.475,10.99,73.48,1.32,1.62,0.001,0,0,0,0,0,0.025,0.671,0,0,0,0.02,0,0,0,0,0,0,0.174,0.4,0,0,0,0,0,0,0,0,0,9,9,0,0,0,0,0.1,0.527,0,4.69,0,9,0,0.13,0,0.462,0,0,2.53,0,0,0,30.96,0.05,0,0.15,0,0.198,0.55,2.09,0,0,0,0,0,0,0,0,0,79.28,0,19.36,0.93,63.46,275.88,1.26,0,1.62,0.12,0,0.504,0,0,0.42,0,0,0,7.94,7.68,1.67,1.13,6.75,0.103,20.44,0,0,0.77,0
"Brazil",524.9263,306.954,20.394,0,3.867,11.165,1.431,15.36,7.501,0.033,0.43,9.209,0.3907,9.36,309.641,0.277,16.887,15.461,3.373,36.912,18.63,12.118,169.771,873.363,5.308,12.641,54.488,144.452,0,99.949,89.76,211.636,196.3149,117.94,335.29,33.68,465.502,183.9494,8.3805,544.55,176.494,319.459,74.899,0,63.866,437.366,107.619,240.233,184.6856,236.094,8.46,9.792,53.557,60.581,9.282,7.821,70.365,658.878,23.895,27.521,63.887,151.655,7.871,0,0,2.693,9,0.352,0.677,4.327,2.113,1.15,2.604,75.115,9.834,9.24,4.714,1.4955,1.666,0.387,14.919,474.681,236.818,0.032,9,92.755,25.602,0.044,4.6,10.456,0.05,0.08,0.066,0,0.94,60.654,40.029,12.0494,6.868,0.07,18.067,0,9,9,2.057,0,2.185,0.066,48.644,12.654,43.63,397.218,9.086,84,42.901,1905.706,102.305,40.4,40.084,50.59,29.464,4325.4308,14.3323,0,610.231,2.25,229.672,288.632,3.58,0,318.298,9,65.695,0,105.433,55.797,234.992,0,43.447,2.063,22.077,0.296,0,0,21.227,0,9,0.011,21.057,3.688,101.371,119.93,103.633,2.674,16.415,9,9,0.409,9
"Bolivia",26.804,8.249,0,0,0,0,0,0,0,9,0,0,0.0004,0,4.551,0,0.265,0,0.048,0,0.632,0.341,8.462,3.123,0.004,9,0.476,20.784,99.949,0,0.886,27.413,253.006,1.592,28.659,5.22,9.189,13.7821,0.6279,23.132,7.599,3.61,0.62,0,0,0,2.9,0,13.4079,6.455,0.1,0,3.49,1.62,0,9,0,0,0.02,24.121,0.36,3.82,0.003,0,0,0,0,0,0,9,0,0,0,0,9,0,0,9,0,0,0,9,0,9,0,0,0,0,0,9,0,0,0,0,0,9,0,0.12,9.032,0,0,9,9,0,9,0,0,0,0,0,0,0,0,0,0.09,0,0,0,0,0.81,0.2,1.2,9.677,0,0,0,9,0,9.05,9,6,0,0,0,6.4,82.13,0.06,0,0.02,0.04,0,0.289,0,0,0.33,0,9,0,3.16,0,0,0,14.08,9,0,0,0,0,0
"Paraguay",3.147,0.52,0,9,0,0.013,1.935,0.185,0,0,9,0,0,0,15.693,9,0.019,0.011,0.084,0,0.039,3.875,10.255,0.475,0,0,0.452,0.573,89.76,0.886,0,7.584,18.12,2.307,23.09,1.44,11.123,1.1477,0.0523,10.09,9.969,3.519,22.176,0,9,11.083,0.225,9.094,0.662,13.117,0.02,0,3.633,0.045,0,0.786,9.082,9.072,0.104,4.529,0.03,5.386,0,0,0,0,0,0,9.034,0.307,0,0,0,0.29,0,9.4,9,0,0,0,0.05,3.8,0,0.006,0,0.036,0,0,9.001,0,9,0,0,0,0,0,0,9,9,0,0.159,0,0,0,0,0,0,0,0,30.15,0.085,0,0,9,0,9,0.5,9,9,0,0.107,10.58,0,0,0,0,9,0,0,0,20.6,0,4.647,9.014,3.33,13.65,0.478,0,0.029,0.04,9.2,0.029,0,0,0,0,9,0,1.341,1.937,0.82,1.3,0.185,0,0,0,0,0,0
"Chile",970.6,3.2,0.29,0,0.037,2.47,0.064,1.41,0.004,0,9,0,9,0,11.6,0,3.336,0.14,0.143,0.026,0.94,105.921,59.26,281.3,0.406,0,82.8,22,211.636,27.413,7.584,0,47.8,19.383,9.3,9.69,5.8,70.106,3.194,17.3,138.5,122.12,11.02,0,5.28,0,9.6,0,0,67.2,0.07,0,25.58,11.05,0,4.7,51.81,0,1.42,8.1,0.71,30.2,0.105,0,0,0,0,0,0,0.069,9,0,0.002,0,0,9,0.012,0,0.001,9,0,9,105.1,0,0,0,0.2,0,0,0,0,9,0,0,0,9,0,0.0036,1.245,0,7.8,0,0,0,0,0,0,0,0,0,0,0.1,0,31.4273,0.75,0,3.45,0,0,0,21.8,97,11.3163,9,5.1,0,3.27,22.2,14.43,0,27.6,0,25.3,0,54.3,143.4,0.82,0,2.34,1.09,0,5.575,0,0,3.84,0,0,9,2.34,8.31,4.2,2,2.59,0.119,0.96,0,0,0.001,0
"Argentina",879.41,72.04,0.055,84.447,1.119,0.51,0.799,2.88,1.577,0,0.001,0.033,0.0604,0,192.45,0.167,2.174,2.551,0.347,8.892,3.119,55.197,6.79,43.26,0.225,0.08,31.11,39.02,196.3149,253.006,18.12,47.8,0,8.318,50.88,6.02,154.8,18.4877,0.8423,88.62,103.72,86.08,43.13,0,22.311,20.39,30.37,3.51,15.0386,69.46,3.18,9,19.53,22.59,1.394,3.059,36.04,3227.151,45.03,72.18,3.34,65.58,0.04,0,0,0,0,0,0.008,8.27,0,0,0.014,3.42,0,0,0.064,0.0081,5.226,0.02,0.047,54.11,4.113,0.2,0,1.5463,0.47,0,0.131,0.001,0,0.552,0.03,9,0.01,34.617,0,0.01,1.904,0,26.07,0,0,10.71,0,0,0.003,0,18.54,41.64,9.87,0.3,0.05,52.26,0.59,40.392,30.93,6.18,3.545,1.22,52.65,254.8,0.0125,0,20.78,0.04,0.6,1.05,1.55,0,96.58,0,71.35,0,51.93,687.66,6.36,0,11.32,1.71,0,1.65,0,0,3.31,0,0,0,14.38,33.4,0.2,9.06,108.9,0.049,0.5,0.01,0,0.008,0
"Uruguay",7.154,9.992,0.577,0,0,0.168,0.001,2.406,0.267,0,9,0,9.0285,9,0.467,0.032,0.032,0.309,0.21,0.064,0.138,8.626,0.98,116.355,0,0.002,104.294,5.639,117.94,1.592,2.307,19.383,8.318,0,6.263,0.562,32.757,11.6588,0.5312,0.112,1.806,7.754,7.021,0,6.1857,0.368,5.328,3.991,11.2368,21.205,0.045,0,13.131,6.173,0.327,1.0008,0.285,70.4085,3.675,4.8,6.622,1.954,0,0,0,0,0,0,9,4.05,9,9,0.265,0.232,0,9,0.001,0,4.229,0.995,0.354,162.406,0.131,0,0,0.186,0,0,0,0.001,9,0,9,0,9,1.254,0,0,0.079,9,6.161,0,0,0,0,0,0.001,9,0.032,2.4,1.032,11.5,0,44,3.094,2.8666,52.35,12.105,0.5236,0.17,14.483,2.488,9,0,3.216,0,9.11,1.86,9.16,9,3.618,9,2.7,0.009,5.935,66.136,2.937,0,0.058,1.099,9,0.821,0,9.004,0.078,0,0,9,4.167,1.73,0.02,0.084,7.291,9,0.25,0,0,9.002,0
"United Kingdom",1079.4,995.2,342.92,27.56,1.317,6.4,136.801,197.33,51.151,16.5,0.66,19.06,9.193,7.7,205.6,7.206,14.003,9.592,5.15,9.029,5.161,0.171,77.26,126.5,31.923,9.502,55.98,31.11,335.29,28.659,23.09,9.3,50.88,6.263,0,1693.6198,2193.6001,247.9058,11.2943,1385.9004,1691.8,290.71,126.51,0,1.55,163.01,200.4,125.43,169.8009,1140.2002,75.93,6.06,367.32,114.66,2.499,48.67,192.34,69.74,553.12,366.6999,1780.5898,270.3398,70.575,0,0.17,0.287,0.33,7.85,4.446,0.567,53.152,0.7369,2.919,64.78,14.49,1.181,11.339,32.8998,80.556,44.555,1.662,3588.9,46.372,0.276,0.55,4.9114,3.3,18.45,150.127,117.982,7.592,1.057,146.674,7.52,27.615,36.14,16.21,80.1182,84.856,32.961,1137.7,0.1,23.8,38,5.656,11.07,147.866,13.3,25.56,81.96,26.68,433.6,174.495,538.8,183.28,1221.35,377.32,76.04,122.63,154.66,81.7,1653.7,61.843,55.24,420.4,214.55,227.4,297.5,248.25,30.481,131,9.8,398.8,0.08,252.5,1679.8,200.81,0,200.15,83.42,67.138,40.275,2.64,1.28,153.87,0.01,0.34,1.78,149.21,407.34,31.87,402.9,1119.88,9.762,339.08,1.115,3.46,71.471,2.654
"Ireland",713.5,45.12,0.931,15.298,1.29,0.75,0.863,5.54,5.915,0,0.117,0.011,0.0704,0,84.36,0.795,0.302,0.426,4.442,3.014,3.69,0.728,4,22.26,0.036,0.044,10.15,2.6,33.68,5.22,1.44,9.69,6.02,0.562,1693.6198,0,60.09,0.6217,0.0283,87.15,18.1,23.86,1.73,0,1.073,18.69,7.43,1.04,9.67,52.31,6.07,0.03,11.66,19.74,2.132,5.024,1.39,8.088,59.92,67.3,0.88,28.54,1.48,0,0,0,0,0.308,1.85,0.756,0.34,0.05,0.308,12.62,0.341,0.011,0.223,1.8992,7.596,0.056,2.487,205.72,0.393,0.03,0.14,0.1122,3.15,0.148,10.159,3.328,0.023,0.088,0.34,0.297,0.43,0.77,1.617,3.5664,3.258,2.647,17.53,9,0.08,0.67,0.84,0.07,0.56,0.18,1.4,35.26,2.41,115,0.308,12.65,4.89,37.588,54.14,11.15,7.706,2.51,16.11,80.41,2.1874,1.243,23.58,3.01,1.37,0.56,2.95,1.85,8.27,0,17.01,0.045,29.36,222.18,21.53,0,3.63,0.6,0.045,6.17,0,0.066,4.45,0,0,0,10.17,1.8,3.65,0.92,60.91,0.88,6.7,0.01,0.01,0.033,0
"Netherlands",3720,208.7,4.27,15.31,10.784,12.22,27.26,86.81,4.474,0.67,5.912,0.88,0.5885,0,138.7,7.764,15.865,5.188,22.557,9.751,21.394,9.651,98.37,56.9,10.369,4.073,1.06,22.48,465.502,9.189,11.123,5.8,154.8,32.757,2193.6001,60.09,0,1726.6321,78.6636,2749.6997,474.7,16.6,122.39,0,20.83,43.86,130.7,58.39,59.0514,1812.6,10.9,5.35,208.1,235.95,17.956,16.85,105.12,1081.67,57.87,87.1,413.51,544.45,69.92,0,0.53,2.526,5.9,9.52,1.941,33.699,40.518,6.36,13.791,95.23,10.28,10.822,16.004,1.6605,12.965,4.572,224.373,784.3,98.682,2.584,2.33,0.0208,33.9,16.18,10.652,47.067,3.761,7.423,1.499,11.66,6.57,26.4,33.43,1.8282,1.279,8.718,100.8,9.5,9.2,0.5,12.039,0.06,4.045,1.3,12.26,61.22,40.47,60.4,47.435,290.4,69.62,284.17,225.89,95.37,83.15,59.67,78.8,3614.0999,60.9771,53.24,885.7,7.65,657.09,108.9,1.72,2.3,125.6,0.79,233.9,0.13,187.5,853.2,172.47,0,67.81,59.17,8.339,12.547,0,0.24,398.43,0.11,2.09,19.05,177.8,67.88,74.86,28.9,152.01,6.769,31.2,3.888,1.3,3.069,0.27
"Belgium",1959.8132,246.6623,22.7151,27.9755,6.035,14.2603,2.3719,2.9267,1.5207,0,0.7078,0.1052,0.6504,0,76.7054,0.0861,1.7216,1.5207,5.0308,4.0744,3.4814,8.7417,10.0807,113.4322,4.0648,7.441,4.1891,31.3421,183.9494,13.7821,1.1477,70.106,18.4877,11.6588,247.9058,0.6217,1726.6321,0,0,480.9868,820.4231,104.9582,107.5979,749.56,64.9892,6.4942,208.5966,58.0455,81.7648,702.3041,14.5855,1.3294,104.4035,152.5978,8.5983,29.0562,42.1497,305.6834,36.9659,22.763,169.6318,342.4485,14.4133,1.0521,1.1668,0.1722,0.6312,0.0096,32.4133,14.7959,27.5355,30.1657,3.5101,16.6036,14.7959,9.7173,66.969,4.4952,2.0181,9.2486,1.9511,60.0636,4.4187,40.7629,1.8937,71.732,728.8925,7.1923,17.0722,31.8873,1.9607,34.833,0.0669,7.7853,3.8927,14.662,3.0988,7.9766,18.6216,0.8321,87.8956,0.5739,9.2869,0.3826,9.9851,0.0765,3.051,1.6259,57.9977,311.0873,19.798,60.0636,30.3091,105.4938,76.2654,318.6812,92.5534,122.4417,100.1761,43.7948,92.0082,3741.9219,7.5271,8.7322,23.815,1.9511,42.3697,105.7807,7.9957,1.8172,36.9181,9,0,5.1551,170.9134,1085.7354,319.9055,0,36.3251,7.5558,1.5303,0.3921,9.6312,0.1722,12.9883,0.2104,0.0096,5.0499,26.9999,17.6939,10.5589,0.6695,20.8597,5.7003,39.3283,0.0478,0,0.0287,0.0478
"Luxembourg",89.2868,11.2377,1.0349,1.2745,0.275,0.6497,0.1081,0.1333,0.0693,0,0.0322,0.0048,0.0296,0,3.4946,0.0039,0.0784,0.0693,0.2292,0.1856,0.1586,0.3983,0.4593,5.1678,0.1852,0.339,0.1909,1.4279,8.3805,0.6279,0.0523,3.194,0.8423,0.5312,11.2943,0.0283,78.6636,0,0,21.9132,37.3775,4.7818,4.902,34.1487,2.9608,0.2959,9.5034,2.6445,3.7251,31.9962,0.6645,0.0606,4.7565,6.9522,0.3917,1.3238,1.9203,13.9266,1.6841,1.0371,7.7282,15.6016,0.6567,0.0479,0.0532,0.0078,0.0288,0.0004,1.4767,0.6741,1.2545,1.3743,0.1599,0.7564,0.6741,0.4427,3.051,0.2048,0.0919,0.4214,0.0889,2.7364,0.2013,1.8571,0.0863,3.268,33.2075,0.3277,0.7778,1.4527,0.0893,1.587,0.0031,0.3547,0.1773,0.668,0.1412,0.3634,0.8484,0.0379,4.0044,0.0261,9.0131,0.0174,0.4549,0.0035,0.139,0.0741,2.6423,14.1728,0.902,2.7364,1.3809,4.8062,3.4746,14.5188,4.2166,5.5783,4.5639,1.9952,4.1918,170.4778,0.3429,0.3978,1.085,0.0889,1.9303,4.8193,0.3643,0.0828,1.6819,9,0,0.2349,7.7866,49.4649,14.5745,0,1.6549,0.3442,0.0697,0.0179,9.0288,0.0078,0.5917,0.0096,0.0004,0.2301,1.2301,0.8061,0.4811,0.0305,0.9503,0.2597,1.7918,0.0022,0,0.0013,0.0022
"France",3713.1001,181,9.69,117,7.232,1.41,4.095,13.54,2.613,0.88,0.546,0.11,0.1648,0,145.2,0.691,14.732,7.172,10.918,12.191,0.794,1.401,45.78,159.9,14.595,9.76,19.03,16.8,544.55,23.132,10.09,17.3,88.62,0.112,1385.9004,87.15,2749.6997,480.9868,21.9132,0,1244,749.45,244.15,0,251.11,270.19,193.2,48.84,27.4279,585.8,17.98,11.32,468.16,5.62,48.109,86.12,2.94,1307.8401,167.16,643,740.49,55.9,4.001,0,0.58,0.765,2.73,7.24,55.667,214.446,95.258,21.4274,57.502,193.31,58.04,98.809,66.569,9.2295,17.474,78.742,185.883,103.9,20.186,21.582,13.33,113.5765,79.5,3.88,37.911,11.77,6.873,19.976,6.12,63.82,4.349,182.62,78.32,131.6827,2.356,5.069,97.7,0,1.2,4.8,105.005,13.79,17.884,2.8,428.86,259.97,487.1,20.4,52.645,21.8,132.5,872.7,665.77,108.97,370.58,133.71,27.4,10118.2,134.9537,16.2,193.3,3.16,716.99,1608.8,39.22,10.1,114.8,0.43,266.1,71,75.4,1571.8001,7.46,0,109.45,24.41,15.894,4.266,0,1.28,78.08,0.55,8.69,80.81,130.59,176.58,29.6,160.5,74.34,5.531,103.11,1.474,0.2,2.156,0.041
"Switzerland",224.7002,206.9,14.38,29.89,2.548,5.55,2.91,6.33,0.818,0.11,0.029,0,0.2222,0,205,1.658,4.104,16.502,0.904,4.432,16.05,135.01,53.27,106.2,0.686,1.014,52.44,36.58,176.494,7.599,9.969,138.5,103.72,1.806,1691.8,18.1,474.7,820.4231,37.3775,1244,0,174.33,127.92,0,92.1,144.19,151.7,98.64,383.5541,114,13.49,0.87,294.54,89.42,7.554,76.27,88.67,657.68,65.51,67.4,141.06,5.2,7.011,0,0.5,0.855,0.46,4.7,1.284,2.547,2.324,1.3,2.645,9.19,4.55,0.541,2.583,1.953,1.896,0.447,5.821,267.8,1.353,0.29,0,0.0131,115.2,3.1,26.838,5.95,0.829,2.194,1.0576,0.77,6.772,20.02,6.7,14.8,18.402,0.879,264.6,0.4,0.1,0,8.308,0.1,1.31,0.1,26.9,16.57,36.86,111.1,10.182,488.4,460.38,297.38,99.29,42.24,158.25,24.54,350.6,469.4,5.1073,1.43,67.5,16.55,21.54,227.6,6.53,9.7,102.8,2.69,16.3,7.08,18.6,371.1,40.01,0,31.85,11.27,5.918,2.665,0,0.4,36.6,0.11,0,0,31.49,137.75,26.32,75.9,160.17,1.039,21.69,0.332,0.2,7.127,0.1
"Spain",2791.2198,10.61,16.545,132.162,0.966,26.7,14.876,3.47,1.345,1.996,0.37,0.506,1.3963,0,1516.61,0.344,29.673,11.169,10.893,2.084,19.238,11.919,44.62,266.24,6.642,1.258,30.23,44.69,319.459,3.61,3.519,122.12,86.08,7.754,290.71,23.86,16.6,104.9582,4.7818,749.45,174.33,0,515.36,0,148.532,29.15,26.36,15.7,19.0763,165.07,9.33,1.757,132.92,9.45,15.861,22.501,84.46,63.682,38.32,43.02,36.09,25.26,24.623,0,0.295,3.122,19.065,2.055,0.565,17.294,4.599,79.8171,2.214,50.42,55.77,4.595,23.047,1.3674,19.205,2.172,29.549,138.49,137.56,3.948,3.838,79.7204,17.7,15.813,2.936,1.619,0.782,0.392,2.378,0.826,2.709,111.997,6.522,1.11,16.255,0.91,19.79,0.02,0.28,0.1,2.617,0.111,0.782,0.01,107.98,231.95,110.01,1077.3101,4.774,936.72,64.51,192.261,181.95,121.09,77.67,82.74,24.92,2945.53,4.4941,7.392,131.41,8.59,434,506.43,5.68,0.86,36.45,0.02,39.5,0.449,30.26,402.46,59.97,0,21.12,9.46,1.191,5.811,0,0.217,1.25,1.65,0.022,0.471,97.39,2.41,22.05,4.11,26.86,55.437,9.83,0.057,0.11,0.273,0
"Portugal",920.58,8.79,0.504,46.705,0.01,0.86,0.645,1.81,0.162,0,0.01,0,0.0396,0,40.87,0.096,1.071,0.548,2.273,0.057,0.064,0.797,21.33,155.44,0.833,3.474,0.46,9.26,74.899,0.62,22.176,11.02,43.13,7.021,126.51,1.73,122.39,107.5979,4.902,244.15,127.92,515.36,0,0,4.352,4.71,4.4,1.88,12.15,323.07,1.77,0.297,2.47,6.73,4.905,2.196,5.96,173.592,22.88,18.92,34.31,25.9,53.331,0,12.238,11.722,0.011,0.055,1.597,6.734,0,3.31,0.17,67.79,1.087,0.01,3.889,0.5022,0.176,0.88,6.59,221.35,5.127,4.446,13.98,22.8243,0.26,0.687,0.585,6.486,1.49,0.14,0.0574,0.011,0.47,234.576,18.307,0.72,13.578,1.114,7.89,9.07,0.06,9.15,2.7,6.63,0.154,0.02,6.13,41.3,1.53,1.19,3.555,188.44,58.25,351.55,3.81,10.41,6.449,2.71,52.37,483.78,0.4462,0.165,5.71,6.6,20.17,301.14,0.12,0,4.02,0.1,9.87,0.24,2.08,299.96,18.53,0,1.12,3.1,0.007,3.627,0,0,1.76,0,0,0.022,29.02,1.07,7.89,15.27,3.51,1.314,2.01,0,2.28,0.038,0
"German Federal Republic",0,0,0,0,0,0,0,0,0,0,0,0,0,0,0,0,0,0,0,0,0,0,0,0,0,0,0,0,0,0,0,0,0,0,0,0,0,749.56,34.1487,0,0,0,0,0,0,0,0,0,0,0,0,0,0,0,0,0,0,0,0,0,0,0,0,0,0,0,0,0,0,0,0,0,0,0,0,0,0,0,0,0,0,0,0,0,0,0,0,0,0,0,0,0,0,0,0,0,0,0,0,0,0,0,0,0,0,0,0,0,0,0,0,0,0,0,0,0,0,0,0,0,0,0,0,0,0,0,0,0,0,0,0,0,0,0,0,0,0,0,0,0,0,0,0,0,0,0,0,0,0,0,0,0,0,0,0,0,0,0,0
"German Democratic Republic",272.75,8.75,0,0,0,0.95,1.4246,0.33,0.0419,0,0.101,0,0.0185,0,4.13,0.04,0,0.2066,0,13.8584,11.8036,0.091,3.999,23.1,4.3374,0.204,19.599,31.387,63.866,0,9,5.28,22.311,6.1857,1.55,1.073,20.83,64.9892,2.9608,251.11,92.1,148.532,4.352,0,0,165.03,72.28,46.099,166.7273,23.18,0.703,0,52.35,22.73,1.8112,0,5.473,0,8.696,144.2,63.207,89.834,2.6713,0,0,0.366,0,0.503,0,1.1534,2.514,0,0.581,0,0,9.18,0.142,0.2972,12.263,0.003,4.715,16.3,0.02,0.028,0,0.1825,0,0,0.2944,2.0943,0.197,0.017,0.0066,0,4.031,9,0,18.7087,1.8087,9,0,0,0,0,10.2124,0,0,9,7.529,76.896,3.975,135.58,18.956,59,11.995,0,25.719,98.898,0,4.34,0,6.7,0.2087,0,12.5,0,10.35,0,9.01,13.2968,18.18,0,0,0,0.99,118.73,5.286,0,0.149,1.279,0.897,1.7396,0,0,13.203,0,9,0,5.298,0.752,5.11,4.63,13.279,2.8728,1.556,9,0,0.0056,9
"Poland",404.52,205.26,0,20.868,0.116,0,0.441,0.33,0.822,0,0.044,0,0.0163,0,7.2,0.002,0,0.07,0.036,0,0.421,0.872,10.17,6.9,0.001,0.122,1.75,10.06,437.366,0,11.083,0,20.39,0.368,163.01,18.69,43.86,6.4942,0.2959,270.19,144.19,29.15,4.71,0,165.03,0,169.39,198.99,2.0581,72.68,0.57,7.573,110.56,38.89,1.828,125.619,31.15,2361.521,155.21,106.61,15.22,52.33,6.57,0,9,9,9,0,0,2.448,0,0,0.04,1.94,0,9.107,1.412,1.5762,1.302,0.323,2.64,59.3,2.569,0.042,9,0.4427,0,0,2.051,3.222,0,0.004,0.014,0,2.29,33.913,0,1.6404,0.344,0,0,0,0,0,0.002,0,0.021,0,19.47,51.71,26.12,38.8,0.569,37.13,56.53,176.162,15.36,22.83,28.413,4.54,0,33.8,10.1476,0,22,0,9.41,4.2,23.64,0.327,8.43,9.63,0,11.86,0.3,112.6,38.95,0,18.3,5.36,0.087,6.097,0,0,12.72,0,9,3.937,9.47,4.9,1.92,18.4,76.86,2.386,6.47,0,0,0.148,9
"Austria",457.6,20.2,0.4,6.34,0.05,0.69,0.252,5.56,0.483,0,0,0,0.003,0,7.7,0.27,7.226,7.421,15.311,8.906,14.691,13.389,18.47,11.7,0.137,0.035,0.76,8.92,107.619,2.9,0.225,9.6,30.37,5.328,200.4,7.43,130.7,208.5966,9.5034,193.2,151.7,26.36,4.4,0,72.28,169.39,0,214.98,79.2727,98,7.31,2.26,404.24,32.77,19.001,85.77,106.41,767.97,71.92,13,104.26,47.98,4.203,0,0.5,0,0,0.44,0.1,2.463,3.141,0.1,0.324,17.23,2.65,0.073,0.216,0.323,3.448,1.1,4.723,39.1,0.242,0.019,1.8,0.1027,0.2,0.58,8.993,2.828,0.2,0.345,0.049,0.99,0.611,1.23,0.94,7.8645,12.153,0.602,16.7,0,9.6,9,0.9,0,0.47,1.4,5.97,67.14,38.69,143.2,14.279,242,18.71,175.58,6.94,66.56,30.85,24.29,10.8,632.3,6.9723,3.04,42.9,4.35,10.19,16.3,8.74,1.5,190,2.45,50.5,18.72,81.2,428.6,5.52,0,8.13,1.38,1.296,1.194,0,0.11,30.76,0,0,0.93,37.58,9.86,18.43,6.6,25.5,0.814,2.99,0,0,1.296,0
"Hungary",89.58,13.08,0,17.872,0.09,0.1,0.572,0.33,0.059,0,9.026,0,9.0063,0,2.8,0.068,0,0.225,0.077,0.881,0.143,0.044,25.43,2.5,0.041,0.098,12.55,7.73,240.233,0,9.094,0,3.51,3.991,125.43,1.04,58.39,58.0455,2.6445,48.84,98.64,15.7,1.88,0,46.099,198.99,214.98,0,443.9132,2.6,5.13,0.829,13.91,2.14,3.66,23.199,60.43,584.3479,8.22,42.93,2.7,6.09,0.13,0,0,0,0,0,0.117,1.416,9,0,0.127,29.74,0.033,9,0.321,4.5494,1.416,1.106,0.827,34.34,0.272,0.03,0,0.0114,0.3,0.022,1.156,0.615,0,3.066,0,0,3.829,0,0,0.0982,0.595,9,0,0,0,0,0,9,0.317,0,11.76,44.6,16.85,65.22,0.701,36.52,25.86,237.574,1.97,41.14,36.618,7.62,2.57,36,9.0767,0,23.67,0,9.55,0,0.1,0,7.27,2.34,0,0.904,2,107.12,5.81,0,26.85,3.92,0.001,0.367,0,0,4.51,0,0,30.681,23.37,8.81,0.23,0.1,13.46,9.18,1.26,0,0,0.031,9
"Czechoslovakia",105.4925,13.9002,0,39.7771,0.691,0.39,0.016,1.52,0.598,0,0.08,0,9.0722,0,2.8377,0.088,1.791,1.378,0.356,0.159,6.687,1.335,12.4781,18.3,0.017,0.316,0.89,1.35,184.6856,13.4079,0.662,0,15.0386,11.2368,169.8009,9.67,59.0514,81.7648,3.7251,27.4279,383.5541,19.0763,12.15,0,166.7273,2.0581,79.2727,443.9132,0,51.9493,0.82,10.9747,3.5319,9.1661,9.835,39.4227,78.3556,841.9257,37.8498,20.727,6.9471,19.0041,1.494,0,0,0.002,0,0.759,0,1.571,1.736,0,0.562,1.72,0,0,0.568,2.5178,1.53,0.376,0.963,56,0.144,0.011,0,0.0169,0.1,0,4.727,1.373,0.391,0.315,0.0015,0,4.769,0,0,5.0461,0.457,9,0,0,0,0,0,0,0.178,9,3.4757,45.41,2.7,23.9,2.938,12.2836,19.4703,0.8256,53.5465,59.2226,53.716,10.93,0,105.7,2.3327,0,16.7,0,1.24,6.3,0.01,13.7528,56.0572,7.3725,0,3.9613,1.7,63.4,42.2664,0,7.1731,2.8087,23.639,3.95,0,0,1.21,0,0,36.2385,38.3678,6.3,2.49,26.3658,17.9158,0.014,9.3851,9,0,0.847,9
"Italy",587.3999,234,71.42,10.04,10.913,14.45,2.547,211.83,4.021,0.88,0.385,0.24,0.4426,0,87.2,0.318,25.381,2.509,0.596,9.975,19.249,39.164,102.33,858.5,4.09,9.291,39.46,27.67,236.094,6.455,13.117,67.2,69.46,21.205,1140.2002,52.31,1812.6,702.3041,31.9962,585.8,114,165.07,323.07,0,23.18,72.68,98,2.6,51.9493,0,201.86,19.05,556.18,419.52,108.35,42.73,216.35,1659.52,7.25,98.2,123.71,302.3,4.08,0,0.3,1.889,6.32,1.8,0.328,23.573,14.184,55.6488,10.141,218.33,11.81,3.371,120.918,2.5163,18.467,1.784,45.297,210.1,52.06,4.082,2.29,178.4718,96,0.72,3.666,21.822,0.768,2.067,95.696,14.2,93.061,62.85,28.39,82.55,8.462,15.247,997.2,0.8,26,14.6,11.157,0.9,0.46,1.9,69.53,308.3199,78.34,802.6001,23.261,14.9,88.34,636.65,1447.77,233.03,474.28,183.74,188,5680.6001,85.1558,5.94,34.3,5.04,421.98,246.2,43.06,4.4,56.5,1.15,138.8,8.81,88.7,416.4,14.06,0,74.29,24.05,0.385,4.172,0.1,1.65,21.55,0.33,0.66,17.59,78.41,134.42,4.12,177.9,3.63,1.116,28.55,2.22,0,2.761,0
"Malta",50.09,0.41,0.04,0.05,0,0,0.163,0.01,0.001,0,0,0,0,0,0.02,0,0.94,0.198,0,0,0.02,0.006,0.36,0.03,0,0,0.52,0.02,8.46,0.1,0.02,0.07,3.18,0.045,75.93,6.07,10.9,14.5855,0.6645,17.98,13.49,9.33,1.77,0,0.703,0.57,7.31,5.13,0.82,201.86,0,12.8,1.92,6.1,2.088,0.08,0.42,2.85,2.53,2.7,0.44,10.56,0.027,0,0,0,0,0,0,0.01,0,0,0.059,3.15,0,0,0.02,3.1322,1.85,0,0.723,0.17,0,0.001,0,0,0.47,0,0.04,0.05,0,0,2.7674,0.033,0,0.74,0,0,0.006,0.16,0.27,0,0,9,0.02,0,0.015,0,0.04,0.4,0.13,54.91,1.711,0.25,0.43,2.202,0.16,0.02,0.055,0.1,0.02,4.5,0.18,0,0.72,0.8,0.77,0.94,0.13,0.17,3.05,0,2.92,9.13,0.43,44.82,6.85,0,0.99,0.01,0.01,0.112,0,0,0.26,0,0,0,0.93,2.67,0.41,4.77,5.17,0,2.74,0,0,0,0
"Albania",2.21,0,0,0,0,9,0,0,0,0,0,0,9,0,0,0,9,0.013,0,9,3.575,9.014,0.044,9,0,0,9,0,9.792,0,0,0,9,0,6.06,0.03,5.35,1.3294,0.0606,11.32,0.87,1.757,0.297,0,0,7.573,2.26,0.829,10.9747,19.05,12.8,0,22.609,7.902,9,0,7.646,0,0.034,12.77,2.421,0.155,0,0,0,0,0,0,0,9,9,0,0,9,0,0,9,0,0,0,0.015,9,0,0,0,0,0,0,0,0,9,9.001,0,0,0,0,0,0.0064,0,0,9,0,0,0,0,0,9.022,0,0,0.449,0,10.7,0.582,9,1.842,0,0.566,0,0,0,0,15.1,9,0,0,9,9,0,0,0,0.11,0,0,0,0,2.85,9,0,0.14,0.056,0,0,0,0,0.01,0,9,0,0,9,0,0,1.68,0.1177,9,0,0,0,0
