"","United States of America","Canada","Bahamas","Cuba","Haiti","Dominican Republic","Jamaica","Trinidad and Tobago","Barbados","Dominica","Grenada","St. Lucia","St. Vincent and the Grenadines","Antigua & Barbuda","St. Kitts and Nevis","Mexico","Belize","Guatemala","Honduras","El Salvador","Nicaragua","Costa Rica","Panama","Colombia","Venezuela","Guyana","Suriname","Ecuador","Peru","Brazil","Bolivia","Paraguay","Chile","Argentina","Uruguay","United Kingdom","Ireland","Netherlands","Belgium","Luxembourg","France","Monaco","Liechtenstein","Switzerland","Spain","Andorra","Portugal","Germany","Poland","Austria","Hungary","Czech Republic","Slovakia","Italy","San Marino","Malta","Albania","Macedonia","Croatia","Yugoslavia","Bosnia and Herzegovina","Slovenia","Greece","Cyprus","Bulgaria","Moldova","Romania","Russia","Estonia","Latvia","Lithuania","Ukraine","Belarus","Armenia","Georgia","Azerbaijan","Finland","Sweden","Norway","Denmark","Iceland","Cape Verde","Sao Tome and Principe","Guinea-Bissau","Equatorial Guinea","Gambia","Mali","Senegal","Benin","Mauritania","Niger","Ivory Coast","Guinea","Burkina Faso","Liberia","Sierra Leone","Ghana","Togo","Cameroon","Nigeria","Gabon","Central African Republic","Chad","Congo","Democratic Republic of the Congo","Uganda","Kenya","Tanzania","Burundi","Rwanda","Somalia","Djibouti","Ethiopia","Eritrea","Angola","Mozambique","Zambia","Zimbabwe","Malawi","South Africa","Namibia","Lesotho","Botswana","Swaziland","Madagascar","Comoros","Mauritius","Seychelles","Morocco","Algeria","Tunisia","Libya","Sudan","Iran","Turkey","Iraq","Egypt","Syria","Lebanon","Jordan","Israel","Saudi Arabia","Yemen","Kuwait","Bahrain","Qatar","United Arab Emirates","Oman","Afghanistan","Turkmenistan","Tajikistan","Kyrgyzstan","Uzbekistan","Kazakhstan","China","Mongolia","Taiwan","North Korea","South Korea","Japan","India","Bhutan","Pakistan","Bangladesh","Myanmar","Sri Lanka","Maldives","Nepal","Thailand","Cambodia","Laos","Vietnam","Malaysia","Singapore","Brunei","Philippines","Indonesia","Australia","Papua New Guinea","New Zealand","Vanuatu","Solomon Islands","Fiji","Marshall Islands","Palau","Federated States of Micronesia","Samoa"
"United States of America",0,26296.45,1293.267,10.12,352.68,281.7173,779.44,353.6898,408.5498,46.2604,63.7697,95.3258,66.4638,79.9,29.79,3232.563,65.7385,391.4503,1405.8,160.8156,69,939.4637,714.5328,396.1567,8262.1,26.36,112,903.9195,998.4837,5628.524,213.426,620.3699,1705.3999,3688.0142,193.125,7622.957,110.7373,7899.9251,3941.19,276.6736,1983.196,0,0,2338.4316,2861.6997,0,63.55,10408.347,1165.2581,985.8882,310.568,503.2472,222.6547,9802.408,0,24.121,11.5055,71.2464,179.37,0,103.63,4.143,425.8933,683.4163,56.591,14.3948,11.9,462.2261,78.8,98.737,74.0595,181.2,67.864,109.6866,115.576,15.8375,315.8151,3629.0405,1544.5437,17.9558,48.1563,0,14.1,2.76,18.81,13.9842,24.72,51.0853,36.6255,19.72,25.2547,145.9612,81.0611,21.4474,41.98,1.54,186.33,7.8767,49.336,5822.0802,2256.13,2.57,0.52,418.97,262.4,0.36,120.4617,38.0218,12.1193,34.5,3.09,8.14,19.0547,14.8,2657.12,7.6,27.5534,19.0854,68.43,383.8999,39.9,87.1,18,42.2,40.4304,2.4886,187.616,4.6026,184.7624,1724.2983,227.3828,0,28.24,37.7,2100.1021,226.9,1024.9289,230.6305,604.765,361.7415,2014.8003,3961.269,115.6882,874.1466,319.76,151.4506,1625.1,142.554,1.34,85.7299,5.45,37.267,217.22,82.7,49541.904,7.84,13330.401,2.75,6195.201,48291.222,4002.75,0.5,157.5673,1495.5698,101.4,1524.1,16.2395,111.2,4385.6242,82.67,14.62,160.97,5277.164,2016.803,257.62,3172.9456,4309.9082,10142.7949,58.77,859.125,1.75,1.11,43.8628,0,0,0,7.49
"Canada",26296.45,0,4.365,14.3166,13.7963,15.552,139.1077,59.0968,28.1208,1.659,3.9365,8.2632,5.0531,5.6028,1.4904,3300.3181,2.2732,53.8372,30.5928,14.1193,11.9791,88.0525,4.8145,223.145,486.8003,149.2216,14.1718,58.516,144.474,564.5204,4.3047,6.2847,174.7095,245.044,23.9551,903.0864,298.4947,29.7118,401.6037,8.9897,2384.6459,0,0,438.1538,81.7535,0,56.6103,1316.0439,62.7877,76.167,29.5629,5.8062,2.0132,690.1309,0,57.2558,0.4004,0.4852,40.5726,0,0.4405,0.396,47.228,10.4638,54.0286,1.0539,41.7914,161.2271,6.2635,6.927,7.2993,16.5259,7.7202,6.5225,0.5903,0.4706,324.2031,762.3392,1969.0363,160.0937,38.978,0,0.0093,0.1145,0.0745,0.0609,3.739,13.2561,2.8483,0.393,1.151,37.6533,17.5638,2.4262,1.1587,6.4809,33.0343,34.8969,1.2846,363.4823,7.4511,0.0337,0.1711,3.6393,2.1597,2.1304,14.4916,12.5136,0.0701,2.8198,0.7809,0.5742,3.3135,0,8.3239,15.2716,14.0546,9.3899,3.6531,138.4476,12.4624,6.1777,23.9174,4.1766,2.6711,0.0002,9.2479,1.1837,116.821,4.7086,52.7676,164.7968,10.563,209.2619,156.8787,103.0559,77.4894,15.2231,55.1141,15.4539,44.947,78.2706,11.431,137.4031,6.7342,13.4611,137.043,15.7664,0.3612,0.1917,0.5518,0.4091,3.5594,24.0157,2981.7887,0.97,1621.7774,3.9485,359.2715,116.7686,193.9962,0.0461,57.4907,4.1091,13.2715,10.7171,3.7468,2.7199,514.3648,0.9917,6.0668,81.2799,958.3323,240.7151,8.9376,229.9256,40.1908,87.6498,17.4596,8.1926,0.1063,0.0163,5.9873,0,0,0,0.6276
"Bahamas",1293.267,4.365,0,0.148,0.0446,0.6586,0.3003,1.0518,0.9147,0,0.0955,0.0303,2.1974,0.039,0.0112,2.2051,0.023,0.1987,0.077,2.0492,0.01,0.094,3.1283,0.3533,5.0186,0.0055,0.3,3.4439,0.3133,7.9019,0.0018,0.0304,0.124,0.094,0.186,80.9926,2.1281,0.1601,4.3754,0.0027,29.1299,0,0,39.2505,60.8683,0,0.053,9.1153,4.106,0.3437,0.013,0.5618,0.1093,4.051,0,0.11,9,0.3976,0.13,0,0,0.105,11.4942,0.0484,0.019,0.2173,0.6,1.827,0.4,0.9442,2.1217,1.3,0.598,0,10.037,0,0.0765,0.0909,112.1528,45.183,0.8703,0,0,9,0,0,9,0.0002,0.1067,0,9,0,0,0,0.01,0,0,9,0,0,0.002,0,0,0,0,0,0,0.011,0,0,0,0,9,0,0,0,0,0.0472,0,0.162,0,0,0,0,0,0,0,0,0,0.2837,0.001,0,0,0.002,0.359,0,0.4033,0,0.016,0,0.255,0,0,0,0,9,0,9.001,0,0,9.095,0.002,0,5.1,0.937,0,0.053,0.093,1.438,2.9603,0.491,0,0.4853,0.1231,0,0,9,0,0.0798,0,0,0.124,0.1057,40.7584,0,0.451,0.2901,3.2467,9,0.3589,9,0,0,0,0,0,0.005
"Cuba",10.12,14.3166,0.148,0,0.0001,32.6547,0.0091,25.2104,0.0587,0,0.0777,0.003,0.0002,0,9,0,0,0,0,0.0318,0.64,1.9306,3.149,6.5211,19.1374,9.8167,0.2,4.1782,0.4576,31.262,2.1887,0.2264,17.899,126.278,0.9082,10.1692,1.8192,209.1146,31.5946,0.0057,176.9939,0,0,2.9946,398.2067,0,25.326,35.1259,0.9999,7.2891,0.0512,6.1541,4.2926,114.6383,0,0.0298,0,0.1122,0.07,0,0,0.323,0.5474,0.8403,3.4783,1.1785,4.94,38.8425,0,4.2282,2.217,11.29,78.248,0,9,0.659,1.0973,15.9007,2.9929,7.6614,0.0086,0,0,1.9308,0,0,0,0.0725,9.0019,0.0139,0,0,9.0117,9,0,9,0.7602,0.0002,0,0.5364,0.0011,0,0,0,9,0,0,0.0005,0,9,0,0,0.0402,0,9,0.77,0.0142,0.0002,0,22.2246,0,0,0,0,0.0019,9,0,0,0.0296,3.9001,6.9686,44.4473,0,57.3,0.0012,0,75.3337,8.7483,1.8195,0.715,0,0,0.0251,0.1398,0.5146,9,1,0.0189,0,0,0,0,0,20.41,72.2422,0,20.0315,0,0,85.2192,4.5986,0,0,11.4092,9,0,0,0,2.0713,9.01,0,10.1997,0.0462,1.505,9,0.5091,6.7198,1.7366,9,28.7741,0,0,0,0,0,0,0
"Haiti",352.68,13.7963,0.0446,0.0001,0,39.5354,2.0444,6.7501,0.2629,0,0.0082,0.0109,0.1077,0,0.0019,9.5524,0,11.5223,0,1.3231,0,5.6345,1.5024,27.9846,24.8162,0,1.815,1.0624,0.5423,10.5578,0,0,5.104,0,2.0713,14.4843,0.6811,18.041,7.8286,0.0784,29.4932,0,0,0.1599,6.7579,0,0.1846,20.2382,0.3123,0.879,0.0295,0.3159,0,0.8316,0,0,9,0,0.0486,0,0,0,0.0823,0.0341,0.0012,0,1.21,0,0.11,9,0.0007,2.75,0,0,0,0,0.4942,0.5501,1.7658,1.7545,0,0,0,0,0,0,9,0.0249,0.0011,9.0105,9.0137,0,0.0001,0,0,9,0,0,0,0,0.0276,9,0,0,0,0,9,0,0,9,0,9,9,0,0,0,0,0.4923,0,0,0,0,0,0,0.0514,9,0,0,0.0212,0.0978,0.1582,0,0,0,1.0725,0,0.0009,0,0.002,0,4.5086,0,9,0.0275,0,0,0,9.0485,0,0,0,0,0,0,7.941,0,12.2386,0,14.5165,42.2357,1.9289,0,0.3135,0,0,0,0,9,0.8893,0,0,0.2393,19.2176,0,0,4.1698,2.7143,0.0317,0,0.0729,9,0,0,0,0,0,9
"Dominican Republic",281.7173,15.552,0.6586,32.6547,39.5354,0,13.5204,37.5715,4.2823,0.5473,0.0206,0.8773,0.2597,0.2196,0.7212,334.2522,0.0304,21.0556,9.7,6.5351,7.9,11.7282,127.791,53.658,889.0041,0.2047,0.23,6.2345,6.5341,30.4612,0.4362,0.0923,18.76,0.6846,0.4553,9.4867,4.6314,28.1215,17.8751,0.452,1.9453,0,0,2.7212,78.1445,0,0.6606,18.5704,3.375,2.3558,0.319,1.2134,1.4804,24.9204,0,0.0081,10.0871,0,0,0,0,0.109,0.1113,0.0873,0.4748,9.0023,0.5,0.415,0,0.0225,0.1208,0.2,0.097,0,9,0,14.779,3.7396,15.2023,54.9318,0.1948,0,0.439,9.2924,0,9,9.011,0,0.017,9.0075,0,0.0109,0,9,3.3068,0.0166,0.0466,0.5054,0.1216,0.0659,9,0,9.2644,0.0033,9,9.0073,0,0.0621,9,9.0275,9,9,9,0,9,0,0,0.0221,9,0.6182,9.1605,9.1766,0.022,0.0687,0.0912,9.004,0.0014,9,5.9457,2.2865,1.0196,0.1719,9,0,8.4973,0.2342,0.0229,0.1207,0.1776,0.0037,5.8168,0.0645,0.0142,1.2463,0.0898,0,0.0058,0,0.0221,0,0,0,0,0,68.6687,9.23,84.5155,0,33.1117,179.1964,2.4856,0.0313,5.4007,0.0041,0.0362,7.0608,9,9,5.4545,0.0007,9.0794,0.5922,0.6524,0.3141,0,0.1559,10.8042,0.5568,0,9.5355,9,0,0,0,0,0,9
"Jamaica",779.44,139.1077,0.3003,0.0091,2.0444,13.5204,0,213.6195,10.4331,10.6011,1.2085,3.2685,0.2045,6.4084,4.2784,98.3202,0.1379,9.2024,0,0.8793,0,15.8011,0.5467,9.3627,72.6839,2.908,2.654,2.1207,0.4906,31.9176,0.1037,0.0682,1.965,0,2.5547,121.4834,4.096,45.9409,14.8902,0.4494,76.5926,0,0,9.0887,12.5716,0,0.144,91.2488,1.9214,0.1502,1.9323,0.4123,1.2848,8.5927,0,0.0062,0,0,0,0,0,0.1648,0.0352,0.0512,0.0368,9,0,55.0204,0.1,0.0137,0.0271,0,0.007,0,9.001,0,1.0313,18.0435,108.9674,2.8058,0.0236,0,0,9,0.001,0,0,0.001,0,0,9.036,0,0.0066,9,0,0.0045,94.8371,0.0104,0.0033,0.1421,0,9.0024,0.0322,0,0,0.001,0.0474,0.2622,0,9,0,0,0,0,0,0,0.011,0.0745,0,2.4826,0,0,0,0.0541,0.0013,0,0,0,0,0.0188,0.5677,0,0,0,14.5934,0,0.0104,0,0.022,0.0838,13.97,0,0,0.0642,0.046,0,0,0.0847,0,0,0,0,0,0,34.8664,0,15.8021,0,22.56,114.1669,1.152,0,0.2241,0.109,0,0,0,9,7.5472,0,0,0.002,2.1848,2.299,0,0.0854,2.8517,7.2691,0,20.5744,0.0323,0,0,0,0,0,0
"Trinidad and Tobago",353.6898,59.0968,1.0518,25.2104,6.7501,37.5715,213.6195,0,74.9599,16.0435,34.6181,35.5871,24.4636,15.1746,20.0017,29.0881,2.1557,7.3861,1.8554,0.8009,11.1652,9.3085,13.0878,60.5585,206.8384,106.5705,41.9415,10.7967,0.4027,50.9496,0.0358,0.0694,1.1318,5.9634,1.9359,44.7319,14.8938,2.7757,8.3193,2.9344,162.3624,0,0,10.4216,61.5847,0,3.4847,53.5189,5.5202,7.4389,0.1369,1.3681,2.1051,30.8346,0,0.0017,0.0026,0,0,0,0,0.034,0.0169,0.198,0.1259,0,0.3207,3.3825,0,10.0335,0,0,0,9,0,9,7.6893,5.5371,2.65,6.0145,0.0142,0,0.0582,0,0,0.0011,0,0.5035,0.0197,0,0.0103,1.4225,0.0009,1.0551,0.0154,0.0011,0.0744,0.0348,0.0001,0.5989,0.0055,0,0.0474,0,0,0,0.0496,0.0356,9,0,0,9,0,0,0,0,0,0.0338,0.1621,4.2474,0.0003,0,0,0.0095,0.0004,0,0.0003,0.0029,0.2703,0.0017,0.0498,0,0.0001,0.0899,1.9093,0,0.1146,0.0035,0.0115,0.0597,1.8742,0.2058,0,0.0411,0.0305,0.0247,0.0275,0,0,0,0,9,9,9,33.5996,0,18.4546,1.7575,33.6041,102.7551,7.9772,9,2.1854,0.0156,0.0047,0.2627,0,0.0038,4.8274,0.0002,0,0.0584,4.3778,2.315,0,0.3871,3.042,8.8255,0,8.7628,0.0044,9.0001,0.0025,0,0,0,0
"Barbados",408.5498,28.1208,0.9147,0.0587,0.2629,4.2823,10.4331,74.9599,0,2.6146,3.8435,8.0921,3.3498,8.5029,4.9695,9.8196,1.501,3.829,1.0245,0.2861,0.0002,1.0876,1.1876,2.3902,21.0095,0.4835,4.4752,0.3374,0.2735,17.1033,0.0357,0.0001,59.036,1.0498,0.365,29.7808,1.7709,5.767,6.2668,0.2132,7.3194,0,0,5.042,2.0013,0,0.1578,1.6116,0.4302,0.9172,0.0851,0.4372,0.1856,7.9841,0,0.0027,0,0.0003,0,0,0,0.0101,0.4998,0.0317,0.1034,9,0.1082,0.0317,3.6579,0,0,0.0106,0.0037,9,0.0018,0,2.399,1.765,4.4446,3.6519,0.0195,0,0,0,0,0.0059,0.0078,0.2957,0,9,0.0004,0.005,0.0028,9,0,0.0455,0.0084,0,0.006,0.0009,0.0239,0,0,0,0,0,0.0024,0.0026,0.0003,9.0005,0,0,0,0,0,0,0.0018,0.0696,0.046,0.5764,0.0228,9,0,0.0155,0.0051,0,0.1365,0.0031,0.0025,1.657,0.0583,0,0.01,0.1238,0.71,0,0.0869,0,0.001,9.0857,0.3526,0.0699,0,0,0.0037,0,0.0022,0,0.0008,0,0,0.0811,9.0001,0,12.355,0.0009,6.6181,0.017,6.5514,66.9763,1.0398,9,0.2001,0.0179,0,0.2525,9,0.0004,2.0184,0,0,0.2094,1.0463,0.7003,0,0.2483,2.5885,3.6097,0,12.9907,0,0,0.0218,0,0,0,9
"Dominica",46.2604,1.659,0,0,0,0.5473,10.6011,16.0435,2.6146,0,0.7753,0.0862,1.9051,3.1489,1.2903,0.4261,0.1165,0,0,0,0,1.4972,0,0.2473,0.6398,1.9849,0.12,0.5192,0.0465,1.0622,0,9,1.3,0,0,18.585,0.0056,0.2837,0.9397,0,0.8711,0,0,0.388,0.217,0,0,0.6873,0.005,0.292,0.007,0.033,0.0563,1.4713,0,0.4384,0,0.0819,0,0,0,0.001,0.0186,0,0,0,0,0,0,0.0069,0,0.2,0.001,0,0,0,0.1798,0.0786,0.5089,0.6349,0,0,0,0,0,0,9,0,0.0918,0,0,0,0.0035,0,9,9,0,9.0278,0,0,0,0,0,0,0,0,0,0.0515,0,0,0,0,0,0,0,0,0,0.4005,0,0,0,0,0,0,0,0,0,9,0,0,0.0696,0,0,0,0.057,0,0.1082,0,1.764,0,0,0,0,9.0518,9.0002,0,0,0,0,0,0,0,0,0.1,1.2672,0,0,0,13.2,3.8293,3.65,0,0,0.608,0,0,9,0,0.201,0,0,0.172,3.0727,0,0,0.098,1.3013,0.2348,9,0.0224,9,0,0.0447,0,0,0,9
"Grenada",63.7697,3.9365,0.0955,0.0777,0.0082,0.0206,1.2085,34.6181,3.8435,0.7753,0,3.6453,0.7795,0.3476,0.1344,0.7186,0.0005,9.1102,2.5673,0.022,0,0.0134,0.215,0.5415,0.1425,1.4771,0.1312,9.0129,0.0201,1.0482,0,0,0.0156,0.3179,0.01,14.0151,0.5307,1.0318,0.2647,0.0002,0.7204,0,0,0.4785,0.046,0,0.0496,2.6926,0.0065,0.0361,0.0558,0,0.0024,0.4685,0,0.0014,0,0.0636,0.01,0,0,0.225,0.0038,0.0198,0.001,9,0.0479,0,0,0,0.0334,0.1473,0.103,0,9,0,0.5031,0.1399,0.8867,1.0388,0.0074,0,9,0,0,0,9.0068,0.0048,0.0005,0,0.0009,0,0.0039,0,9,9.0032,0,0,0,9.0017,9,0.0001,9.0006,0,0,9,9,0.0782,9,9,0,0,0,0,9,9,0,0.0308,9,0.0831,9.0029,9,0,0.0189,0.0116,0,0,9,9.0162,0.0611,0.0005,0,9,9.0003,0.0561,9,0.0011,0.0056,0.001,0,0.0145,0.0251,0,9.0008,9.0048,0,9,0.0007,9,0,0,9,0,0,1.2825,0,1.0291,9.0475,1.6751,8.7735,0.1224,9,9.004,0.0784,0,0.0024,9,0,0.2915,9,9,0.002,0.151,9.0692,9,0.0014,0.1886,0.0512,0,1.1019,0,9.0006,0,0,0,0,9.0003
"St. Lucia",95.3258,8.2632,0.0303,0.003,0.0109,0.8773,3.2685,35.5871,8.0921,0.0862,3.6453,0,6.0609,0.0353,0.1366,1.2906,0.0952,0.1436,2.3883,0.0459,0,0.1789,0.8329,2.8611,1.9633,2.7337,0.3574,0.0472,0.0008,2.1778,0.0181,9,0.1923,0.5331,0,25.0629,0.2822,3.0924,0.9299,0.0174,5.904,0,0,1.1168,0.0209,0,0.0519,2.3049,0.1239,0.0575,0.0702,0,0.0142,2.2671,0,0.0001,0,0,0,0,0,0,0.0533,0.0076,0.0088,0,0.1064,9,0,9,0,0.0082,0,0,0,0,11.4055,0.9398,0.2869,0.6181,0.0003,0,0,0,0,0.0023,0.0002,0.0003,9.0192,0.0008,0,0,0,0,0.0096,0,0,0,0.0056,0.0293,0,0,0,0,0,0,0.0006,0.0001,0,0.0002,0,0,0,0,0,0,0,0,0.0011,0.0487,0,0,0.0021,0.0123,0.0009,0,0,0,0.0006,0,0.0002,0,0.0001,0.0059,0.034,0,0.0034,0,0.008,0.0141,0.0274,0,0,9,0,0,0,0.0001,0.0165,0,0,0,0,0,3.8903,0,1.4815,0.2633,0.8962,14.649,0.41,0,0.044,0.0233,0.0453,0.1322,9,0,1.425,0,0,0.0071,0.3429,0.2728,0,0.0045,0.6707,0.8641,0,2.0978,0,0,0,0,0,0,0
"St. Vincent and the Grenadines",66.4638,5.0531,2.1974,0.0002,0.1077,0.2597,0.2045,24.4636,3.3498,1.9051,0.7795,6.0609,0,2.8587,2.3625,1.3966,0.2894,0.4761,0.4234,0.0033,0,0.0243,0.4885,1.488,1.4491,0.2736,0.0274,0,0.0175,2.6432,0,0,0.0154,0.0525,0,8.634,0.4801,2.121,0.6085,0.0842,50.964,0,0,0.0432,5.5847,0,0.0234,14.9058,0.055,0.0161,0.1052,0.0268,0.0005,3.3742,0,0,9,0,0,0,0,0,0.8083,0.0005,0.0346,0,0.0265,22.761,0.1,0.1542,0.488,0,0.071,0,0,0,0.0247,0.3168,7.8133,0.5237,0.0021,0,0,9,0,0.0004,0.0141,0.0178,0,0,0,0,0.0008,0,9,0.0038,0,0,0,0,0,9,0,0,0,0,0,0.0051,0,9,0,0,9,0,9,9,9,0.0807,0.0022,0.0619,0,0,9,0,0,0,0,9,0.0063,0.018,0.0477,0,0,9,0.0071,0,0.0123,9,0,0,0.0119,0.0013,9,0.0051,0,0,0,0,0.0006,0,0,0,0,0,1.1796,0,0.8446,0,0.4519,2.8339,0.1182,9,0.011,0,0,0.0185,0,0,0.1488,0,0,0,0.1072,0.0398,0,0.0024,0.1285,2.3028,0,0.0567,0,9,9,0,0,0,0
"Antigua & Barbuda",79.9,5.6028,0.039,0,0,0.2196,6.4084,15.1746,8.5029,3.1489,0.3476,0.0353,2.8587,0,0,0,0.1315,9,0,9,0,0.0757,0,0.1607,0.1776,2.1533,0.71,3.1664,0.0033,1.1108,0.0222,9,0.01,0,9,64.9278,0.2466,1.0084,0.1521,0,8.354,0,0,1.5858,7.7584,0,0,14.6097,4.261,0.0115,0.427,0.1074,0.0071,4.7382,0,0.0158,0,0,0,0,0,0,2.4773,0,0.013,0,0,9,0.2,0.0157,0.1243,0,0,0,0,0,0.2924,0.943,1.1027,1.7431,0,0,0,0,0,0,0,0,9,0,0,0,0.001,0,0,9,0.0067,0,0,0.116,0,0,0,0,0,0,0,0.0795,0,0,0,0,0,0,0,0,0,0.5671,0,0,0,0,0,0,0.0091,0,0,0,0,0,0.3224,0,0,0,0.037,0,0.0196,0,0.229,0,0,0,0,0,9.0008,0,0,0,0,0,0,0,0,0,0.064,0,0,0,2.4,0,0.5,0,0,2.3299,0,0,9,0,0,0,0,0,1.2437,5.949,0,0.0815,2.2269,0.0165,0,0.1728,0,0,0,0,0,0,0
"St. Kitts and Nevis",29.79,1.4904,0.0112,9,0.0019,0.7212,4.2784,20.0017,4.9695,1.2903,0.1344,0.1366,2.3625,0,0,0,0,0,0,0,9,0.055,0,0.0064,0.0732,0.7016,0,0,0,0.1606,0,9,0,0,0,12.6161,0.0444,0.419,0.0662,0.0243,4.1271,0,0,0.0318,0.1226,0,0,0.0415,0.0259,0.001,9,0,0.0038,0.8391,0,0,0,0,0.0028,0,0,0,0.2498,0,0,0,0,0,0,0.0173,0,0.9,0.0738,0,7.2512,1.8445,0.003,0.0485,0.5598,0.5824,9,0,0,0,0,0,0,0,9.0257,0,0,0,0.001,0,0,0,0,9,0,0,0,0,0,0,0,0,0,0.0057,0,0,0,0,0,0,0,0,0,0.031,0,0.4651,0,0,0,0,0,0,9,0,0,9.0058,0,0,0,0,0.025,0,0,0,0.0091,0,9.7,0,0,0,9,0,0,0,0,0,0,0,0,0,0.1969,0,0.759,9,0.2761,5.4133,0.0413,0,0,9,0,0,0,0,0,9.11,0,9,0.0033,0,0,0.0033,0.1116,17.801,0,0.0912,0,0,0,0,0,0,0
"Mexico",3232.563,3300.3181,2.2051,0,9.5524,334.2522,98.3202,29.0881,9.8196,0.4261,0.7186,1.2906,1.3966,0,0,0,34.0188,389.2461,108.1721,208.812,70.7105,193.9108,126.11,457.2361,69.68,0.5885,1.72,82.4949,125.851,348.1973,26.2271,14.9576,666.6265,340.0246,13.7083,282.7146,212.9571,34.1185,20.3757,13.9524,790.6605,0,0,568.6545,20.9152,0,64.5382,3555.4227,4.9688,97.3984,11.9653,4.4465,0.1381,1162.4646,0,0.7189,0,0.7864,0,0,0,1.924,12.2142,1.7591,8.5345,9.7991,19.4087,20.717,0.4,0.2189,0.3245,21.7,0.792,0,13.902,9.2279,86.3937,343.8213,9.2041,60.8668,1.2708,0,0,0,0,0,0,0.5317,0.001,0,0.5071,0.4657,0.0378,0.2422,5.6254,0,0,1.411,2.3661,0.22,0,0,0,0.4136,0.1386,0,3.1391,5.6287,0,0,0,0,0.1174,0,0,0.0276,0.1308,0.3926,0,0,9,0,0,0,0.0858,0,0,0.0199,66.2688,36.554,3.6603,4.9203,0,45.4336,16.3913,0.2189,20.8285,0,4.9747,2.6952,116.2221,43.1796,1.3754,67.1345,0,0,50,2.2486,0,0,0,0,0,0.7,1188.4494,0,1207.4311,0,1670.9252,3157.4133,154.1474,0,17.1065,2.1637,0,12.3687,0,0.1,214.874,0.01,0,20.943,715.1802,4.5512,0,261.6587,266.2233,27.3397,0,124.2647,0,0,0.2804,0,0,0,0
"Belize",65.7385,2.2732,0.023,0,0,0.0304,0.1379,2.1557,1.501,0.1165,0.0005,0.0952,0.2894,0.1315,0,34.0188,0,6.1269,0.327,2.2278,0.051,0.3569,1.023,1.2858,1.583,0.516,0.0225,0.2275,0,1.0101,0.0004,0,0.86,2.7125,0.158,44.0103,4.3715,2.059,0.1381,0,8.2057,0,0,1.2183,16.2135,0,0.0415,3.043,0.321,0.0564,0.001,0.0877,0.1574,1.527,0,0.1994,0,0,0,0,0,0.096,0.6966,0,0.006,0,0.1,0,0.2,0.1321,0.0576,0.4,0,0,0,0,0.0002,0.2825,0.009,1.992,0,0,0,0,0,0,0,0,0,0,0,0,0.2623,0,0,0,0,0.0052,0,0,0,9,0,0,0,0,0,1.8669,0,0,0,9,0,0,0,0,0,0.0223,0,0,0,0,0,0,0.0305,0,0,9,0,0.0002,0.0015,0,9,0,1.169,0,0,0,0.127,0,0.0655,0,0,0,0,0,0,0,0,0,0,9,0,0,1.2555,0,1.5675,0,1.5095,37.556,0.0965,0,0.1148,0.0776,9,0.0195,0,0,0.1995,0,0,0.144,0.0669,0.0005,9,0.1333,0.2026,0.0024,0,0.0102,0,0,0,0,0,0,9
"Guatemala",391.4503,53.8372,0.1987,0,11.5223,21.0556,9.2024,7.3861,3.829,0,9.1102,0.1436,0.4761,9,0,389.2461,6.1269,0,95.3943,104.318,86.4053,10.8042,4.0133,30.0735,162.8286,0,0.679,13.218,4.4845,58.1981,0.406,0.0468,19.5387,13.8168,0.4807,6.9886,10.6303,47.1044,33.5547,0.2835,9.5922,0,0,10.3846,31.6273,0,17.6078,22.6165,4.8295,16.2418,0.3132,2.804,2.0424,13.2129,0,0.149,0,0.0128,0,0,0,0.6749,1.0631,0.0272,0.347,0,1.1913,3.6859,0.2,0.0086,0.2158,3.4,3.8115,0,0,0,28.5654,19.8755,13.215,2.2094,0.0756,0,0,0,0,0,0,0.0537,0.0069,9,9,10.3021,0,0,0,0,0,0,0,0.0186,0.2428,0,0,9,0,9,0,0,9,0,0,0,0.0077,0,9,9,0,0.0013,9,1.1606,0,9,0,0,0.0001,0,0,0,35.8116,4.5387,1.9184,0,0,0.0121,3.3672,9,0.7134,1.1965,0.9883,2.1124,8.7797,26.1943,3.0813,3.1542,0.4033,9,9,0.5469,9,0,0,0,0,1.9708,44.3623,9,64.483,0,108.6483,49.8243,4.8392,9,6.0391,1.0911,9,25.1932,0,0,4.6813,0,0,0,1.8425,6.3574,0,0.1495,4.2505,2.7989,9,14.7142,0,9,0,0,0,0,0
"Honduras",1405.8,30.5928,0.077,0,0,9.7,0,1.8554,1.0245,0,2.5673,2.3883,0.4234,0,0,108.1721,0.327,95.3943,0,28.3298,36.8,31.7849,18.5178,13.7736,27.5,0,0,3.0846,3.2662,24.0955,0.0337,0.0068,6.85,6.4,0.238,47.6356,9.3638,11.1674,15.2844,1.0611,21.1808,0,0,13.0879,27.6522,0,8,71.6523,1.731,23.0431,0.308,3.172,5.2114,27.0349,0,0.0185,0,0.0461,0.31,0,0,0.178,2.6971,0.0195,0.302,9.0033,0.2,6.21,0.1,0.0631,0.0785,0,1.525,0,0,0,12.7561,2.3576,2.163,3.8395,0.1538,0,0,0,0,0.0314,9,0,0,0,0,0,0.0141,9.0674,0,9,0,0,0,0,0,9,0,0,0,9,0,0.0001,9,0,0,0,9,0,0,9.2,0.0008,0.0243,0,0,0,0,0,0,0.0076,0,0,0,0.4902,0.0704,0.0125,0,0,0,6.898,0,0.0881,0,0.796,0.1272,4.3,0.287,0,0.3245,0,9,0,0.1139,0,0,0,0,0,0,39.601,0,0,0,78,69.5838,3.1,0,2.4378,0.5052,0,0,0,0,2.8122,0,0,0.587,4.9863,13.9907,9,0.0589,13.3055,0.4391,9,0.0718,0,9,0,0,0,0,9
"El Salvador",160.8156,14.1193,2.0492,0.0318,1.3231,6.5351,0.8793,0.8009,0.2861,0,0.022,0.0459,0.0033,9,0,208.812,2.2278,104.318,28.3298,0,9.588,3.5291,44.1445,35.4601,60.557,0.0399,0.0145,77.05,9.8214,22.1241,0.0509,0.1631,3.7061,12.4545,0.213,3.2916,2.2651,3.3112,7.6778,0.8371,20.1096,0,0,15.9599,25.5259,0,0.5282,175.9469,2.6091,17.0811,0.0661,0.3001,1.3958,18.8648,0,0,0.082,0,0.0196,0,0.0094,0.292,0.0907,0.3736,0.1472,0.0053,0.0993,22.0212,0.1,0.0539,0.001,0,0.275,9.0308,9,9,2.5845,8.0839,0.9952,2.473,0.0192,0,9,0,0,1.176,9,0,0,0,9,0,0,9,9,0,0,9,0,0.01,0,0,0,9.0143,0,0,2.6392,0,9,9,9,0,9,0,0,0,0.0023,0.0132,0,0.4758,0,0,0,0,0.0021,0,0,9,2.7336,0.1861,0.0019,0,0,0.0196,0.1675,0.0259,0.0069,9.0159,0.04,0,2.1855,0.963,0.0044,0.2178,0,0,0,0,0.0247,0,0,9.0005,0,2.3152,13.9732,0,25.7267,0,26.6097,70.1852,1.0917,9,0.3464,9.1619,9,3.2978,0,9,2.1141,0.0054,0,0.0224,0.1711,1.312,0,0.1156,1.5545,0.2281,0,13.1347,9,0,0,0,0,0,9
"Nicaragua",69,11.9791,0.01,0.64,0,7.9,0,11.1652,0.0002,0,0,0,0,0,9,70.7105,0.051,86.4053,36.8,9.588,0,105.4601,77.6616,21.0272,74.2,0,0,4.5928,0.4863,5.3796,0.0438,0.021,23.71,7.4,0.026,18.7453,0.8256,0.1755,1.578,0.7392,12.4411,0,0,0.791,42.8687,0,2,43.8604,0.193,4.6152,0.477,1.3994,0.2589,1.289,0,0.0024,0,0.0158,0,0,0,0.013,0.195,0.0136,0.043,0,0,1.732,0.1,7.0749,0.3767,0.6,0.979,0,0,9,3.0763,0.2694,0.5514,0.4962,0.0042,0,0,0,0,0,9,0,0,0,0,0,9,9,9,0,0,0,0,0,9,0,9,0,0,9,9,0,9,0,0,0,0,0,9,0,0,0.0156,9,0,0,0,0,0,0,9,0,9,5.5086,0,3.0253,0,0,0,0.428,9,0.0172,0,0.013,0,7.1,0,9,9.0209,0,0,0,0.0082,0,0,9,0,0,2.3,7.395,0,0,0,32.4,50.1787,0.575,9,0.0965,9.0561,0,0,9,0,0.2146,0.03,9,0.188,0.3686,0,0,0.1593,0.7084,0.6036,9,0.3905,0,0,0,0,0,0,9
"Costa Rica",939.4637,88.0525,0.094,1.9306,5.6345,11.7282,15.8011,9.3085,1.0876,1.4972,0.0134,0.1789,0.0243,0.0757,0.055,193.9108,0.3569,10.8042,31.7849,3.5291,105.4601,0,11.3387,96.2276,247.4949,0.518,1.35,2.2198,5.5871,66.2355,0.8086,0.2801,3.8805,22.6287,0.1739,70.7362,0.0286,91.1197,164.3187,0.3797,23.6769,0,0,14.5848,35.7532,0,27.5702,120.1895,12.5672,31.1766,1.2324,12.3214,3.2537,13.4099,0,1.9637,0.0181,0.0525,0.92,0,9,0.9525,2.2045,0.2393,1.2931,0.0908,0.0581,5.116,0.7,0.0343,2.1648,2.4611,1.1556,0,0.028,0.3889,59.9291,18.3795,17.8865,3.2533,1.9924,0,0,9,9,9,0,0.0015,9.0094,0,0.0017,0.0782,0.0136,0.009,0.0003,0,0,0.0066,2.5357,0,9,0.0719,9,0,0,9.0041,1.1933,0.1977,0,0.012,0,9,0.0461,9,0,0.1461,0.0485,0.0167,9,2.147,0,9,0,0,0.0004,9,0.3992,0,8.6689,0.0338,2,0,0.014,0.0945,3.6944,0.1921,0.0338,0.261,0.86,0.2093,20.9008,0.1071,0.0085,0.5502,0.0033,0,1.9863,0.0914,9.2715,0,9,9,9,0.9,36.5188,9,0,43.4779,10.1631,188.866,3.8084,9,0.0701,0.0327,0,0.1145,9,0.216,0.3208,9,0,0.0029,1.9329,1.5407,9,0.0087,0.2538,4.3886,0,0.1549,4.3395,9,0,0,0,0,9
"Panama",714.5328,4.8145,3.1283,3.149,1.5024,127.791,0.5467,13.0878,1.1876,0,0.215,0.8329,0.4885,0,0,126.11,1.023,4.0133,18.5178,44.1445,77.6616,11.3387,0,52.6529,79.8568,0.1692,6.23,54.5373,109.0028,3.0433,8.4176,1.583,11.5226,12.3416,11.4675,12.2744,4.0599,15.3182,20.0637,0.0847,17.224,0,0,32.7319,108.5383,0,3.9595,127.7323,1.9248,5.0208,0.2293,3.5154,3.02,11.2672,0,0.0309,9,0.2273,1.84,0,0,2.0475,37.6676,1.0587,0.043,0.9026,0.9933,3.7203,4.9,6.7846,5.2123,7.9,0.015,2.8384,0.501,1.3146,18.6193,56.4043,1.1316,8.4372,0.9779,0,0,9,9,0,0,0,0.2848,0,0,3.992,0.115,9,9,0,0.3355,0.1544,0.0874,0,0,0,0,0,0,0,0,9,9,0,9,0,0.019,0,0,0,0,0,0,3.076,0,0,0,0,0.1517,0,0,9.4377,3.52,2.5666,0.1419,0,0,0.0016,20.5972,0,0,0,0.0601,0,2.8298,2.498,0,0.0087,0,0,0,0,0,0,0,0,0,0.6,4.1162,0.09,29.7703,0,258.7631,151.2725,34.8519,0,0.4363,0.039,9,0.3255,0.0002,0,8.0289,0.03,9,12.271,3.184,204.8925,0,0.1331,0.3715,0.3334,0,14.518,9,0,0,0,0,0,9
"Colombia",396.1567,223.145,0.3533,6.5211,27.9846,53.658,9.3627,60.5585,2.3902,0.2473,0.5415,2.8611,1.488,0.1607,0.0064,457.2361,1.2858,30.0735,13.7736,35.4601,21.0272,96.2276,52.6529,0,733.4921,2.7433,3.61,93.4396,223.7312,375.3535,42.1782,3.1133,51.5869,118.3945,12.2706,32.7489,2.3063,181.8129,255.7443,0.9201,174.2329,0,0,141.6043,165.9162,0,71.5461,81.8776,57.7374,24.2981,6.7341,15.9525,10.2356,122.169,0,0.7783,0.0253,3.9215,12.4899,0,0.114,2.6701,17.0766,0.0646,2.7735,0.3083,8.6515,39.9819,3.5859,2.0191,1.0188,8.3036,1.0041,0.0021,0.0976,0.1331,70.5465,112.2173,36.288,130.0249,0.8987,0,0,0.1039,0,0.0157,0.0076,0.242,0.2646,0.0204,0.0034,0.2511,0.0686,14.8205,5.1862,0,0.2,2.6864,0.8799,0.2334,0.0538,0.0518,2.8542,0.0274,0.3447,0,0.1007,0.498,0,0.1026,0,0,0.0353,0.142,0,0,0.0093,0.4127,0.0458,18.6962,0.0093,0.0526,0.0097,0,0.3642,0.0193,0.0068,0.0596,2.3559,0.0653,0.0513,0.3946,0.0421,7.9961,2.0488,0.0189,3.5405,1.632,1.0511,2.0161,10.246,5.4583,0.0404,1.0306,0.0832,0.0106,0.7119,0,0.0011,0.0005,0.0309,9,0.0196,0.0669,179.9715,0.0032,131.929,3.8119,214.9454,567.3746,53.9107,0.0651,6.3669,0.3869,0.0393,20.3911,0.0002,0,13.2191,0,0.0004,3.9873,30.6581,16.5795,0.0416,6.3518,31.1305,45.2264,0,13.753,0.0135,0.0011,0.0364,0,0,0,0.0226
"Venezuela",8262.1,486.8003,5.0186,19.1374,24.8162,889.0041,72.6839,206.8384,21.0095,0.6398,0.1425,1.9633,1.4491,0.1776,0.0732,69.68,1.583,162.8286,27.5,60.557,74.2,247.4949,79.8568,733.4921,0,6.4499,17.5271,259.8592,279.9676,524.3105,22.3358,3.9688,148.39,250.161,55.486,30.5312,12.4876,22.845,29.2185,2.1826,5.2607,0,0,60.8204,29.6268,0,60.33,137.0664,15.0274,87.844,0.7792,2.506,0.6471,219.5012,0,0.1998,0.0872,0,3.5212,0,0,0.2478,1.5111,3.6915,2.7875,0,55.0972,46.1198,2.2087,1.344,0.5859,6.3714,5.137,0,0.0036,9,0.0762,18.4951,36.8704,37.3457,0.1038,0,9,0,0,0.0017,0.8196,2.7158,0,0,0,28.9325,0.0013,0.004,0.0082,0,0.1342,0.0075,0.2182,7.1302,0,0,0,0,0,0,0.0178,0.0633,9,0,0,0,0,0,0,1.5702,0.0114,1.0387,0,67.1956,0,0,0,0,0.016,0,0,0,2.6894,4.6786,2.9842,0,0,3.4181,4.0531,0.0471,3.9004,0.361,0.0328,0.4257,10.3464,0.4204,0,0.0812,0,0,0.0867,0.0064,0,0,0,0,0,1.4,31.4151,0,146.8531,4.266,81.3986,213.3814,1.1751,0,2.0135,0.0443,0,0.022,0,9,20.9122,0.0246,0,0.1344,9.1974,13.2453,0,1.4086,15.5314,1.6843,0.0177,60.6076,0,0,0,0,0,0,9
"Guyana",26.36,149.2216,0.0055,9.8167,0,0.2047,2.908,106.5705,0.4835,1.9849,1.4771,2.7337,0.2736,2.1533,0.7016,0.5885,0.516,0,0,0.0399,0,0.518,0.1692,2.7433,6.4499,0,1.884,0.0952,0.3047,8.899,0,0,2.366,0,0,87.9358,0.8787,3.5093,0.1424,1.8448,2.979,0,0,0.2509,2.4525,0,11,32.6862,1.0866,0.3275,0.026,0.2336,0.1746,3.8673,0,0.0011,0,0,0.2213,0,0,0.031,2.0597,0,0.012,9.0065,0.11,0,0.11,9,0.0482,3.8,0.022,0,0,0,0.5162,8.0106,0.8157,0.7513,0.0008,0,0,0,0,0,9,3.0842,0.0019,9,0,0,9.0005,9,0,0,0.1714,0,0,1.3452,0,0,0,0,0,0,0,0.1318,9,0,0,0,0,0,0,0,0,0,0,0.661,0.257,0,0,0,0.001,0,0,0,0.0223,0,0.0949,0,0.0035,0,0.1082,0,0,0,0.004,0,0.23,0,0,0,0,0,0,0.0001,9,0,0,0,0,0,7.0854,0,2.3273,3.4581,5.64,19.2233,1.1999,0,0.2571,0,0,0,0,0,0.9539,0,0,0.042,0.1371,7.391,0,0.0033,0.6091,0.1918,0.0031,3.9966,0,0,0,0,0,0,0
"Suriname",112,14.1718,0.3,0.2,1.815,0.23,2.654,41.9415,4.4752,0.12,0.1312,0.3574,0.0274,0.71,0,1.72,0.0225,0.679,0,0.0145,0,1.35,6.23,3.61,17.5271,1.884,0,0,0.0289,5,0,0,0.64,0.36,0.09,18.2334,0.5216,76.9784,6.3306,0.183,37.9434,0,0,0.9524,15.4966,0,3.95,16.4124,1.014,0.7114,0.056,0.0802,0.0355,23.9989,0,0.0292,0,0,0,0,0,0.056,0.03,0.07,0.404,0,0.1,23.293,0.2,0.0085,0.1215,0,0,0,9,0,0.0194,0.1169,101.0588,0.83,0.0011,0,0,0,0,0,0,0,0.0038,0,0.07,0,0,9,2.422,9,0.011,0.0106,0,0,0,0,0,0,9,0,0,1.8851,0,0,0,0,0,0,0,9.1,0.0593,0.0053,0,12.33,0,0,9,0,0.0275,0,0,0,0.0175,0.0124,0.6446,9,0.055,0,0.04,9,0,9,0.13,0,0.05,0,0,0,0,9,0.001,0,0,0,0,0,0,0,2.928,9,3.32,3.863,0.17,9.9146,0.345,9,0.4363,0,0,0.04,9,0,3.6908,9,0,0,0.0359,1.36,9,0,1.3883,3.4582,0,0.028,0,0,0,0,0,0,0
"Ecuador",903.9195,58.516,3.4439,4.1782,1.0624,6.2345,2.1207,10.7967,0.3374,0.5192,9.0129,0.0472,0,3.1664,0,82.4949,0.2275,13.218,3.0846,77.05,4.5928,2.2198,54.5373,93.4396,259.8592,0.0952,0,0,38.9112,102.9796,5.0587,1.2066,106.5125,21.2758,2.4672,8.3903,2.3631,17.7626,118.4209,1.936,58.9282,0,0,17.9062,0.5576,0,20.7555,158.5795,80.4544,18.8238,5.0193,12.657,9.3826,70.9066,0,0.7697,0.0004,1.8292,23.764,0,9.0001,12.1739,13.5395,0.0205,2.1356,0.0761,14.2186,66.971,2.6728,0.0999,10.0358,13.1622,10.5022,0.0112,1.0535,0.0413,4.4525,27.5563,6.5572,1.1451,0.0628,0,9.1143,9,9,0,0.0039,0.0476,0.0486,0,0,0.0147,0.0078,0,0.0345,9.0003,0.2213,0.0716,0.0103,0.0004,0.0073,0.1902,0.6269,17.3176,9,0.0063,0.0326,0.0503,9,9,0,0,0.0058,0,28.4845,0.0334,0,0.005,9,4.1722,0,0,0,0,0.0023,9.1496,0.0033,9.0197,0.0591,5.067,9.0784,0.0013,0.0865,0.1819,24.3939,0,1.347,3.6506,1.4756,0.6055,11.404,28.3032,0.6674,1.419,0,9.0003,7.8015,0,0.5802,0,0,9.0016,9,0.7,54.6589,9,4.3739,1.369,155.6942,25.3581,2.3491,9,0.773,0.101,9.0005,2.0473,0,9,11.5324,9,0,0.5151,1.1075,1.7816,0.0674,1.2292,4.3094,18.0732,0.0076,27.1081,0.0527,9,0.023,0,0,0,0
"Peru",998.4837,144.474,0.3133,0.4576,0.5423,6.5341,0.4906,0.4027,0.2735,0.0465,0.0201,0.0008,0.0175,0.0033,0,125.851,0,4.4845,3.2662,9.8214,0.4863,5.5871,109.0028,223.7312,279.9676,0.3047,0.0289,38.9112,0,53.4281,44.7271,13.3298,378.5516,222.7588,83.7137,131.2796,8.966,9.25,76.488,0.82,8.6569,0,0,87.1689,575.097,0,2.055,19.7009,24.9822,18.4071,15.0238,7.2873,8.806,54.0162,0,0.4461,0.0011,0.2552,12.4349,0,0,1.9767,2.4499,1.5497,30.9685,0.1622,3.4508,21.3994,1.2626,0.1862,2.3355,3.9795,125.898,0.0088,0.0154,0.003,0.9205,51.3401,61.3144,17.3231,0.0115,0,0.099,0,0,0.0156,1.2309,0.4403,0.0075,0,0.0069,0.904,0.1592,0.5123,0.0726,0,0.5753,0.0007,1.9237,1.1979,0.0297,0,0.0385,1.2606,0.7766,0,0,0.0398,0.527,0.0594,0,0,0.0999,0.0487,4.3197,0.0033,0.8326,0.0394,0.3036,26.1162,0,0,0,0,0.6181,0,0.1147,0,2.368,0.0024,0.1219,0,0,22.0967,23.9097,0.5676,0.2092,0.5408,1.544,0.0248,7.1328,0.8258,0.297,0.8737,0.0286,0.084,0.7789,0.2163,0.0473,0,0,0,0.0011,0.5,489.9569,0.049,58.6588,0.1584,131.6864,175.7917,1.553,0,1.1709,0.1533,0.0231,0.0528,0,0.118,25.5431,0.0275,0,5.731,70.8935,2.5218,0.0129,58.2988,31.5013,9.135,0.5852,58.3471,0.0902,0.3025,0.165,0,0,0,0
"Brazil",5628.524,564.5204,7.9019,31.262,10.5578,30.4612,31.9176,50.9496,17.1033,1.0622,1.0482,2.1778,2.6432,1.1108,0.1606,348.1973,1.0101,58.1981,24.0955,22.1241,5.3796,66.2355,3.0433,375.3535,524.3105,8.899,5,102.9796,53.4281,0,199.4892,731.6881,148.7677,2107.663,275.9338,73.2327,131.8412,980.5024,254.2882,12.4806,144.6657,0,0,741.6638,20.7252,0,358.8248,1967.4617,212.3568,241.5012,102.0743,61.7182,6.4346,1917.3838,0,0.5731,0.3757,14.0439,76.6945,0,0.3168,33.3904,133.1878,0.8848,37.4534,5.3166,54.7883,89.4442,22.2242,72.7265,9.8337,52.057,45.0228,0.2168,0.2886,3.6617,133.3815,735.9141,70.6506,50.3974,18.7699,0,0.066,0.4026,0.1672,4.6435,13.9766,14.7043,88.5417,2.8116,1.7013,5.0866,41.1543,1.1338,5.3812,0.231,56.7523,27.7704,5.064,342.2562,8.4415,0.0814,1.9657,0.946,3.7356,1.6826,6.9247,8.5821,0.5857,0.5225,27.2525,1.1847,1.2114,0.1413,49.4934,8.4336,0.5288,10.0873,5.181,70.7407,0.1923,20.7658,0.296,4.2622,11.9712,0.0402,1.8693,0.5571,137.9483,760.8221,25.0545,56.6423,3.7554,63.7233,270.2227,27.9466,206.9306,34.3015,72.4013,35.6222,246.1893,596.7846,144.9469,26.4676,58.4078,37.5292,100.783,13.1653,6.9421,15.3833,0.3002,0.179,100.1407,13.8973,179.6035,0.1367,417.8397,66.495,265.9831,216.0518,65.2916,0.0781,16.9222,22.6442,0.0088,24.2487,0.0034,11.0935,227.6587,1.211,0.004,30.4904,222.3209,96.4749,0.8146,199.0276,72.915,0.6607,2.3378,28.2601,0.0375,0.0286,0.9994,0,0,0,0.0088
"Bolivia",213.426,4.3047,0.0018,2.1887,0,0.4362,0.1037,0.0358,0.0357,0,0,0.0181,0,0.0222,0,26.2271,0.0004,0.406,0.0337,0.0509,0.0438,0.8086,8.4176,42.1782,22.3358,0,0,5.0587,44.7271,199.4892,0,1.9759,60.8655,132.5381,2.4361,2.865,3.6771,22.7231,4.9809,0.0626,36.5899,0,0,8.3327,6.4508,0,0.0219,8.8347,0.6836,4.7025,0.1506,0.219,0.3326,14.7037,0,0.0555,0.0052,13.8377,0,0,9.0825,0.03,0.1583,0.0278,0,0.0355,0.2218,0.3763,0.1,0.0067,0.0144,0.0489,0.006,9.0006,9.0039,0.0046,1.2957,90.661,0.3733,2.9866,0.0178,0,9,9.0023,0,9,9,0,0,9,9,0,0.0119,9,0,0,0.0197,0,0,0.0004,0,0.0007,9,0,9,9,0.1366,0.0047,0.0307,0,0,9,0.0059,0,0,0.0201,0,0.0276,9.0003,2.0787,0,0,0.0199,9.011,0.0002,0,9,9,0.5455,0.0082,101.2582,0,0.0135,0.0143,0.1702,0.0674,1.0545,0.0224,0.1838,0.0101,6.0449,0.3068,0.0014,0,0,0.0008,0,0.0001,9.0154,0,9,0,0,9,8.1105,9,9.6542,0.5897,19.9905,224.9419,1.7802,9.0016,0.4576,1.0845,0.0851,0.073,0,0,0.6201,9,9,0.1766,2.5449,0.6738,0.001,0.2707,0.3665,2.6469,0,3.9713,9,9,0,0,0,0,9.004
"Paraguay",620.3699,6.2847,0.0304,0.2264,0,0.0923,0.0682,0.0694,0.0001,9,0,9,0,9,9,14.9576,0,0.0468,0.0068,0.1631,0.021,0.2801,1.583,3.1133,3.9688,0,0,1.2066,13.3298,731.6881,1.9759,0,15.1216,316.3547,43.8122,93.2636,12.9272,105.6526,0.1131,0.003,30.8596,0,0,12.8027,19.5309,0,0.8547,71.6134,0.0359,1.4614,0.0729,1.6999,0.0467,44.478,0,0.005,0,0,0,0,0,0.0766,0.7343,0,0.0441,0,0.0463,1.3915,0,0,0,0,0,0,0,0,0.2305,12.3424,0.41,1.6809,0.0655,0,9,0,0,9,9,0.0324,0,0,9,0.009,9.0057,0.0472,0,0,0,0.0031,0,0.0366,0.0399,0,0,0.0143,0.2713,9,0,0,0,9,9,9,0,0,0,0,0,0.0564,0,11.436,0,0,0,0,0,9,0,9,0,18.6218,0.2044,0,0,0.0187,1.2862,0.0085,0.0998,0.1067,0.1292,0.0779,1.8376,0.0162,9,0,0,0,0,0,0,0,0,0,0,0,51.5201,9,95.1376,0,65.6143,91.2657,8.6382,0,1.0155,0.016,0,0.0385,0,0,5.6352,0,0,0.9136,1.0862,23.8191,0,0.4199,4.4818,0.0426,0,0.0187,0,0,0,0,0,0,9
"Chile",1705.3999,174.7095,0.124,17.899,5.104,18.76,1.965,1.1318,59.036,1.3,0.0156,0.1923,0.0154,0.01,0,666.6265,0.86,19.5387,6.85,3.7061,23.71,3.8805,11.5226,51.5869,148.39,2.366,0.64,106.5125,378.5516,148.7677,60.8655,15.1216,0,1155.675,4.764,323.9491,31.3807,184.0097,38.7071,5.9759,103.0458,0,0,67.0927,260.7415,0,24.09,19.3466,6.461,25.1831,3.952,4.1012,0.1717,180.1077,0,0.0458,0,0.0087,0.03,0,0,1.993,69.052,0.1176,1.108,0.0627,12.07,7.676,2.01,8.1937,1.2091,18.13,0.577,0.27,0,0.031,15.5926,255.0673,8.1675,27.0707,1.8457,0,0,0,0,0.06,0.12,0.4779,0.0079,0.035,0.6442,0.04,0.0614,0.0031,3.973,0,0.122,0.0006,0.0223,140.555,0.2,0.023,0,14.07,6.92,0,0.0032,1.4604,0.09,0,0,0,0,0,102.756,3.63,0.06,1.054,0.107,26.29,23.5,0.02,0.16,0,0.0297,9,1.74,0,3.5897,0,2.3674,0,0,14.33,15.956,0,13.5603,0.47,0.391,0.9965,47.34,14.101,0.0267,5.7051,1.894,0.6,31.52,30.7871,0.071,0,0,0,0.02,0.29,243.98,0,548.05,11.851,572.84,1942.9931,12.365,0.09,32.5797,0.0659,0.01,5.13,0,0.09,133.8061,0,0.52,35.256,136.1863,233.2532,0,54.6043,77.4817,66.4835,0,31.9411,0.836,0,0.7221,0,0,0,0
"Argentina",3688.0142,245.044,0.094,126.278,0,0.6846,0,5.9634,1.0498,0,0.3179,0.5331,0.0525,0,0,340.0246,2.7125,13.8168,6.4,12.4545,7.4,22.6287,12.3416,118.3945,250.161,0,0.36,21.2758,222.7588,2107.663,132.5381,316.3547,1155.675,0,426.9,362.7867,76.2362,181.7686,34.9586,5.8966,897.9298,0,0,239.4014,499.1438,0,13.327,881.1522,39.322,127.438,9.944,13.7485,13.4953,905.0971,0,3.0902,0,27.3062,17.33,0,0,19.543,69.2653,26.515,6.91,0.3669,8.745,88.04,4.5,0.4609,19.1239,13.915,9.786,0,0,0,94.161,379.9525,34.4988,66.2853,0.9889,0,0,0,0,0,0,3.5246,0.3819,0,1.2833,61.839,0.3288,4.3173,0,0,0,0,0.024,16.8507,0,0,0,0,0,0,29.9567,3.4213,0,0,0,0.0177,0,0,2.3196,1,0.5561,21.4045,0,193.5663,0,0,0,0,4.0542,0,23.6852,0,116.188,29.3701,103.609,2.5028,0,831.273,219.426,0,335.7576,62.478,36.324,81.9774,85.678,28.4053,9.6643,21.7945,0,13.7088,30,19.5083,0,0.0196,0,0,0,0.137,285.583,0.03,132.613,0,383.349,601.5958,17.822,0,66.6364,40.7962,0,27,0,3.3,55.5722,0,0,2.207,83.0762,118.2419,0,12.1287,95.1126,27.8349,0,29.9281,0,0,0,0,0,0,0
"Uruguay",193.125,23.9551,0.186,0.9082,2.0713,0.4553,2.5547,1.9359,0.365,0,0.01,0,0,9,0,13.7083,0.158,0.4807,0.238,0.213,0.026,0.1739,11.4675,12.2706,55.486,0,0.09,2.4672,83.7137,275.9338,2.4361,43.8122,4.764,426.9,0,59.5129,0.193,18.4495,13.1021,0.8796,81.7139,0,0,25.1659,41.4178,0,5.688,0.3827,0.118,2.311,1.272,4.9011,1.648,77.5579,0,2.4224,0,0.1023,2.154,0,0.0111,0.344,2.2769,0.7669,9.007,0.0321,0.961,24.342,3.853,0.0601,2.3103,1.099,1.451,9,9,0.1147,2.8519,28.9821,13.4993,11.394,0.1172,0,0,9,9,0.104,9,7.7774,0.0014,0,0,0.029,0.0694,0,0.9394,0,0,0.586,0.015,0,0.1364,9,9,0.2343,0.4708,0,0.002,0,0,9.034,9,0,9,9,0.5725,0,0,0.0844,0,23.517,0,0,0.061,0,0.009,0,0.005,0,0.6694,0.091,4.2361,1.0591,0,28.908,9.843,0.0022,16.7933,0,0.014,5.0784,67.266,11.8511,0.004,0.6948,0.006,0.026,0.985,0.1989,0.0911,0,0,0,0.0396,9,24.375,9,34.432,0.6524,69.997,63.3144,21.098,9.025,2.4026,4.3086,9,1.718,0,0.007,1.1789,0.235,0,2.379,4.7921,0.13,0,2.0926,0.9591,9.3676,0,4.1988,0,0,0.001,0,0,0,9
"United Kingdom",7622.957,903.0864,80.9926,10.1692,14.4843,9.4867,121.4834,44.7319,29.7808,18.585,14.0151,25.0629,8.634,64.9278,12.6161,282.7146,44.0103,6.9886,47.6356,3.2916,18.7453,70.7362,12.2744,32.7489,30.5312,87.9358,18.2334,8.3903,131.2796,73.2327,2.865,93.2636,323.9491,362.7867,59.5129,0,2648.651,1440.424,2681.121,277.0725,3970.971,0,0,3187.792,2567.3828,0,80.8081,7217.315,1298.8039,35.7564,129.0367,226.608,198.9032,35.766,0,237.3761,2.7439,6.6562,130.3614,0,15.8026,73.0377,1197.9534,221.7133,45.5155,6.8408,41.8443,945.758,117.4129,478.394,48.0684,169.0824,75.3978,10.2631,39.8366,2.31,1571.1855,281.419,4733.231,152.4995,194.6187,0,4.8053,2.1558,18.2868,20.5348,42.2963,4.0064,19.7338,11.3278,8.8492,33.4743,21.6752,5.0196,22.2845,46.8706,275.8709,9.8534,30.9513,570.2938,37.7296,2.1064,1.8955,43.4966,18.2691,60.4113,43.8628,78.0978,12.5121,6.9014,2.9627,25.7845,39.7467,11.4119,115.0008,10.2561,0.881,11.5005,11.5871,415.6804,22.6917,7.7618,141.9611,43.9927,25.4018,0.4285,435.3299,34.1034,344.6497,141.7143,96.1667,105.7459,78.4314,621.4185,1048.1662,11.4597,113.3247,33.7612,299.2008,157.0795,1006.0221,1380.2728,85.562,197.7394,230.0919,314.2748,1127.8218,195.3896,12.4719,15.7919,7.6208,3.225,136.6693,124.2816,2112.3111,11.1424,2137.0088,44.0495,296.1248,8001.2119,293.4495,0.8561,128.1022,193.8936,4.2766,154.9901,1.8672,46.5832,657.4834,26.0874,4.8976,215.6756,1293.9112,721.8467,355.8094,535.4193,604.1114,2109.6928,131.954,207.6208,0.8154,13.564,81.1385,0,0,0,1.5926
"Ireland",110.7373,298.4947,2.1281,1.8192,0.6811,4.6314,4.096,14.8938,1.7709,0.0056,0.5307,0.2822,0.4801,0.2466,0.0444,212.9571,4.3715,10.6303,9.3638,2.2651,0.8256,0.0286,4.0599,2.3063,12.4876,0.8787,0.5216,2.3631,8.966,131.8412,3.6771,12.9272,31.3807,76.2362,0.193,2648.651,0,851.9441,1930.7543,20.8184,2263.0446,0,0,995.5678,1046.0535,0,123.4513,2451.1434,133.6556,209.9236,22.7922,88.5242,30.0801,1401.0456,0,18.7071,0.3018,1.2914,19.9028,0,0.9274,19.3117,183.1392,17.606,2.205,1.2753,13.7976,398.3861,21.0891,4.1048,15.1315,47.1379,23.9473,0.7969,1.8568,0.9607,96.5315,337.7282,151.8987,211.0578,15.6116,0,0.9982,0.0033,0.0512,0.1257,1.3473,11.9476,0.9985,0.1024,0.9584,37.0822,86.273,2.3784,1.2267,1.1923,37.4127,1.1622,9.2739,83.0542,5.2916,0.2867,0.272,4.8788,18.0604,4.9272,14.8875,2.2599,0.8139,2.4194,0.038,0.6705,2.2903,0.5774,3.6366,0.7514,3.0694,0.3002,0.2425,283.6127,0.3659,0.003,2.7113,0.2278,1.4392,0.0015,7.8907,1.9522,29.148,14.9327,12.5604,29.5224,5.01,13.0363,118.6568,0.043,132.6921,5.9248,34.9126,12.6276,4.3,171.9242,5.2853,53.8547,15.0277,12.8683,54.7256,14.7883,0.5559,3.0007,1.5076,0.399,2.0336,15.1937,406.4875,0.17,375.8722,32.1464,470.3488,420.1714,52.6432,0,11.2354,4.5592,0.2652,11.7411,0.2179,1.6264,205.3014,4.8374,0.2305,7.0294,28.9669,1825.9445,0.613,37.618,36.2657,490.6713,0.1959,29.2924,0,0.0156,0.3662,0,0,0,0.0017
