"","United States of America","Canada","Cuba","Haiti","Dominican Republic","Mexico","Guatemala","Honduras","El Salvador","Nicaragua","Costa Rica","Panama","Colombia","Venezuela","Ecuador","Peru","Brazil","Bolivia","Paraguay","Chile","Argentina","Uruguay","United Kingdom","Ireland","Netherlands","Belgium","Luxembourg","France","Switzerland","Spain","Portugal","German Federal Republic","German Democratic Republic","Poland","Austria","Hungary","Czechoslovakia","Italy","Albania","Yugoslavia","Greece","Cyprus","Bulgaria","Romania","Russia","Finland","Sweden","Norway","Denmark","Iceland","Mali","Senegal","Benin","Mauritania","Niger","Ivory Coast","Guinea","Burkina Faso","Liberia","Ghana","Togo","Cameroon","Nigeria","Gabon","Central African Republic","Chad","Congo","Democratic Republic of the Congo","Somalia","Ethiopia","South Africa","Madagascar","Morocco","Tunisia","Libya","Sudan","Iran","Turkey","Iraq","Egypt","Lebanon","Jordan","Israel","Saudi Arabia","Yemen Arab Republic","Afghanistan","China","Mongolia","Taiwan","North Korea","South Korea","Japan","India","Pakistan","Myanmar","Sri Lanka","Nepal","Thailand","Cambodia","Laos","Vietnam","Republic of Vietnam","Malaysia","Philippines","Indonesia","Australia","New Zealand"
"United States of America",0,695.1001,164,2.32,69.49,364.4,4.5,1.1,17.5,14.8,13.7,34.71,32.4,425.1,17.66,45.8,138.48,18.8,0.606,29,220.4,41.2,525.6,21.5,367.8,4.736,0.2639,316.7,41.2,45.4,1.9,0,1,102,51,0.1,9,241.4,0,44.3,57.8,4,1,4.93,15,9.9,171.7,51.7,67.9,0.2,0,5.6,0.7,0,0.2,18.44,1.8,0,6,36.3,0.6,3.6,10.6,2.8,0.5,0.6,3.9,47,0,17.1,70,11.8,26,14.7,33.9,0.8,50.7,55.7,14,79.8,36.2,14.1,113.6,7,0,12,0,0,256,9,112.3,306.6,375.6,120.6,7.8,27.3,1,15.5,1.8,1.6,56.1,0,0,31.6,123.7,320.09,48.26
"Canada",695.1001,0,5.5,0.15,3.69,9.3,1.1,2.5,1.3,1.2,1.5,4.73,0.3,179,8.69,8.6,10.21,0.2,0.8,4.6,12.7,1.3,403.5,11,0.8,1.3261,0.0739,34.9,12.7,0.8,0,0,0.1,15,5.3,0.7,0.6,16.4,9,1,11.4,0.6,0.3,1.3,4.8,4,2.1,66.6,7.7,0.2,0,0,0,0,0,0.01,3,0,0.4,2,0,0,1.8,0,0,0,0,0.8,0,0.1,46.9,0,0.3,0,0.1,0.2,34.7,0.6,0.8,0.5,1.1,0,4.3,42.1,9,0,2.9,0,1.7,0,5.1,79.8,3.8,12.9,0.2,13.6,0,1.3,0.1,0,0.8,0,0,12.6,2,61.53,13.63
"Cuba",164,5.5,0,0.002,0.11,0.6,0.2,1.5,0.2,0.2,0.3,0.22,0.8,26.3,0.9,0.1,2.65,0,9,0.1,0.1,1.1,0.5,1.7,4.3,3.3153,0.1847,2.3,1.9,0.4,0,0,0,0,0.2,0,0,4.8,0,0.4,12.2,9,0,0,0,0.2,0.9,1.4,0.4,0.5,0,0,0,0,0,0,0,0,0,0,0,0,0,0,9,9,0,0,0,0,0,9,19.4,2,9,0,9.9,0,11,7.5,0,0,0.2,0,9,0,0,0,0,0,0,11.8,11.4,2.4,9,0,0,0,9.3,0,2.9,0,0,0,0,0.11,0
"Haiti",2.32,0.15,0.002,0,0.018,0.05,0.2,0,0.01,0,0.01,0.11,0.01,0.008,0.01,0.1,0.03,0,0,0.02,0.01,0,1.25,0.03,1.01,3.0311,0.1689,1.66,0.89,0.057,0.07,0,0,0.106,0.05,0.053,0.06,5.57,0,0,0.1,0,9.139,0,0,0.03,0.06,0.65,0.52,0,0,0,0,0,9,0,0,9,0,0,0,0,0,0,9,0,0,0,0,9,0,0.03,0,0,0,0,0,0,0,0.018,0.008,0,0,9,9,0,0,0,0,0,0,0.08,0.46,0,0,0,0,0,0,0,0,0,0,0.01,0.01,0.02,0.01
"Dominican Republic",69.49,3.69,0.11,0.018,0,0.33,0,0.1,0,0,0.01,0,0.03,0,0,0.11,0.33,0,0,0.11,0,0.2,21.47,0.4,4,1.0419,0.0581,0.16,1.23,1.72,0.11,0,0,0.11,0.08,0,0.66,0.13,9,0,0,0,0,0,0,0.33,2.17,1.47,1.99,0,0,9,9,0,0,9,0,0,0,0,9,0,0,0,0,0,0,9,0,9,0,0.1,1.4,0,0,9,2.2,0,0.55,0,2.1,0,0,0,0,0,0,9,0,0,0.7,2.21,0.77,0.11,0,0.7,0,0,0,9,0,0,0,0,0.22,0,0.7
"Mexico",364.4,9.3,0.6,0.05,0.33,0,1.8,0.9,1.8,1.1,1.1,5.9,0.8,3.8,0.44,0.1,1.44,0,0.1,0.8,0.4,0.1,42,0,10.2,6.9147,0.3853,0.9,9,1.8,0,0,0.2,0.2,1.1,0,1.8,6.7,0,1.2,0.6,0,0,0.02,0.4,1.8,10.7,1.1,2.4,0,9,0,0,0,0,0,0,0,0.4,0,0,0,0,0,0,9,0,0.1,0,0,1.1,9,0.1,0,0.3,0,0.1,0,0,0.3,0,0,1.1,0,9,0,0,0,0.1,9,0,85.8,2.6,0.1,0,1.8,9,0.3,9,9,0,0,0,0.3,5.3,4.93,0.7
"Guatemala",4.5,1.1,0.2,0.2,0,1.8,0,0.2,0.7,0.5,0.2,0.11,0.2,0.8,0,0.7,0,0,0,0.1,0,0.1,4.5,0,0.2,1.2314,0.0686,2.6,1.5,0,0.2,0,0,0,0.6,0,0,1.6,9,0,0,0,0,0,0,0.3,4,0.3,0.9,0,0,9,0,9,0,0,0,0,9,0,9,0,0,9,0,0,9,0,0,0.1,0,0,0,0,0,0,0,0.2,9,0,0,0,0.1,0,0,9,0,9,0,0,0,1.1,0,0.2,9,0.1,0,0.1,0,0,0,0,0,0,0.1,0,0
"Honduras",1.1,2.5,1.5,0,0.1,0.9,0.2,0,2.2,0,0,0.02,0.1,1.3,0,0.3,0,0,0,0.1,0.1,0.1,1.6,0,0.2,0.2842,0.0158,0.5,0.2,0.1,0,0,0,0.2,0.1,0.1,0.6,0.8,0,0,0.6,0,0,0,0,0.1,0.7,0.4,0.4,0,9,0,0,0,0,9,0,0,0,0,0,0,0,0,9,0,0,0,0,9,0,0,0,0,0,0,0,0,0,0.1,0,0,0,0,9,0,0,9,0,0,0,3.7,0.2,0,0,0,0,0,0,0,9,0,0,0,0,0,0
"El Salvador",17.5,1.3,0.2,0.01,0,1.8,0.7,2.2,0,0.3,0.4,0.88,0.2,1.3,0,0.3,0,0,0,0,0,0.1,4.2,0,6.5,3.2205,0.1795,1.8,0.4,0.2,0,0,0,0,0.3,0,0.2,1.6,0,0,0,0,0,0,0,0.1,0.5,0.3,0.6,0,0,0,0,0,0,9,0,0,0,0,0,0,0,0,0,0,0,0,0,0,0,0,0,0,0,0,0,0,0,0,0,0,0,0,9,0,0.2,0,0,0,0,5,0,0,0,0,0,0,0,0,9,0,0,0,0,0,0
"Nicaragua",14.8,1.2,0.2,0,0,1.1,0.5,0,0.3,0,1.7,2.3,0.1,0.8,0,0.2,0,0,0,0.1,0,0.1,0.2,0,0.8,0.9472,0.0528,1.3,0.2,0.2,0.1,0,0,0,0.1,0,0,0.2,9,0,0,0,0,0,0,0.1,1.6,0,0.4,0,0,0,0,0,0,0,0,0,0,0,0,0,0,0,0,0,9,0,0,0,0,0,0,0,0,0,0,0,0,0,0,0,0,0,9,0,0.1,0,0,0,0,5.4,0.2,0,0,0,0,0,0,0,9,0,0,0.1,0,0,0
"Costa Rica",13.7,1.5,0.3,0.01,0.01,1.1,0.2,0,0.4,1.7,0,0.76,0.7,1.6,0,0.1,0,0,0,0.2,0,0,5.4,0,3.5,1.0419,0.0581,1.2,1.4,0.6,0,0,0,0,0.8,0,0.2,0.1,0,0,0,0,0,0,0,0,0.2,0.2,1,0,0,0,0,0,0,0,0,0,0,0,0,0,0,0,0,0,0,0,0,0,0,0,0,0,0,0,0,0,0,0,0,0,0.1,0,9,9,0,9,0,0,0,7.2,0.4,0.1,0,0,0,0,9,0,9,0,0,0,0,0,0
"Panama",34.71,4.73,0.22,0.11,0,5.9,0.11,0.02,0.88,2.3,0.76,0,9.99,3.19,0.1,0.02,0.66,0.2,0,1.46,0.18,0,3.55,0,2.01,0.9188,0.0512,0.99,0.77,0.23,0.11,0,0,0.22,0.11,0,0,0.85,9,0.2,0.2,0,0,0,0,0.4,0,1.99,4.75,0.11,0,0,9,0,0,0,0,0,9,0,0,0,0,0,0,0,0,0,9,0,0.11,9,0,0,0,0,0,0,0,0,0,0,0,0,0,0,0,0,0,0,0,1.51,0.22,0,0,0,0,2.4,0,9,9,0,0,0.49,0,0.1,0.88
"Colombia",32.4,0.3,0.8,0.01,0.03,0.8,0.2,0.1,0.2,0.1,0.7,9.99,0,0,1.96,2.4,0.2,0,0,1.1,0.2,0.2,6.2,0.2,13.5,3.2205,0.1795,12.1,7.5,1,0.2,0,0,0,0.3,0,0.1,5.3,0,0,0,0,0,0,0,0.8,0.6,0.9,0.5,0,0,0,0,9,0,0,0,0,0,0,0,0,0,0,0,0,0,0,0,0,0.2,0,0.1,0.1,0,0,0,0,0,0,0,0,0.4,0,9,9,0,9,0,0,0,8.3,0.2,0,0,0,0,0,0,9,0,0,0,0.2,0,0.28,0
"Venezuela",425.1,179,26.3,0.008,0,3.8,0.8,1.3,1.3,0.8,1.6,3.19,0,0,3.49,0.5,124.55,0.5,3.5,0.5,84.3,37.4,131.9,0.1,9.8,19.039,1.061,23.8,25,10.9,1.1,0,0,1.7,4.2,0.2,2.8,53.3,9,0.1,0.1,0.2,0,0.7,0,1.4,22.4,9.9,13.2,0.4,9,2.7,0,9,0,2.04,0,9,0.6,2.6,0,0.1,0.8,1,0,9,0,0.4,0,0,0.6,0,1,0,0.7,3.6,0.2,0,0,0.1,0.2,0.2,1.6,0,9,0,0.4,0,0,0,0,40.8,0.4,0.3,0,0.1,0,0.3,0,0,0,0,0,8.4,1.3,3.2,1.7
"Ecuador",17.66,8.69,0.9,0.01,0,0.44,0,0,0,0,0,0.1,1.96,3.49,0,0.26,0,0.2,0,3.33,0.1,0.22,5.38,0,2.1,5.1623,0.2877,0.85,2.3,0.12,0.33,0,0,0,3.6,0,0,1.42,9,0,0.9,0,0,0,0,0.12,3.74,0.23,0.68,0,9,0,9,0,0,0,0,0,0,0,0,0,9,0,9,0,0,9,9,0,0.11,9,0,0,0,0,0,0,0,0,0,0,0.11,9,0,0,0,0,0,9,0,1.66,0.55,0,0,0.11,9,0,0,0,0,0,0,0.2,0,0.11,0
"Peru",45.8,8.6,0.1,0.1,0.11,0.1,0.7,0.3,0.3,0.2,0.1,0.02,2.4,0.5,0.26,0,2.36,2.5,0,18.9,5.8,0.5,22.6,0.9,2,18.5654,1.0346,3.5,3.1,0.3,0.4,0,0,0.1,2.4,0,1.3,0.8,0,0.1,0.1,0,0,0,0,1.2,4.9,1.4,0.2,0,0,0,0,0,0,0,0,0,0,0,0,0,0,0,0,0,0,0,9,0,0.3,0,0.1,0,0,0,0.1,0,0,0,0.1,0,0.5,0,0,0,0,0,0,0,0,25.5,3.1,2.1,0,0.4,0,0,0,0,0,0,0,0.2,1.2,0.29,1.8
"Brazil",138.48,10.21,2.65,0.03,0.33,1.44,0,0,0,0,0,0.66,0.2,124.55,0,2.36,0,2.16,0.246,3.93,43.29,14.64,25.48,0.7,2.61,7.9471,0.4429,13.46,6.5,12.34,0.92,0,1.82,6.22,4.01,0.11,4.57,3.76,9.2,2.08,0.59,0.6,0,0.86,5.86,12.33,8.62,4.78,4.37,0.32,0,0.1,0,0,0,0,0,9,0,0.8,0,0,0,0,0,9,0,2.53,0,0,6.14,0,5.58,0.47,0,0.1,0.1,0.8,0,0.12,1.3,0.1,0.08,22.88,0,0,0.5,9,0,0,0,9,1,0,0,5.8,0,1.44,0,9,0,0,0,0.6,0,7.26,0
"Bolivia",18.8,0.2,0,0,0,0,0,0,0,0,0,0.2,0,0.5,0.2,2.5,2.16,0,0.6,2.4,0.4,0.1,29.4,0,1.9,1.1367,0.0633,0.5,0.2,0.1,0.1,0,0.1,0,0.1,0,0.6,1.8,0,0.1,0,0,9,0,0,0,1.6,0.1,0.4,0,0,9,0,0,0,0,9,0,0,0,0,0,9,0,9,0,0,0,0,0,0,9,0,0,0,0,0,0,0,0,0,0,0,0,9,9,0,0,0,0,0,2.1,0,0,0,0.1,0,0,0,9,0,0,0,0,0,0,0
"Paraguay",0.606,0.8,9,0,0,0.1,0,0,0,0,0,0,0,3.5,0,0,0.246,0.6,0,0.2,0.872,1.274,2.702,0,0.784,0.6062,0.0338,0.726,0.224,1.708,0,0,9,9,0.1,9,0,0.531,0,0,0.2,0.1,0,9,9,0,0.372,0.1,0,0,9,0,0,0,0,0,0,9,9,0,0,0,0,0,0,0,0,0,0,0,0,0,0,0.1,0,0,0,0,9,0,9,0,0,0,0,0,0,0,0,9,0,2.12,0.2,0,9,0,0,0,0,9,0.1,0,0,0.5,0,0,0
"Chile",29,4.6,0.1,0.02,0.11,0.8,0.1,0.1,0,0.1,0.2,1.46,1.1,0.5,3.33,18.9,3.93,2.4,0.2,0,20.3,1.5,60,0.3,5.9,1.9892,0.1108,3.2,0.9,0.5,0.2,0,0.1,0.6,0.5,0,1,11.3,0,0.2,0.1,0,0,0,0,1.9,12.4,0.2,2.7,0,0,0,9,0,0,0,0,9,0,0,0,0,9,0,0,0,0,0,0,0,0,0,0,0.1,0,0,0,0,0,0.6,0,0,0,0,9,0,0,0,0.7,0,0,0.9,1.6,0.1,0,1.8,0,0,0,0,9,0,0,0,0.1,0.24,0.1
"Argentina",220.4,12.7,0.1,0.01,0,0.4,0,0.1,0,0,0,0.18,0.2,84.3,0.1,5.8,43.29,0.4,0.872,20.3,0,7.9,161.6,6.3,50.1,13.7346,0.7654,3.9,3,1.3,1.7,0,0.8,6.7,8.3,2.54,1,68.4,9,3.4,7.5,0.1,0.3,0.02,3.4,6.8,5.4,3.3,6.2,0,0,0,0,0,0.1,0,0,0,0,0.9,0,0,0,0,0,0,0,0.2,0,0,3.7,0,0.8,0,0.1,0,0,0.1,0.2,0.6,3.7,0.2,0.8,0,0,9,1.5,0,0,0,0.1,22.8,18.9,3.4,0.1,0.4,0,0,0,0,0,0,0,2.9,0.1,3.74,0
"Uruguay",41.2,1.3,1.1,0,0.2,0.1,0.1,0.1,0.1,0.1,0,0,0.2,37.4,0.22,0.5,14.64,0.1,1.274,1.5,7.9,0,15.7,0.1,4.6,2.6522,0.1478,1.5,2.2,0.9,0.2,0,0.5,2.5,0.2,1.22,1.1,0.8,0,0.1,0.2,0,0.1,0.03,11.2,1.1,2.4,0,0.2,0,0,0,9,9,0,0,0,9,0,0.3,0,0,0,0,0,0,0,0,9,9,1.3,0,0.1,0.1,0,0,0.2,0.1,0,0.5,0,0,0.3,1.2,9,9,4.3,9,0,0,0,0.8,0.8,0.5,9,0.5,9,0,0,0,9,0,0,0.5,0.1,0,0
"United Kingdom",525.6,403.5,0.5,1.25,21.47,42,4.5,1.6,4.2,0.2,5.4,3.55,6.2,131.9,5.38,22.6,25.48,29.4,2.702,60,161.6,15.7,0,39.3,197.8,73.8829,4.1172,142.9,4.4,133.5,0.9,0,5.6,59.6,36.7,1.6,6.8,29,0.1,1.4,47.7,18.7,1.5,8.43,70.6,127.3,84,1.8,66.3,2.2,0,0.2,0.4,0,0.3,1.16,2.3,0,2.1,69.7,1,0.7,28.7,1.5,0.3,0.7,1,12.6,2.3,2.2,69.6,0.8,25.6,7.3,30.9,2.4,56.6,20.5,56.1,20.1,19.9,16.5,13.3,9.8,0,8.5,20.1,0,0.7,0,7.3,21.5,23.9,32.2,9,24.3,0,35,1.6,16.9,2.1,0,0,14.3,43.4,311.06,183.41
"Ireland",21.5,11,1.7,0.03,0.4,0,0,0,0,0,0,0,0.2,0.1,0,0.9,0.7,0,0,0.3,6.3,0.1,39.3,0,14.4,10.0405,0.5595,9.6,2.3,3.1,0.1,0,1.4,1.8,0.7,0.1,0.9,2.7,0,0.3,0.4,0.3,0,0,2.2,11.4,8,1.3,3.1,0.3,0,0,0,0,0,0,0,0,0,3.1,0,0,0.1,0,0,0,0,0.4,0,0.2,1.8,0,2.7,0.1,0,0.1,0,0.9,21.6,0,0.6,0,0.9,7.5,9,0,1.4,0,0,0,0,8.6,9.5,2.3,0.3,2,9,0.2,0,0,0,0,0,0.2,0.4,8.58,2.2
"Netherlands",367.8,0.8,4.3,1.01,4,10.2,0.2,0.2,6.5,0.8,3.5,2.01,13.5,9.8,2.1,2,2.61,1.9,0.784,5.9,50.1,4.6,197.8,14.4,0,229.8893,12.8107,59.9,9.6,0.2,8.9,0,3.2,6.1,6,1.9,7.6,29.8,0,6.9,15.6,3.5,0.4,2.03,32.6,17.1,91.1,54,81.9,1.9,0,2.5,0,0,0.2,6.73,0.3,0,2.6,21.6,0.5,13.3,7,1.4,0.2,0.3,0,4.2,0.2,0.5,23.8,2.1,1.7,6.1,8.2,1,7.8,7.1,10.5,6.8,27.7,4.1,15.7,18.7,0,0.8,14.4,0,0.8,0,5.5,4.6,17.1,6.2,8,4.1,0,15.3,0.6,0.3,0.9,0,0,18.4,33.7,34.25,0.05
"Belgium",4.736,1.3261,3.3153,3.0311,1.0419,6.9147,1.2314,0.2842,3.2205,0.9472,1.0419,0.9188,3.2205,19.039,5.1623,18.5654,7.9471,1.1367,0.6062,1.9892,13.7346,2.6522,73.8829,10.0405,229.8893,0,0,156.859,25.7643,13.9241,19.2285,88.0911,2.368,6.3463,0.1895,7.7672,9.851,20.744,0,3.7889,26.9009,1.8944,2.9364,0.8999,9.0933,6.0622,7.483,21.9754,54.2755,0.7578,0,1.8944,0.6631,0,0.0947,1.0988,2.2733,0,0.5683,6.2516,0.3789,2.9364,0.2842,0.2842,0.3789,0.4736,1.5155,193.0426,0,0.9472,23.0173,0.7578,6.2516,1.3261,1.7997,0.4736,28.1323,0.663,21.2176,3.6941,3.2205,2.4628,2.0839,16.1027,0.0947,0.3789,32.8684,9,0,0,2.2733,7.8619,20.1757,1.6103,0,4.8308,0,0.6631,0.7578,0,0,0,0,0.9472,6.3463,25.6222,15.2028
"Luxembourg",0.2639,0.0739,0.1847,0.1689,0.0581,0.3853,0.0686,0.0158,0.1795,0.0528,0.0581,0.0512,0.1795,1.061,0.2877,1.0346,0.4429,0.0633,0.0338,0.1108,0.7654,0.1478,4.1172,0.5595,12.8107,0,0,8.7411,1.4357,0.7759,1.0715,4.9089,0.132,0.3537,0.0106,0.4328,0.549,1.156,0,0.2111,1.4991,0.1056,0.1636,0.0501,0.5067,0.3378,0.417,1.2246,3.0245,0.0422,0,0.1056,0.0369,0,0.0053,0.0612,0.1267,0,0.0317,0.3484,0.0211,0.1636,0.0158,0.0158,0.0211,0.0264,0.0845,10.7574,0,0.0528,1.2827,0.0422,0.3484,0.0739,0.1003,0.0264,1.5677,0.0369,1.1824,0.2059,0.1795,0.1372,0.1161,0.8973,0.0053,0.0211,1.8316,9,0,0,0.1267,0.4381,1.1243,0.0897,0,0.2692,0,0.0369,0.0422,0,0,0,0,0.0528,0.3537,1.4278,0.8472
"France",316.7,34.9,2.3,1.66,0.16,0.9,2.6,0.5,1.8,1.3,1.2,0.99,12.1,23.8,0.85,3.5,13.46,0.5,0.726,3.2,3.9,1.5,142.9,9.6,59.9,156.859,8.7411,0,154.8,7.4,31.9,0,7,6.6,31.7,12.3,5.3,145.3,1.7,17.5,20.4,4.4,3.2,12.92,20.9,4.2,5.9,18.6,48.4,0.6,5.2,19.9,1.6,5.8,5.3,17.89,1.5,5.5,13.6,2.7,2.9,12.4,6.9,19.2,4.3,4,25.7,24,0.1,1.2,17.4,26.6,8.1,43.7,12.3,6.4,15.3,0,158.2,13.1,27.5,2.5,21.5,60.5,0.6,0.8,30.1,0,0.2,0,2.6,15.9,16.1,1.3,1.3,1.6,0,6.8,12.4,1.7,16.5,0,0,1.6,3,98.78,63.01
"Switzerland",41.2,12.7,1.9,0.89,1.23,9,1.5,0.2,0.4,0.2,1.4,0.77,7.5,25,2.3,3.1,6.5,0.2,0.224,0.9,3,2.2,4.4,2.3,9.6,25.7643,1.4357,154.8,0,0.8,16.7,0,0.3,4.7,12.6,0.77,1,97.8,0.1,13.4,5.4,0.8,0.5,4.73,4.6,15.8,13.5,12.2,35.2,0.2,0,0.4,0,0,0,0.32,2.3,0,0.7,3.5,0.4,0.5,6.6,0.6,0,0.1,0,0.5,0,0.1,16.5,0.5,0.7,0.3,0.5,0.5,5.2,1.3,7,5,4.7,0.7,15,3.5,0.2,0.3,0.7,0,0.7,0,2.3,4.4,13.4,7,1.3,2.2,0,6.8,0.2,2.7,0.3,0,0,2.4,2.7,26.53,6.35
"Spain",45.4,0.8,0.4,0.057,1.72,1.8,0,0.1,0.2,0.2,0.6,0.23,1,10.9,0.12,0.3,12.34,0.1,1.708,0.5,1.3,0.9,133.5,3.1,0.2,13.9241,0.7759,7.4,0.8,0,0.7,0,0,0.1,2.8,1.95,1.3,59.9,0,0.3,1.2,1.6,0.2,0.35,3.4,5.5,2.4,8.7,4.8,0.1,0,0.6,0,0,0,0.74,0,0,0.4,3.5,0,0.1,0,0.4,0.2,0.2,0,1.7,0,0,2.4,0,0.2,0.1,0,0.1,28.1,1.1,29.1,0.5,1.6,0.3,0.4,43.5,0,0,0.4,0,0,0,0.2,14.8,1.1,0.2,0.9,0.2,0,0.2,0,0,0.1,0,0,2.9,0.2,5.35,0
"Portugal",1.9,0,0,0.07,0.11,0,0.2,0,0,0.1,0,0.11,0.2,1.1,0.33,0.4,0.92,0.1,0,0.2,1.7,0.2,0.9,0.1,8.9,19.2285,1.0715,31.9,16.7,0.7,0,0,0.1,0.5,1,0.23,0.2,6.3,0,0,1.1,1.4,0,2.02,0.2,0.5,2.7,0.3,3.1,2.5,0,0.2,9,0,0,0.46,1.2,0,0,1,0,0.8,0,0.4,0.5,0.2,0,1.1,0,0.1,1.2,0.1,1.2,0.9,0.3,0,1.8,0.4,25.4,0.9,0.8,0.5,4.5,0.4,0,0,0,0,0,0,0,6,0.2,0.8,0,0.1,9,0.1,0,0,0.1,0,0,1.2,0.1,0.05,1.3
"German Federal Republic",0,0,0,0,0,0,0,0,0,0,0,0,0,0,0,0,0,0,0,0,0,0,0,0,0,88.0911,4.9089,0,0,0,0,0,0,0,0,0,0,0,0,0,0,0,0,0,0,0,0,0,0,0,0,0,0,0,0,0,0,0,0,0,0,0,0,0,0,0,0,0,0,0,0,0,0,0,0,0,0,0,0,0,0,0,0,0,0,0,0,0,0,0,0,0,0,0,0,0,0,0,0,0,0,0,0,0,0,0,0
"German Democratic Republic",1,0.1,0,0,0,0.2,0,0,0,0,0,0,0,0,0,0,1.82,0.1,9,0.1,0.8,0.5,5.6,1.4,3.2,2.368,0.132,7,0.3,0,0.1,0,0,0,0.7,0,0,7.7,0,9.1,0.6,0.1,0,3.14,0,1.5,11.8,0.2,2.1,0.5,0,0,0,0,0,0,0,9,0,2.4,0,0.1,4.5,0,0,0,0,0,0,0,0,0,0.6,0,0,0,0.7,1.8,2.4,3.8,0.9,1.3,0,0,0,0,0,0,0,0,0,0.4,2.8,0,1.7,0,0,0,0,9,0,0,0,0,0,0.56,0
"Poland",102,15,0,0.106,0.11,0.2,0,0.2,0,0,0,0.22,0,1.7,0,0.1,6.22,0,9,0.6,6.7,2.5,59.6,1.8,6.1,6.3463,0.3537,6.6,4.7,0.1,0.5,0,0,0,11.1,0,0,16.3,0,16.1,1.7,0,0,4.53,0,11.5,3.8,0.5,8.9,0.7,0,0,0,0,0,0.03,0,9,0,1.7,0,0,0,0,0,9,0,0,0,0,0,0.1,0.4,0.1,0,0.2,1.7,5,2.7,13.9,1,0.3,0.4,0,9,0,0,0,0,0,0,0.3,0.8,5.4,1.3,0.1,0,0.9,0.4,9,0,0,0,0,0,13.55,0
"Austria",51,5.3,0.2,0.05,0.08,1.1,0.6,0.1,0.3,0.1,0.8,0.11,0.3,4.2,3.6,2.4,4.01,0.1,0.1,0.5,8.3,0.2,36.7,0.7,6,0.1895,0.0106,31.7,12.6,2.8,1,0,0.7,11.1,0,2.67,6.4,64.6,0,9.8,6.8,1.3,0.5,0.76,1.3,5.8,9.1,1.5,1.9,0.1,9,0.3,0,0,0.5,0.14,0,0,0,6.2,0,0,0.4,0,0,0,0,0,0,0.6,4.9,0.1,0.9,0.5,1,0.7,2.5,4.7,3.2,1.2,3.2,1.4,2.3,1,0,0.5,7.1,0,0.3,0,0.9,1.4,6.5,0.8,0.9,0.6,0,0.6,0,0,0.5,0,0,2.4,2.2,0.16,28.79
"Hungary",0.1,0.7,0,0.053,0,0,0,0.1,0,0,0,0,0,0.2,0,0,0.11,0,9,0,2.54,1.22,1.6,0.1,1.9,7.7672,0.4328,12.3,0.77,1.95,0.23,0,0,0,2.67,0,0,5.6,0,14.57,0.41,0.08,0,13.68,0,0.87,1.7,0.15,0.69,0,0,0,9,0,0,0,1.92,9,0,0.6,0,0.4,0,0,0,0,0,0,0,0.4,0.68,0.24,0.58,0.19,0.5,0.18,3.2,2.5,4.7,0.08,0,0,0.08,0,9,0,0,0,0,0,0,0.3,1.46,0.09,0.7,0.2,0,0.3,0,0,0,0,0,0,0,0.66,0
"Czechoslovakia",9,0.6,0,0.06,0.66,1.8,0,0.6,0.2,0,0.2,0,0.1,2.8,0,1.3,4.57,0.6,0,1,1,1.1,6.8,0.9,7.6,9.851,0.549,5.3,1,1.3,0.2,0,0,0,6.4,0,0,6.3,0,0.7,3.3,0.6,0,7.6,0,2.8,0.9,2,2.5,0.5,0,0,0,0,0,0,0,9,0,4.9,0,0.2,4.8,0,0,0,0,0,0,1.8,0,0.2,0.4,0.4,0.2,1.6,6,3.2,9.8,14.1,3.3,0.4,0.1,0,0,2.9,0,0,0,0,0,3.3,2.4,0.6,3.1,1.7,0,0.5,0.4,9,9,0,0,0,0,11.02,0
"Italy",241.4,16.4,4.8,5.57,0.13,6.7,1.6,0.8,1.6,0.2,0.1,0.85,5.3,53.3,1.42,0.8,3.76,1.8,0.531,11.3,68.4,0.8,29,2.7,29.8,20.744,1.156,145.3,97.8,59.9,6.3,0,7.7,16.3,64.6,5.6,6.3,0,1.7,12.9,23.6,7.4,5.7,13.51,47.2,5,6.2,7.2,34.6,1.3,0,3.8,0,0,0.1,4.54,0.3,0,0.6,14,0,1.6,0.8,0.2,0.2,0.5,0,34.7,9.2,4.7,4.2,0.5,13.5,4.6,27.5,5,8.3,6.3,132.2,2.3,18.5,8.6,1.8,90.9,1.8,0.6,15.6,0,1.1,0,11.5,21.3,37.4,11.1,2,5.8,9,3.4,0.8,0,5.8,0,0,0.1,0.2,77.76,17.29
"Albania",0,9,0,0,9,0,9,0,0,9,0,9,0,9,9,0,9.2,0,0,0,9,0,0.1,0,0,0,0,1.7,0.1,0,0,0,0,0,0,0,0,1.7,0,0.2,0,9,0,1.14,0,0,0,0,0,0,0,9,0,0,0,9,0,0,0,0,0,0,9,0,0,0,0,0,0,0,0,0,0,0,9,0,9,0,0,0,0,0,0,0,0,0,0,0,0,0,0,0,9,0,0,0,0,0,0,9,0,0,0,0,0,0.6,9
"Yugoslavia",44.3,1,0.4,0,0,1.2,0,0,0,0,0,0.2,0,0.1,0,0.1,2.08,0.1,0,0.2,3.4,0.1,1.4,0.3,6.9,3.7889,0.2111,17.5,13.4,0.3,0,0,9.1,16.1,9.8,14.57,0.7,12.9,0.2,0,11.7,0.6,0.6,3.76,4.1,0.5,3.4,0.1,3.2,0,0,0,0,0,0,0,0,0,0,0.3,0,0,0.1,0,0,0,0,0.2,0,1,2.1,0.1,2.1,2.1,0.7,1,1.6,2.3,1.8,17.1,1,0.6,0.4,0,0,0,0.5,0,0,0,0,1.4,2.8,2.2,2.8,0.3,0,0,0.2,0,0,0,0,0.1,12.5,4.29,0.3
"Greece",57.8,11.4,12.2,0.1,0,0.6,0,0.6,0,0,0,0.2,0,0.1,0.9,0.1,0.59,0,0.2,0.1,7.5,0.2,47.7,0.4,15.6,26.9009,1.4991,20.4,5.4,1.2,1.1,0,0.6,1.7,6.8,0.41,3.3,23.6,0,11.7,0,3.2,1,1.16,9.5,3.6,12.7,1.3,4.1,0.9,0,0,0,0,0,0,0.1,0,0,1,0,0,0.7,0,0,0,0,0.6,0.1,1.6,0.9,0.1,0.2,2.3,0.8,1.9,24.5,1.6,0.5,1.3,0.8,0,1.9,0,0,0,0.1,0,0,0,0,77.3,0.5,0.6,0,0.2,0,0.1,0,0,0,0,0,0,0.1,1.32,1.8
"Cyprus",4,0.6,9,0,0,0,0,0,0,0,0,0,0,0.2,0,0,0.6,0,0.1,0,0.1,0,18.7,0.3,3.5,1.8944,0.1056,4.4,0.8,1.6,1.4,0,0.1,0,1.3,0.08,0.6,7.4,9,0.6,3.2,0,0,0.35,0,0.7,1.4,0.3,1.1,0,0,0,0,0,0,0,0,0,0,0.1,0,0,0.1,0,0,0,0,0,0,0.1,0.2,0,0.1,0.5,0.3,0.1,0.4,0.3,0,0.2,0.5,0.1,1.5,0.4,9,0,0,0,0.1,0,0,1.9,0.8,0.2,0,0,9,0.6,9,9,0,0,0,0.4,0,1.2,0.4
"Bulgaria",1,0.3,0,9.139,0,0,0,0,0,0,0,0,0,0,0,0,0,9,0,0,0.3,0.1,1.5,0,0.4,2.9364,0.1636,3.2,0.5,0.2,0,0,0,0,0.5,0,0,5.7,0,0.6,1,0,0,0.29,0,0.2,0.7,1,0.1,0,0,0,0,0,0,0,0,0,0,0,0,0,0,0,9,9,0,0,9,0.1,0,0.1,0.2,0.2,0,0,9.3,0.1,2.2,1.5,0,0,0.9,0,9,9,0,0,0,0,0,0.1,0.5,0,0,0,0,0,0,9,0,0,0,9,0,0.6,0
"Romania",4.93,1.3,0,0,0,0.02,0,0,0,0,0,0,0,0.7,0,0,0.86,0,9,0,0.02,0.03,8.43,0,2.03,0.8999,0.0501,12.92,4.73,0.35,2.02,0,3.14,4.53,0.76,13.68,7.6,13.51,1.14,3.76,1.16,0.35,0.29,0,11.09,1.41,3.83,0.35,0.5,0.1,0,0,0,0,0,0,0,9,0,0,0,0,0,0,0,9,0,0,0,0,0,0.2,1.5,0,0.1,0.82,0.1,0.24,1.86,0.74,2.16,0.9,1.22,0,0,9,7.37,0.04,0,2.07,0,0.2,4.26,0,0.2,1.61,0,0,0,0,0,0,0,0,0.06,1.1,0
"Russia",15,4.8,0,0,0,0.4,0,0,0,0,0,0,0,0,0,0,5.86,0,9,0,3.4,11.2,70.6,2.2,32.6,9.0933,0.5067,20.9,4.6,3.4,0.2,0,0,0,1.3,0,0,47.2,0,4.1,9.5,0,0,11.09,0,11,24.7,6.5,12.6,2.5,0,0,0,0,0,2.85,0,0,0,18.8,0,0.2,0,0,0,9,0,0,0,1.5,0,0.1,3,1.3,0.5,0.7,17.3,1,3.2,22.9,3,0,0.1,0,0,10.9,0,0,9,0,0,27,27.1,1,1.2,6.9,9,4.8,1,9,9,0,0,0,0,28.26,7
"Finland",9.9,4,0.2,0.03,0.33,1.8,0.3,0.1,0.1,0.1,0,0.4,0.8,1.4,0.12,1.2,12.33,0,0,1.9,6.8,1.1,127.3,11.4,17.1,6.0622,0.3378,4.2,15.8,5.5,0.5,0,1.5,11.5,5.8,0.87,2.8,5,0,0.5,3.6,0.7,0.2,1.41,11,0,65,0,10.7,0.4,9,0.3,0,0,0,0.13,0,0,0,0,0,0,0,0,0,0,0,0.4,0,0.1,3.8,0.1,1,0.8,0.1,0.2,8.1,1.2,1.3,3.8,2.3,0.1,5,0.1,0,0,2.1,9,0.1,0,0,1.2,5,0.1,0,0.4,9,0.7,0,0,0.6,0,0,1.4,1.7,7.79,0.9
"Sweden",171.7,2.1,0.9,0.06,2.17,10.7,4,0.7,0.5,1.6,0.2,0,0.6,22.4,3.74,4.9,8.62,1.6,0.372,12.4,5.4,2.4,84,8,91.1,7.483,0.417,5.9,13.5,2.4,2.7,0,11.8,3.8,9.1,1.7,0.9,6.2,0,3.4,12.7,1.4,0.7,3.83,24.7,65,0,121.4,55.1,0.5,0,0.7,0,0,0,0.01,0,0,32.8,3.1,0,0.7,0,0.2,0.1,0.1,0,1.5,0,0,17.8,0.8,0.4,0.7,0.2,1.2,17,1.3,8.4,4.2,4.7,1.4,2.1,7.7,0,0.3,7.4,0,0.4,0,1.2,20.7,19.5,0.2,0,0.8,9,1.6,0.3,0.1,0.9,0,0,11.7,1.4,33.39,1.46
"Norway",51.7,66.6,1.4,0.65,1.47,1.1,0.3,0.4,0.3,0,0.2,1.99,0.9,9.9,0.23,1.4,4.78,0.1,0.1,0.2,3.3,0,1.8,1.3,54,21.9754,1.2246,18.6,12.2,8.7,0.3,0,0.2,0.5,1.5,0.15,2,7.2,0,0.1,1.3,0.3,1,0.35,6.5,0,121.4,0,1.1,0.4,9,0.8,0,0,0,0.33,1.4,9,1,7.4,0,1.6,17.2,0,0,0,0,0.2,0,1,4.4,0.2,1.3,0.2,0.1,0.4,0.5,0.3,1.9,0.1,0.8,0.2,0.2,0.9,0,0,1,0,0.1,0,0.4,5.8,2.5,2.8,0.2,0.2,9,1,0,0,1.1,0,0,4.3,2,8.18,1.09
"Denmark",67.9,7.7,0.4,0.52,1.99,2.4,0.9,0.4,0.6,0.4,1,4.75,0.5,13.2,0.68,0.2,4.37,0.4,0,2.7,6.2,0.2,66.3,3.1,81.9,54.2755,3.0245,48.4,35.2,4.8,3.1,0,2.1,8.9,1.9,0.69,2.5,34.6,0,3.2,4.1,1.1,0.1,0.5,12.6,10.7,55.1,1.1,0,7.6,0,0.5,0.3,0,1,0.4,0,0,4.5,0.9,0,0.2,0,0.3,0,0.2,0,0.6,0,0.3,4.2,0.1,0.6,0.1,0.9,1.5,2.1,1.8,2,2.1,3,0.6,0.4,1.2,0,0.2,8.1,0,0.1,0,1.2,7.1,0.6,0.2,3.7,2.2,0,0,0,0.2,0.7,0,0,0.2,5.8,4.43,0.1
"Iceland",0.2,0.2,0.5,0,0,0,0,0,0,0,0,0.11,0,0.4,0,0,0.32,0,0,0,0,0,2.2,0.3,1.9,0.7578,0.0422,0.6,0.2,0.1,2.5,0,0.5,0.7,0.1,0,0.5,1.3,0,0,0.9,0,0,0.1,2.5,0.4,0.5,0.4,7.6,0,0,0,0,0,0,0,9,9,0,0,0,0,4.4,0,0,0,0,0,0,0,0,0,0,0,0,0,0,0,0,0,0,0,0.3,0,0,0,0,9,0,0,0,1.4,0.1,0,0,0,0,0,0,0,0,0,0,0.2,0,0,0
"Mali",0,0,0,0,0,9,0,9,0,0,0,0,0,9,9,0,0,0,9,0,0,0,0,0,0,0,0,5.2,0,0,0,0,0,0,9,0,0,0,0,0,0,0,0,0,0,9,0,9,0,0,0,0,0,0,0,0,0,0,0,0,0,0,0,0,0,0,0,0,9,0,0,0,3.7,0,0,0,9,0,0,0,0,0,0,0,0,0,0,0,0,0,0,0.1,9,0,9,0,0,0,9,0,9,0,0,0,0,0,0
"Senegal",5.6,0,0,0,9,0,9,0,0,0,0,0,0,2.7,0,0,0.1,9,0,0,0,0,0.2,0,2.5,1.8944,0.1056,19.9,0.4,0.6,0.2,0,0,0,0.3,0,0,3.8,9,0,0,0,0,0,0,0.3,0.7,0.8,0.5,0,0,0,0,0,1.2,0,0.3,0,0,0,0.2,1.1,0.2,0,0.1,0.2,0,0,0,0,0.1,0.3,5.6,0,0,0,0,0,0,0.1,0.2,0,0,0,9,9,4,0,0,0,0,0.3,0.1,0.1,0,0,0,0,4.8,0,0.8,0,0,0,0,0,0
"Benin",0.7,0,0,0,9,0,0,0,0,0,0,9,0,0,9,0,0,0,0,9,0,9,0.4,0,0,0.6631,0.0369,1.6,0,0,9,0,0,0,0,9,0,0,0,0,0,0,0,0,0,0,0,0,0.3,0,0,0,0,0,0,0,0,0,0,0,0,0,0,0,0,0,0,0,0,0,0,9,0.1,9,9,0,0,0,0,0,9,0,0,0,0,0,0,0,0,0,0,0,0,9,0,0,0,0,9,0,0,0,0,0,9,0,0
"Mauritania",0,0,0,0,0,0,9,0,0,0,0,0,9,9,0,0,0,0,0,0,0,9,0,0,0,0,0,5.8,0,0,0,0,0,0,0,0,0,0,0,0,0,0,0,0,0,0,0,0,0,0,0,0,0,0,0,0,0,0,0,0,0,0,0,0,0,0,0,0,9,0.2,0,0.4,0,0,0,0,0,0,0,0,0,0,0,0,0,9,0,0,0,0,0,0,0,0,0,0,0,0.8,0,9,0,0,0,0,0,0,0
"Niger",0.2,0,0,9,0,0,0,0,0,0,0,0,0,0,0,0,0,0,0,0,0.1,0,0.3,0,0.2,0.0947,0.0053,5.3,0,0,0,0,0,0,0.5,0,0,0.1,0,0,0,0,0,0,0,0,0,0,1,0,0,1.2,0,0,0,0,0,0,0,0,0.3,0,0.4,0,0,0,0,0,0,0,9,0,0,0,0,0,0,0,0,0,0,0,0,0,0,0,0,0,0,9,0,0,0,0.1,0,0,0,0,9,0,0,0,0,0,0,0,0
"Ivory Coast",18.44,0.01,0,0,9,0,0,9,9,0,0,0,0,2.04,0,0,0,0,0,0,0,0,1.16,0,6.73,1.0988,0.0612,17.89,0.32,0.74,0.46,0,0,0.03,0.14,0,0,4.54,9,0,0,0,0,0,2.85,0.13,0.01,0.33,0.4,0,0,0,0,0,0,0,0.08,0,0.15,1.55,0,0,0,0,0,0,0,0.44,0,0,0.96,0,1.07,0.16,0,0,0.4,0,0.16,0,0,0,0.13,0,9,9,0,0,0,0,0,0.01,0.22,0.21,0,0,0,0,0.73,0,1.79,0,0,0,0,0,0
"Guinea",1.8,3,0,0,0,0,0,0,0,0,0,0,0,0,0,0,0,9,0,0,0,0,2.3,0,0.3,2.2733,0.1267,1.5,2.3,0,1.2,0,0,0,0,1.92,0,0.3,0,0,0.1,0,0,0,0,0,0,1.4,0,9,0,0.3,0,0,0,0.08,0,0,0,0,0,0,0,0,0,0,0,0,9,9,0,0,1.3,0,0,0,0,0,9,0,0,0,0.5,0,0,0,0,0,0,0,0,0.1,0,0,0,0,0,0,0,0,0,0,0,0,0,0,0
"Burkina Faso",0,0,0,9,0,0,0,0,0,0,0,0,0,9,0,0,9,0,9,9,0,9,0,0,0,0,0,5.5,0,0,0,0,9,9,0,9,9,0,0,0,0,0,0,9,0,0,0,9,0,9,0,0,0,0,0,0,0,0,0,5.2,0,0,0,0,0,0,0,0,9,9,0,0,0,0,0,0,0,0,0,0,0,0,0,0,0,9,0,0,0,0,0,0,0,9,0,0,0,0,0,0,9,0,0,0,0,0,0
"Liberia",6,0.4,0,0,0,0.4,9,0,0,0,0,9,0,0.6,0,0,0,0,9,0,0,0,2.1,0,2.6,0.5683,0.0317,13.6,0.7,0.4,0,0,0,0,0,0,0,0.6,0,0,0,0,0,0,0,0,32.8,1,4.5,0,0,0,0,0,0,0.15,0,0,0,0.1,0,0,0,0,0,0,0,0,9,0,0,9,0.1,0,0,9,0,0.4,9,0,0,0,0.7,0,9,0,0,0,0,0,0,0.2,0.1,0,0,0,0,9,0,0,0.1,0,0,0,0,0,0
"Ghana",36.3,2,0,0,0,0,0,0,0,0,0,0,0,2.6,0,0,0.8,0,0,0,0.9,0.3,69.7,3.1,21.6,6.2516,0.3484,2.7,3.5,3.5,1,0,2.4,1.7,6.2,0.6,4.9,14,0,0.3,1,0.1,0,0,18.8,0,3.1,7.4,0.9,0,0,0,0,0,0,1.55,0,5.2,0.1,0,3.9,0,0.5,9,9,0,0,0,0,0,0.2,0,1,0,0,0,0.3,0,0.1,0.4,0.2,0,0.7,0,9,0,1.6,0,0,0,0,26.7,1.7,0.1,0,0,0,0,0,0,9.2,0,0,0,0,6.48,1.3
"Togo",0.6,0,0,0,9,0,9,0,0,0,0,0,0,0,0,0,0,0,0,0,0,0,1,0,0.5,0.3789,0.0211,2.9,0.4,0,0,0,0,0,0,0,0,0,0,0,0,0,0,0,0,0,0,0,0,0,0,0.2,0,0,0.3,0,0,0,0,3.9,0,0,0,0,0,0,0,0,0,0,0,0,0.1,0,0,0,9,0,0,0,0,0,0,0,0,9,0,0,0,0,0,0,0,0,9,0,0,0,9,9,0,0,0,0,0,0,0
"Cameroon",3.6,0,0,0,0,0,0,0,0,0,0,0,0,0.1,0,0,0,0,0,0,0,0,0.7,0,13.3,2.9364,0.1636,12.4,0.5,0.1,0.8,0,0.1,0,0,0.4,0.2,1.6,0,0,0,0,0,0,0.2,0,0.7,1.6,0.2,0,0,1.1,0,0,0,0,0,0,0,0,0,0,0,1.3,0,0.2,0,0,0,0,0,0,1.7,0,0,0,0,0,0,0,0.1,0,0,0,0,0,0,0,0,0,0,0.8,0,0,0,0,0,0,0.8,0,0,0,0,0,0,0,0
"Nigeria",10.6,1.8,0,0,0,0,0,0,0,0,0,0,0,0.8,9,0,0,9,0,9,0,0,28.7,0.1,7,0.2842,0.0158,6.9,6.6,0,0,0,4.5,0,0.4,0,4.8,0.8,9,0.1,0.7,0.1,0,0,0,0,0,17.2,0,4.4,0,0.2,0,0,0.4,0,0,0,0,0.5,0,0,0,0.1,0,1.5,0,0,0,0,2.6,0,1.1,0,0,0,0,0,0,0,0.1,0,1.8,0,9,0,0,0,0,0,0,69.7,10.6,0,0,0,0,0,0,0,9,0,0,0,0,0.3,0
"Gabon",2.8,0,0,0,0,0,9,0,0,0,0,0,0,1,0,0,0,0,0,0,0,0,1.5,0,1.4,0.2842,0.0158,19.2,0.6,0.4,0.4,0,0,0,0,0,0,0.2,0,0,0,0,0,0,0,0,0.2,0,0.3,0,0,0,0,0,0,0,0,0,0,9,0,1.3,0.1,0,0,0,0,0.1,0,0,0,0.1,0.1,0,0,9,0,0,0,0,0,0,1.9,0,9,0,0,0,0,0,0,0.1,0,0,0,0,0,0,9,9,0,0,0,0,0,0,0
"Central African Republic",0.5,0,9,9,0,0,0,9,0,0,0,0,0,0,9,0,0,9,0,0,0,0,0.3,0,0.2,0.3789,0.0211,4.3,0,0.2,0.5,0,0,0,0,0,0,0.2,0,0,0,0,9,0,0,0,0.1,0,0,0,0,0.1,0,0,0,0,0,0,0,9,0,0,0,0,0,0,0,0.5,0,0,0.2,0,0.1,0,0,0,0,0,9,0,0,0,0,0,9,9,0,0,0,0,0,0.1,0.1,0,0,0,0,0,0,9,0,0,0,0,0,0,0
"Chad",0.6,0,9,0,0,9,0,0,0,0,0,0,0,9,0,0,9,0,0,0,0,0,0.7,0,0.3,0.4736,0.0264,4,0.1,0.2,0.2,0,0,9,0,0,0,0.5,0,0,0,0,9,9,9,0,0.1,0,0.2,0,0,0.2,0,0,0,0,0,0,0,0,0,0.2,1.5,0,0,0,0,0.8,0,0,0,9,0,0,0,0,9,0,9,0,0,0,0,0,0,0,0.3,0,0,0,0,0.3,0.4,0,0,0,0,0,0,0,9,0,9,0,9,0,0
"Congo",3.9,0,0,0,0,0,9,0,0,9,0,0,0,0,0,0,0,0,0,0,0,0,1,0,0,1.5155,0.0845,25.7,0,0,0,0,0,0,0,0,0,0,0,0,0,0,0,0,0,0,0,0,0,0,0,0,0,0,0,0,0,0,0,0,0,0,0,0,0,0,0,0,9,0,0,0,0,0,0,0,9,0,0,0,0,0,0,0,0,9,0,0,0,0,0,0,0,0,9,0,0,0,9,9,0,0,0,0,0,0,0
"Democratic Republic of the Congo",47,0.8,0,0,9,0.1,0,0,0,0,0,0,0,0.4,9,0,2.53,0,0,0,0.2,0,12.6,0.4,4.2,193.0426,10.7574,24,0.5,1.7,1.1,0,0,0,0,0,0,34.7,0,0.2,0.6,0,0,0,0,0.4,1.5,0.2,0.6,0,0,0,0,0,0,0.44,0,0,0,0,0,0,0,0.1,0.5,0.8,0,0,0,0,0,0,0.4,0.5,0,0.2,9,0,9.1,0,0,0,0,0,0,0,0,0,0,0,0,1.7,3.6,0,0,0,0,0,0,0,0,0,0,0,0,0.01,0
"Somalia",0,0,0,0,0,0,0,0,0,0,0,9,0,0,9,9,0,0,0,0,0,9,2.3,0,0.2,0,0,0.1,0,0,0,0,0,0,0,0,0,9.2,0,0,0.1,0,9,0,0,0,0,0,0,0,9,0,0,9,0,0,9,9,9,0,0,0,0,0,0,0,9,0,0,0.5,9,0,0,0,0,0,9,0,0.3,0.1,0,0,9,9,9,0,9,9,9,0,0,0.1,0.8,0,0,0,9,0,0,0,0,0,9,0,0,0,0
"Ethiopia",17.1,0.1,0,9,9,0,0.1,9,0,0,0,0,0,0,0,0,0,0,0,0,0,9,2.2,0.2,0.5,0.9472,0.0528,1.2,0.1,0,0.1,0,0,0,0.6,0.4,1.8,4.7,0,1,1.6,0.1,0.1,0,1.5,0.1,0,1,0.3,0,0,0,0,0.2,0,0,9,9,0,0,0,0,0,0,0,0,0,0,0.5,0,9.1,0,0,0,0,0.5,0,0,0.1,1.6,0.5,0,0.8,0.3,0,0,0.2,0,0,0,0,7.8,5.7,0.3,0,2.9,9,0.1,9,0,9,0,0,0,0,0.01,0
"South Africa",70,46.9,0,0,0,1.1,0,0,0,0,0,0.11,0.2,0.6,0.11,0.3,6.14,0,0,0,3.7,1.3,69.6,1.8,23.8,23.0173,1.2827,17.4,16.5,2.4,1.2,0,0,0,4.9,0.68,0,4.2,0,2.1,0.9,0.2,0,0,0,3.8,17.8,4.4,4.2,0,0,0.1,0,0,9,0.96,0,0,0,0.2,0,0,2.6,0,0.2,0,0,0,9,9.1,0,0.4,3.6,9.6,9,0.2,10.2,1,0.9,0.9,0,0,4.1,0,0,9,0,0,0,0,0.3,0.6,0.2,13.2,5.9,13.3,0,1.5,9,0,0.9,0,0,9.3,1.7,0.14,2.76
"Madagascar",11.8,0,9,0.03,0.1,9,0,0,0,0,0,9,0,0,9,0,0,9,0,0,0,0,0.8,0,2.1,0.7578,0.0422,26.6,0.5,0,0.1,0,0,0.1,0.1,0.24,0.2,0.5,0,0.1,0.1,0,0.1,0.2,0.1,0.1,0.8,0.2,0.1,0,0,0.3,9,0.4,0,0,0,0,9,0,0,0,0,0.1,0,9,0,0,0,0,0.4,0,0.8,0.3,0,0,3.6,0,0,0.3,0,0,0.9,0.5,9,0,0,0,0,0,0,0.7,0.7,0.8,0,0,9,0,0,9,2.3,0,0,0,0,0,0
"Morocco",26,0.3,19.4,0,1.4,0.1,0,0,0,0,0,0,0.1,1,0,0.1,5.58,0,0,0,0.8,0.1,25.6,2.7,1.7,6.2516,0.3484,8.1,0.7,0.2,1.2,0,0.6,0.4,0.9,0.58,0.4,13.5,0,2.1,0.2,0.1,0.2,1.5,3,1,0.4,1.3,0.6,0,3.7,5.6,0.1,0,0,1.07,1.3,0,0.1,1,0.1,1.7,1.1,0.1,0.1,0,0,0.4,0,0,3.6,0.8,0,0.9,0.2,0.4,0.8,0.1,0.2,0.5,0.9,0,9,0.1,9,0,0.4,0,1.5,9,0,3.2,1.4,0.8,0,0.1,0,0,0,9,0,0,0,0.1,0.3,0.01,0.2
"Tunisia",14.7,0,2,0,0,0,0,0,0,0,0,0,0.1,0,0,0,0.47,0,0.1,0.1,0,0.1,7.3,0.1,6.1,1.3261,0.0739,43.7,0.3,0.1,0.9,0,0,0.1,0.5,0.19,0.4,4.6,0,2.1,2.3,0.5,0.2,0,1.3,0.8,0.7,0.2,0.1,0,0,0,9,0,0,0.16,0,0,0,0,0,0,0,0,0,0,0,0.5,0,0,9.6,0.3,0.9,0,1.7,0,0.3,0.9,0,0.5,3.8,0,0,0.2,0,0,0.9,0,0,0,0,0.6,0.3,0.7,0,3.2,0,0,0,0,0.8,0,0,0.1,0.1,0.6,0
"Libya",33.9,0.1,9,0,0,0.3,0,0,0,0,0,0,0,0.7,0,0,0,0,0,0,0.1,0,30.9,0,8.2,1.7997,0.1003,12.3,0.5,0,0.3,0,0,0,1,0.5,0.2,27.5,9,0.7,0.8,0.3,0,0.1,0.5,0.1,0.2,0.1,0.9,0,0,0,9,0,0,0,0,0,0,0,0,0,0,0,0,0,0,0,0,0,9,0,0.2,1.7,0,0,1.4,1.3,0,1.3,0.6,0,0,0,0,9,0.4,0,0,0,0,2.1,0.7,0,0,2.8,0,5.6,0,0,9,0,0,0,0,0.1,0
"Sudan",0.8,0.2,0,0,9,0,0,0,0,0,0,0,0,3.6,0,0,0.1,0,0,0,0,0,2.4,0.1,1,0.4736,0.0264,6.4,0.5,0.1,0,0,0,0.2,0.7,0.18,1.6,5,0,1,1.9,0.1,0,0.82,0.7,0.2,1.2,0.4,1.5,0,0,0,0,0,0,0,0,0,9,0,0,0,0,9,0,0,0,0.2,0,0.5,0.2,0,0.4,0,0,0,8.1,0.4,2.9,7.8,0.1,0.7,0,3.3,0,0,7.2,0,0,0,0,1.7,1.8,0.4,0,0,0,0.2,0,0,0,0,0,0,0.1,0.78,0
"Iran",50.7,34.7,9.9,0,2.2,0.1,0,0,0,0,0,0,0,0.2,0,0.1,0.1,0,0,0,0,0.2,56.6,0,7.8,28.1323,1.5677,15.3,5.2,28.1,1.8,0,0.7,1.7,2.5,3.2,6,8.3,9,1.6,24.5,0.4,9.3,0.1,17.3,8.1,17,0.5,2.1,0,9,0,0,0,0,0.4,0,0,0,0.3,9,0,0,0,0,9,9,9,9,0,10.2,3.6,0.8,0.3,1.4,8.1,0,0.6,1.2,1.1,4.5,0.8,1.5,9,9,9.1,9,9,28,9,0,10.5,61.5,31.7,1.6,5,9,1.8,0.1,0,0.1,0,9,0,0.2,28.54,6.16
"Turkey",55.7,0.6,0,0,0,0,0.2,0,0,0,0,0,0,0,0,0,0.8,0,0,0,0.1,0.1,20.5,0.9,7.1,0.663,0.0369,0,1.3,1.1,0.4,0,1.8,5,4.7,2.5,3.2,6.3,0,2.3,1.6,0.3,0.1,0.24,1,1.2,1.3,0.3,1.8,0,0,0,0,0,0,0,0,0,0.4,0,0,0,0,0,0,0,0,0,0,0,1,0,0.1,0.9,1.3,0.4,0.6,0,0.9,1.5,11.2,1.7,1.3,5.8,0,0,0,0,0,0,0,1.8,5.6,0.1,0,0.9,0,0,0.2,0,0,0,0,0,0,6.3,0
"Iraq",14,0.8,11,0,0.55,0,9,0,0,0,0,0,0,0,0,0,0,0,9,0,0.2,0,56.1,21.6,10.5,21.2176,1.1824,158.2,7,29.1,25.4,0,2.4,2.7,3.2,4.7,9.8,132.2,0,1.8,0.5,0,2.2,1.86,3.2,1.3,8.4,1.9,2,0,0,0,0,0,0,0.16,9,0,9,0.1,0,0,0,0,9,9,0,9.1,0.3,0.1,0.9,0,0.2,0,0,2.9,1.2,0.9,0,0.1,6.9,0.1,0,0.3,0,0,7.1,0,4.8,0,0,47.9,3.2,4.9,0,20.4,0,2.5,0,9,0,0,0,0,18.1,9.12,0
"Egypt",79.8,0.5,7.5,0.018,0,0.3,0,0.1,0,0,0,0,0,0.1,0,0,0.12,0,0,0.6,0.6,0.5,20.1,0,6.8,3.6941,0.2059,13.1,5,0.5,0.9,0,3.8,13.9,1.2,0.08,14.1,2.3,0,17.1,1.3,0.2,1.5,0.74,22.9,3.8,4.2,0.1,2.1,0,0,0.1,0,0,0,0,0,0,0,0.4,0,0,0,0,0,0,0,0,0.1,1.6,0.9,0.3,0.5,0.5,1.3,7.8,1.1,1.5,0.1,0,4.3,2.2,0,14.7,0.2,0,24.9,0,0,0,0,7.2,8.2,2.9,1,1.5,0,0,0,0,0.1,0,0,1.1,1.3,1.18,0.5
"Lebanon",36.2,1.1,0,0.008,2.1,0,0,0,0,0,0,0,0,0.2,0,0.1,1.3,0,9,0,3.7,0,19.9,0.6,27.7,3.2205,0.1795,27.5,4.7,1.6,0.8,0,0.9,1,3.2,0,3.3,18.5,0,1,0.8,0.5,0,2.16,3,2.3,4.7,0.8,3,0,0,0.2,9,0,0,0,0,0,0,0.2,0,0.1,0.1,0,0,0,0,0,0,0.5,0,0,0.9,3.8,0.6,0.1,4.5,11.2,6.9,4.3,0,11.3,0,18.3,0,0,0,0,0,9,0,4.5,0.3,1.2,0,0,0,0.1,0,9,9,0,0,0,0,1.1,0
"Jordan",14.1,0,0,0,0,0,0,0,0,0,0,0,0,0.2,0,0,0.1,0,0,0,0.2,0,16.5,0,4.1,2.4628,0.1372,2.5,0.7,0.3,0.5,0,1.3,0.3,1.4,0,0.4,8.6,0,0.6,0,0.1,0,0.9,0,0.1,1.4,0.2,0.6,0,0,0,0,0,0,0,0,0,0,0,0,0,0,0,0,0,0,0,0,0,0,0,0,0,0,0.7,0.8,1.7,0.1,2.2,11.3,0,0,5.4,0,0,1.1,0,0,0,0,4.3,1,0,0,1.3,0,0,0,0,0,0,0,0,0,0.6,0
"Israel",113.6,4.3,0.2,0,0,1.1,0.1,0,0,0,0.1,0,0.4,1.6,0.11,0.5,0.08,0,0,0,0.8,0.3,13.3,0.9,15.7,2.0839,0.1161,21.5,15,0.4,4.5,0,0,0.4,2.3,0.08,0.1,1.8,0,0.4,1.9,1.5,0.9,1.22,0.1,5,2.1,0.2,0.4,0.3,0,0,0,0,0,0.13,0.5,0,0.7,0.7,0,0,1.8,1.9,0,0,0,0,9,0.8,4.1,0.9,9,0,0,0,1.5,1.3,0,0,0,0,0,0,0,0,0,0,0,0,0,7.2,0,0,0.5,0.1,0,0.2,0,0,0,0,0,0.1,0,0.59,0
"Saudi Arabia",7,42.1,0,9,0,0,0,0,0,0,0,0,0,0,9,0,22.88,0,0,0,0,1.2,9.8,7.5,18.7,16.1027,0.8973,60.5,3.5,43.5,0.4,0,0,0,1,0,0,90.9,0,0,0,0.4,0,0,0,0.1,7.7,0.9,1.2,0,0,0,0,0,0,0,0,0,0,0,0,0,0,0,0,0,0,0,9,0.3,0,0.5,0.1,0.2,0,3.3,9,5.8,0.3,14.7,18.3,5.4,0,0,0,9,0,0,0,0,0,89.9,30.7,6,0,0,0,7.7,0,0,0,0,0,7.7,0,23.84,0
"Yemen Arab Republic",0,9,9,9,0,9,0,9,9,9,9,0,9,9,0,0,0,9,0,9,0,9,0,9,0,0.0947,0.0053,0.6,0.2,0,0,0,0,9,0,9,0,1.8,0,0,0,9,9,0,0,0,0,0,0,0,0,9,0,0,0,9,0,0,9,9,0,0,9,9,9,0,0,0,9,0,0,9,9,0,0,0,9,0,0,0.2,0,0,0,0,0,9,0,0,0,0,0,0.9,0,0,0,0,0,0,9,9,0,0,0,0,9,0,0
"Afghanistan",12,0,0,0,0,0,9,0,0,0,9,0,9,0,0,0,0,9,0,0,9,9,8.5,0,0.8,0.3789,0.0211,0.8,0.3,0,0,0,0,0,0.5,0,2.9,0.6,0,0,0,0,9,9,10.9,0,0.3,0,0.2,0,0,9,0,9,0,9,0,9,0,0,9,0,0,0,9,0,9,0,0,0,9,0,0,0,9,0,9.1,0,0,0,0,0,0,9,9,0,9,9,9,9,0,4.3,2.3,5.1,0,0,9,0,0,0,0,0,9,0,0,0,0
"China",0,2.9,0,0,0,0,0,0,0.2,0.1,0,0,0,0.4,0,0,0.5,0,0,0,1.5,4.3,20.1,1.4,14.4,32.8684,1.8316,30.1,0.7,0.4,0,0,0,0,7.1,0,0,15.6,0,0.5,0.1,0,0,7.37,0,2.1,7.4,1,8.1,0,0,4,0,0,0,0,0,0,0,1.6,0,0,0,0,0,0.3,0,0,9,0.2,0,0,0.4,0.9,0.4,7.2,9,0,7.1,24.9,0,1.1,0,0,0,9,0,0,0,0,0,18,5,10.8,18.3,2.5,0,0.2,2.3,0,0,0,0,0,0,11.95,1.43
"Mongolia",0,0,0,0,9,0,9,9,0,0,9,0,9,0,0,0,9,0,0,0,0,9,0,0,0,9,9,0,0,0,0,0,0,0,0,0,0,0,0,0,0,0,0,0.04,0,9,0,0,0,9,0,0,0,0,0,0,0,0,0,0,0,0,0,0,0,0,0,0,9,0,0,0,0,0,0,0,9,0,0,0,0,0,0,0,0,9,0,0,0,0,0,0,9,0,9,0,0,9,0,0,0,0,0,0,0,0,9
"Taiwan",256,1.7,0,0,0,0.1,0,0,0,0,0,0,0,0,0,0,0,0,0,0.7,0,0,0.7,0,0.8,0,0,0.2,0.7,0,0,0,0,0,0.3,0,0,1.1,0,0,0,0.1,0,0,9,0.1,0.4,0.1,0.1,0,0,0,0,0,0,0,0,0,0,0,0,0,0,0,0,0,0,0,9,0,0,0,1.5,0,0,0,28,0,4.8,0,0,0,0,0,0,9,0,0,0,0,5.1,38.8,0,0.5,0,0,0,0.2,0,0.3,4.1,0,0,1.1,0,3.76,0
"North Korea",9,0,0,0,0,9,0,0,0,0,0,0,0,0,9,0,0,0,9,0,0,0,0,0,0,0,0,0,0,0,0,0,0,0,0,0,0,0,0,0,0,0,0,2.07,0,0,0,0,0,0,0,0,0,0,9,0,0,0,0,0,0,0,0,0,0,0,0,0,0,0,0,0,9,0,0,0,9,0,0,0,9,0,0,0,0,9,0,0,0,0,0,0,0,0,0,0,0,0,0,9,0,0,0,0,0,0,9
"South Korea",112.3,5.1,0,0,0.7,0,0,0,0,0,0,0,0,0,0,0,0,0,0,0,0.1,0,7.3,0,5.5,2.2733,0.1267,2.6,2.3,0.2,0,0,0,0,0.9,0,0,11.5,0,0,0,0,0,0,0,0,1.2,0.4,1.2,0,0,0,0,0,0,0,0,0,0,0,0,0,0,0,0,0,0,0,0,0,0.3,0,0,0,0,0,0,0,0,0,0,0,0,0,0,0,0,0,5.1,0,0,39.2,0.5,0,0.8,0,0,0.7,0,0,0,0,0,10.3,0,7.5,0
"Japan",306.6,79.8,11.8,0.08,2.21,85.8,1.1,3.7,5,5.4,7.2,1.51,8.3,40.8,1.66,25.5,9,2.1,2.12,0.9,22.8,0.8,21.5,8.6,4.6,7.8619,0.4381,15.9,4.4,14.8,6,0,0.4,0.3,1.4,0.3,3.3,21.3,0,1.4,77.3,1.9,0.1,0.2,27,1.2,20.7,5.8,7.1,1.4,0.1,0.3,0,0,0,0.01,0.1,0,0.2,26.7,0,0.8,69.7,0.1,0.1,0.3,0,1.7,0.1,7.8,0.6,0.7,3.2,0.6,2.1,1.7,10.5,1.8,47.9,7.2,4.5,4.3,7.2,89.9,0.9,4.3,18,0,38.8,0,39.2,0,18.6,23.6,45.1,22.3,0,43.6,7.8,1.7,47.9,0,0,4.2,49.9,192.45,9.38
"India",375.6,3.8,11.4,0.46,0.77,2.6,0,0.2,0,0.2,0.4,0.22,0.2,0.4,0.55,3.1,1,0,0.2,1.6,18.9,0.8,23.9,9.5,17.1,20.1757,1.1243,16.1,13.4,1.1,0.2,0,2.8,0.8,6.5,1.46,2.4,37.4,9,2.8,0.5,0.8,0.5,4.26,27.1,5,19.5,2.5,0.6,0.1,9,0.1,0,0,0,0.22,0,0,0.1,1.7,0,0,10.6,0,0.1,0.4,0,3.6,0.8,5.7,0.2,0.7,1.4,0.3,0.7,1.8,61.5,5.6,3.2,8.2,0.3,1,0,30.7,0,2.3,5,9,0,0,0.5,18.6,0,9.9,26,48.2,0,4.5,1.9,0.1,1.9,0,0,1.6,1.7,6.65,14.28
"Pakistan",120.6,12.9,2.4,0,0.11,0.1,0.2,0,0,0,0.1,0,0,0.3,0,2.1,0,0,0,0.1,3.4,0.5,32.2,2.3,6.2,1.6103,0.0897,1.3,7,0.2,0.8,0,0,5.4,0.8,0.09,0.6,11.1,0,2.2,0.6,0.2,0,0,1,0.1,0.2,2.8,0.2,0,0,0.1,9,0,0.1,0.21,0,9,0,0.1,0,0,0,0,0,0,0,0,0,0.3,13.2,0.8,0.8,0.7,0,0.4,31.7,0.1,4.9,2.9,1.2,0,0,6,0,5.1,10.8,0,0.5,0,0,23.6,9.9,0,3.5,0.9,0,4.9,0,0.1,3,0,0,3.3,0.1,2.75,0.45
"Myanmar",7.8,0.2,9,0,0,0,9,0,0,0,0,0,0,0,0,0,0,0,9,0,0.1,9,9,0.3,8,0,0,1.3,1.3,0.9,0,0,1.7,1.3,0.9,0.7,3.1,2,0,2.8,0,0,0,0.2,1.2,0,0,0.2,3.7,0,9,0,0,0,0,0,0,0,0,0,9,0,0,0,0,0,9,0,0,0,5.9,0,0,0,0,0,1.6,0,0,1,0,0,0.5,0,0,0,18.3,9,0,0,0.8,45.1,26,3.5,0,24.8,0,0.2,0,17.9,0,0,0,0,43.9,5.8,0.2
"Sri Lanka",27.3,13.6,0,0,0.7,1.8,0.1,0,0,0,0,0,0,0.1,0.11,0.4,5.8,0.1,0,1.8,0.4,0.5,24.3,2,4.1,4.8308,0.2692,1.6,2.2,0.2,0.1,0,0,0.1,0.6,0.2,1.7,5.8,0,0.3,0.2,0,0,1.61,6.9,0.4,0.8,0.2,2.2,0,0,0,0,0,0,0,0,0,0,0,0,0,0,0,0,0,0,0,0,2.9,13.3,0,0.1,3.2,2.8,0,5,0.9,20.4,1.5,0,1.3,0.1,0,0,0,2.5,0,0,0,0,22.3,48.2,0.9,24.8,0,0,4.3,0,9,3.3,0,0,0,1,7.3,5.97
"Nepal",1,0,0,0,0,9,0,0,0,0,0,0,0,0,9,0,0,0,0,0,0,9,0,9,0,0,0,0,0,0,9,0,0,0,0,0,0,9,0,0,0,9,0,0,9,9,9,9,0,0,0,0,0,0,0,0,0,0,0,0,0,0,0,0,0,0,0,0,9,9,0,9,0,0,0,0,9,0,0,0,0,0,0,0,0,9,0,0,0,0,0,0,0,0,0,0,0,0,0,0,0,0,0,0,0,0,0
"Thailand",15.5,1.3,0,0,0,0.3,0.1,0,0,0,0,2.4,0,0.3,0,0,1.44,0,0,0,0,0,35,0.2,15.3,0.6631,0.0369,6.8,6.8,0.2,0.1,0,0,0.9,0.6,0.3,0.5,3.4,0,0,0.1,0.6,0,0,4.8,0.7,1.6,1,0,0,0,0,0,0.8,0,0,0,0,9,0,0,0,0,0,0,0,0,0,0,0.1,1.5,0,0,0,5.6,0.2,1.8,0,2.5,0,0.1,0,0.2,7.7,0,0,0.2,9,0.2,0,0.7,43.6,4.5,4.9,0.2,4.3,0,0,0.5,1.1,0,0,0,0.4,5.1,4.09,0
"Cambodia",1.8,0.1,9.3,0,0,9,0,0,0,0,9,0,0,0,0,0,0,0,0,0,0,0,1.6,0,0.6,0.7578,0.0422,12.4,0.2,0,0,0,0,0.4,0,0,0.4,0.8,0,0.2,0,9,0,0,1,0,0.3,0,0,0,9,4.8,9,0,9,0.73,0,0,0,0,9,0.8,0,9,0,0,9,0,0,9,9,0,0,0,0,0,0.1,0.2,0,0,0,0,0,0,9,0,2.3,0,0,0,0,7.8,1.9,0,0,0,0,0.5,0,0,2.2,0,0,0,0.2,0.5,0
"Laos",1.6,0,0,0,9,9,0,0,0,0,0,9,9,0,0,0,9,9,9,0,0,0,16.9,0,0.3,0,0,1.7,2.7,0,0,0,9,9,0,0,9,0,9,0,0,9,9,0,9,0,0.1,0,0.2,0,0,0,0,9,0,0,0,0,0,0,9,0,0,9,9,0,9,0,0,0,0,9,9,0,0,0,0,0,9,0,9,0,0,0,9,0,0,0,0.3,9,0,1.7,0.1,0.1,17.9,9,0,1.1,0,0,0.2,0,0,0,2,0.1,0
"Vietnam",56.1,0.8,2.9,0,0,0,0,9,9,9,9,9,0,0,0,0,0,0,0.1,9,0,9,2.1,0,0.9,0,0,16.5,0.3,0.1,0.1,0,0,0,0.5,0,9,5.8,0,0,0,0,0,0,9,0.6,0.9,1.1,0.7,0,9,0.8,0,0,0,1.79,0,9,0.1,9.2,0,0,9,0,0,9,0,0,0,9,0.9,2.3,0,0.8,9,0,0.1,0,0,0.1,9,0,0,0,0,0,0,0,4.1,0,0,47.9,1.9,3,0,3.3,0,0,2.2,0.2,0,0,0,0,7.7,0.4,0
"Republic of Vietnam",0,0,0,0,0,0,0,0,0,0,0,0,0,0,0,0,0,0,0,0,0,0,0,0,0,0,0,0,0,0,0,0,0,0,0,0,0,0,0,0,0,0,0,0,0,0,0,0,0,0,0,0,0,0,0,0,0,0,0,0,0,0,0,0,0,0,0,0,0,0,0,0,0,0,0,0,0,0,0,0,0,0,0,0,0,0,0,0,0,0,0,0,0,0,0,0,0,0,0,0,0,0,0,0,0,0,0
"Malaysia",0,0,0,0,0,0,0,0,0,0,0,0,0,0,0,0,0,0,0,0,0,0,0,0,0,0,0,0,0,0,0,0,0,0,0,0,0,0,0,0,0,0,0,0,0,0,0,0,0,0,0,0,0,0,0,0,0,0,0,0,0,0,0,0,0,9,0,0,9,0,0,0,0,0,0,0,9,0,0,0,0,0,0,0,0,9,0,0,0,0,0,0,0,0,0,0,0,0,0,0,0,0,0,0,0,0,0
"Philippines",31.6,12.6,0,0.01,0,0.3,0,0,0,0.1,0,0.49,0.2,8.4,0.2,0.2,0.6,0,0.5,0,2.9,0.5,14.3,0.2,18.4,0.9472,0.0528,1.6,2.4,2.9,1.2,0,0,0,2.4,0,0,0.1,0,0.1,0,0.4,9,0,0,1.4,11.7,4.3,0.2,0.2,0,0,0,0,0,0,0,0,0,0,0,0,0,0,0,0,0,0,0,0,9.3,0,0.1,0.1,0,0,0,0,0,1.1,0,0,0.1,7.7,0,0,0,0,1.1,0,10.3,4.2,1.6,3.3,0,0,0,0.4,0,0,0,0,0,0,21.9,7.51,1.2
"Indonesia",123.7,2,0,0.01,0.22,5.3,0.1,0,0,0,0,0,0,1.3,0,1.2,0,0,0,0.1,0.1,0.1,43.4,0.4,33.7,6.3463,0.3537,3,2.7,0.2,0.1,0,0,0,2.2,0,0,0.2,0,12.5,0.1,0,0,0.06,0,1.7,1.4,2,5.8,0,0,0,9,0,0,0,0,0,0,0,0,0,0,0,0,9,0,0,0,0,1.7,0,0.3,0.1,0,0.1,0.2,0,18.1,1.3,0,0,0,0,9,0,0,0,0,0,0,49.9,1.7,0.1,43.9,1,0,5.1,0.2,2,7.7,0,0,21.9,0,60.45,7.37
"Australia",320.09,61.53,0.11,0.02,0,4.93,0,0,0,0,0,0.1,0.28,3.2,0.11,0.29,7.26,0,0,0.24,3.74,0,311.06,8.58,34.25,25.6222,1.4278,98.78,26.53,5.35,0.05,0,0.56,13.55,0.16,0.66,11.02,77.76,0.6,4.29,1.32,1.2,0.6,1.1,28.26,7.79,33.39,8.18,4.43,0,0,0,0,0,0,0,0,0,0,6.48,0,0,0.3,0,0,0,0,0.01,0,0.01,0.14,0,0.01,0.6,0.1,0.78,28.54,6.3,9.12,1.18,1.1,0.6,0.59,23.84,0,0,11.95,0,3.76,0,7.5,192.45,6.65,2.75,5.8,7.3,0,4.09,0.5,0.1,0.4,0,0,7.51,60.45,0,66.22
"New Zealand",48.26,13.63,0,0.01,0.7,0.7,0,0,0,0,0,0.88,0,1.7,0,1.8,0,0,0,0.1,0,0,183.41,2.2,0.05,15.2028,0.8472,63.01,6.35,0,1.3,0,0,0,28.79,0,0,17.29,9,0.3,1.8,0.4,0,0,7,0.9,1.46,1.09,0.1,0,0,0,0,0,0,0,0,0,0,1.3,0,0,0,0,0,0,0,0,0,0,2.76,0,0.2,0,0,0,6.16,0,0,0.5,0,0,0,0,0,0,1.43,9,0,9,0,9.38,14.28,0.45,0.2,5.97,0,0,0,0,0,0,0,1.2,7.37,66.22,0
