"","United States of America","Canada","Bahamas","Cuba","Haiti","Dominican Republic","Jamaica","Trinidad and Tobago","Barbados","Dominica","Grenada","St. Lucia","St. Vincent and the Grenadines","Antigua & Barbuda","St. Kitts and Nevis","Mexico","Belize","Guatemala","Honduras","El Salvador","Nicaragua","Costa Rica","Panama","Colombia","Venezuela","Guyana","Suriname","Ecuador","Peru","Brazil","Bolivia","Paraguay","Chile","Argentina","Uruguay","United Kingdom","Ireland","Netherlands","Belgium","Luxembourg","France","Monaco","Liechtenstein","Switzerland","Spain","Andorra","Portugal","Germany","Poland","Austria","Hungary","Czech Republic","Slovakia","Italy","San Marino","Malta","Albania","Montenegro","Macedonia","Croatia","Yugoslavia","Bosnia and Herzegovina","Kosovo","Slovenia","Greece","Cyprus","Bulgaria","Moldova","Romania","Russia","Estonia","Latvia","Lithuania","Ukraine","Belarus","Armenia","Georgia","Azerbaijan","Finland","Sweden","Norway","Denmark","Iceland","Cape Verde","Sao Tome and Principe","Guinea-Bissau","Equatorial Guinea","Gambia","Mali","Senegal","Benin","Mauritania","Niger","Ivory Coast","Guinea","Burkina Faso","Liberia","Sierra Leone","Ghana","Togo","Cameroon","Nigeria","Gabon","Central African Republic","Chad","Congo","Democratic Republic of the Congo","Uganda","Kenya","Tanzania","Burundi","Rwanda","Somalia","Djibouti","Ethiopia","Eritrea","Angola","Mozambique","Zambia","Zimbabwe","Malawi","South Africa","Namibia","Lesotho","Botswana","Swaziland","Madagascar","Comoros","Mauritius","Seychelles","Morocco","Algeria","Tunisia","Libya","Sudan","South Sudan","Iran","Turkey","Iraq","Egypt","Syria","Lebanon","Jordan","Israel","Saudi Arabia","Yemen","Kuwait","Bahrain","Qatar","United Arab Emirates","Oman","Afghanistan","Turkmenistan","Tajikistan","Kyrgyzstan","Uzbekistan","Kazakhstan","China","Mongolia","Taiwan","North Korea","South Korea","Japan","India","Bhutan","Pakistan","Bangladesh","Myanmar","Sri Lanka","Maldives","Nepal","Thailand","Cambodia","Laos","Vietnam","Malaysia","Singapore","Brunei","Philippines","Indonesia","East Timor","Australia","Papua New Guinea","New Zealand","Vanuatu","Solomon Islands","Kiribati","Tuvalu","Fiji","Tonga","Nauru","Marshall Islands","Palau","Federated States of Micronesia","Samoa"
"United States of America",0,74476.94,2953.72,387.2,407.66,3403.812,1544.1203,6073.1296,434.17,78.96,82.67,326.86,86.46,148.4,100.2,73600.95,217.55,2104.5117,483.1396,1246.6079,1776.3992,2623.8164,2371.4822,10057.963,33424.124,32.04,212.6254,3913.2838,1661.7769,5171.451,62.0726,551.189,5378.6228,3161.7715,1079.25,7358.48,30721.4819,10416.674,7484.086,985.2516,16504.133,0,0,14601.234,673.636,0,1349.9585,56761.718,2181.4163,6542.3733,1620.4823,1601.3673,1047.5289,18979.289,0,27.3968,49.5285,15.2732,14.07,65.481,0,28.26,15,142.441,81.2871,180.3049,162.6938,62.3997,664.935,24401.778,853.59,269.6661,819.1431,1069.9686,183.8283,51.0086,60.7136,1841.7959,2599.7828,6495.9632,3670.4067,4388.4109,297.9502,0,5.7,12.89,908.25,32.34,56.3,251.5336,680.97,266.2,243.7,1182.1136,158.93,33.15,52.77,87.36,510.56,0.6885,100.02,29051.9192,4434.49,7.65,3209.47,2209.2301,440.28,54.89,96.0531,223.68,22.7908,99.35,4.51,141.87,609.6,4.2,12182.01,462.1,51.0787,13.7,4.32,984.9326,302.6,381.8,250.5,73.1,28.99,0.47,168.4031,8.57,2680.8666,12736.7754,515.7944,350.7,67.152,0,251.65,10578.5132,14690.5799,4301.3063,132.93,1910.8011,122.576,14545.0994,33558.558,187.31,5009.8501,787.13,1284.1671,14974.98,895.6248,3189.7501,32.78,183.52,110.39,58.93,0.3875,274860.48,333.64,16752.998,10.23,13764.656,56269.458,14014.022,3.3,1819.4299,4294.2069,53.68,1917.7141,45.67,39.78,12244.67,2662.2683,31.59,13924.9788,8340.565,20172.666,176.94,2323.8672,9157.656,0,18944.469,189.1,457.6572,3.1,4.47,16.7,0.8,113.45,19.23,0.2,0,0,0,22.78
"Canada",74476.94,0,118.2967,267.8644,13.3693,25.1458,187.7044,52.0118,72.378,4.1696,3.3831,10.1813,8.0596,9.9571,1.17,16709.545,1.5523,351.7682,174.8708,96.7015,334.5449,349.6473,53.4082,72.7852,396.5016,396.9784,277.0142,22.2409,4149.0385,424.7832,229.6421,7.21,1212.2663,2014.0569,80.6857,7166.918,1016.3253,1167.2093,781.4354,78.3732,3320.7114,0,0,2892.2363,568.1457,0,91.7116,9150.9588,1411.4922,1145.1734,267.2403,267.5223,208.4532,3547.814,0,20.1278,40.0147,1.0138,10.2466,3.0634,0,7.9034,0,74.2531,118.4055,7.6951,123.3826,3.9611,207.0997,141.7735,6.2049,21.3791,657.4794,56.2839,3.0386,44.0863,109.4868,464.4993,1214.23,2043.2225,1101.2085,1317.2174,10.0943,0,0.0061,0.2597,696.3141,0.827,28.2268,27.5771,15.6337,17.5912,9.1555,679.2485,34.356,49.643,20.1348,7.3837,234.1889,1.2626,21.8423,2519.4823,18.8243,0.3023,2.794,24.5945,20.1368,9.0888,58.2626,61.9555,1.3814,0.768,1.2081,1.8303,3.3715,352.5312,2580.814,10.9339,38.0399,2.5676,134.1407,112.3236,248.6081,13.1119,4.7011,0.5766,43.9005,0.3175,14.3084,6.8879,224.7729,5833.9486,50.7619,50.7933,17.7751,0,101.8573,64.2533,2520.4432,71.6034,15.8526,48.5521,64.6819,680.7357,2095.5128,11.9641,79.4214,76.4877,257.4356,498.3668,86.0104,62.3495,17.872,4.0067,14.9135,6.0871,3006.7393,30495.986,165.9047,3714.468,4.7939,826.5366,1538.265,210.1592,0.4987,472.8275,679.9068,0.8601,197.8098,6.5117,10.5031,1907.308,570.9106,0.5642,1137.3405,1456.4127,554.3014,4.9364,600.9507,425.1218,0,42.2357,49.9547,109.987,1.9707,0.1647,0.052,9,3.8184,0.203,0.0468,0,0,0,0.8813
"Bahamas",2953.72,118.2967,0,1.0169,0.4488,206.9422,53.1805,121.3764,5.8517,0.006,0.4834,0.2221,0.0714,0.268,0.0456,136.7678,1.1234,13.917,1.3013,0.0957,0.1822,11.9303,1.2085,496.651,136.0843,0.0378,0.0016,164.2113,30.7532,38.2825,0.0504,0,1.6427,69.0446,3.7387,20.7624,0.6387,76.4419,9.9089,0.0009,10.3136,0,0,59.1744,2.4124,0,0.1361,79.8475,4.4647,13.2923,0.4866,0.4359,0,113.9366,0,0.2136,0,0.211,0.0141,0.0085,0,0,0,1.1923,24.3129,0.2414,0.8014,0.08,0.1376,12.8043,0.3127,0.3849,1.2622,1.6227,0.0504,0.001,0,0,9.52,15.1599,205.0252,25.0381,0.7702,0,0,9,0,0,9,0.0624,0,0,9,21.1427,0,0,0.0687,0,0,0,0.957,2.1147,0.0151,0,0,0,0,0,0.0033,0.0032,0,0,0,0,9,0,0,0,0.0001,0,0,4.0188,0,0,0,0,0.351,0,0.1131,0,0.1347,34.8981,0.0842,0,0,0,0,7.2827,0,0.0003,0,0.019,0,2.09,119.1734,0.1563,0,0.1941,9,0.8292,0.1682,0,6.8667,0,0.0012,0,0.0272,543.427,9.0051,2.6451,0.639,2077.9972,271.0088,2701.1167,0,0.0294,0,0,0.028,9.0878,0,5.0611,0,0,0,20.6696,283.5716,0,1.6503,0.46,0,0.7826,9,1.8202,9,0,0,0,0,0,0,0,0,0,1.2756
"Cuba",387.2,267.8644,1.0169,0,22.1095,42.168,0.0017,56.626,0.4427,0,0.1034,0.2988,0.0159,0,9.0008,373.2366,99.6218,13.1343,17.5936,4.4036,1.0323,26.037,1.8885,36.0179,3816.9271,67.4505,0.5532,2.1732,14.2397,504.2303,6.8675,1.1013,41.3916,114.5933,79.9571,10.5163,0.3644,108.5508,27.7963,0.0891,299.8576,0,0,17.173,748.5955,0,25.159,195.8537,2.6047,9.3958,2.2445,52.3334,18.4084,253.8463,0,0.1588,0.0123,0.0913,0.1272,1.8089,0,0,0,0.9298,4.2292,2.9166,6.2437,0.082,2.1253,75.9774,1.2309,3.8508,6.2074,25.5501,21.4049,0.0661,0.16,0.0222,5.1553,24.5742,1.194,20.6334,0.3543,0,0,13.2668,0,0.1211,0,0.0011,0,0.0953,0,0.0626,9.0127,9,0,9,5.2231,0.7983,0,0.5916,0.0068,0,0,0,9,0.1661,0,0.003,0,0.0312,0,0,0.0197,0,9,0,0.0124,0,0,2.6621,0,0,0,0,0.135,9,0.1834,0,13.2253,319.4372,5.1484,86.5407,0,0,0,7.6488,0,12.76,0.7436,3.3771,0.1085,0,0.8411,0.0112,0.7222,4.0927,1.7183,3.3169,0.013,0,0,0,0.0597,0,13.9364,190.7541,1.4811,0.0274,0,51.6093,21.0763,38.7882,0,0.5082,9,9,0.0111,0,0,2.7524,9.1271,0,297,5.3448,68.4263,9,0.6532,15.0203,0,1.0041,9,62.4453,0,0,0,0,0,0,0,0,0,0,0
"Haiti",407.66,13.3693,0.4488,22.1095,0,1665.584,3.0786,23.5291,2.2691,0.0029,0,0.0757,0.0401,0,0.0814,52.693,0.038,19.3683,4.2108,10.4222,6.1255,11.3186,0.8238,71.3604,3.0341,6.5075,0.006,2.3272,79.1256,102.7721,0.0778,0,3.4225,34.5429,6.3266,15.2715,3.2829,32.6292,13.8089,0.0702,45.1874,0,0,0.4118,15.9484,0,0.818,20.3656,1.1023,2.5273,0.9681,0.0112,1.9013,36.2916,0,0,0,0.0004,0,0.0314,0,0,0,3.2239,0.0262,0.0439,0.384,0,8.2247,4.7542,0.0004,0.0303,0.0399,0.0018,0.0006,9,0,9,0.4676,113.4824,1.6549,7.2595,0.0568,0,0,0,0,0,9,0.0013,0.0056,9,9,0.204,0,0,0,9,0,0,0,0.0761,0,9,0,0,0,0.0025,0.5719,0,0,9,0,9,9,0,0,0,0,0,0,2.1731,0,0,0,0,0.0067,9,0.0269,0,1.343,0.0665,0.1813,9.9055,0,0,0,25.0162,0,7.9071,0,0.028,0.2409,3.08,0.0583,0,0.1072,0.0048,0,1.1633,0,0,0,9,9,0,0.0072,329.7053,0,4.4832,0,35.2729,72.2014,49.7708,0,6.1046,0,0,0.1797,0,9,21.5704,0.0576,0,0,112.2392,2.9485,0,0.4093,16.0718,0,0.2489,0,0.4457,9,0.0668,0,0,0,0,0,0,0,0,9.1821
"Dominican Republic",3403.812,25.1458,206.9422,42.168,1665.584,0,63.8769,595.4701,9.7345,4.6609,1.3819,3.4275,1.8602,10.1466,2.9667,1059.9654,10.1249,42.5921,26.1104,57.3342,21.465,203.9938,54.6459,785.0655,1286.5077,8.0671,5.2925,27.1847,42.4759,405.0097,3.5099,3.1826,51.4254,252.0546,38.1032,75.1042,12.3412,100.1556,122.4279,0.2356,128.7719,0,0,42.5767,282.6861,0,7.118,211.2672,7.2566,14.2804,1.6792,2.477,0.427,171.48,0,2.6076,0.3532,0,0.3854,1.72,0,0,0,1.2391,0.2482,0.1908,2.082,9.1183,3.6224,1.0318,1.2117,0.1804,3.1819,5.1615,0.4611,0.2862,0.0058,0.0015,28.5457,34.5307,34.4097,81.6497,0.5238,0,0.4248,9,0,0.0001,9.0011,0.0071,20.7698,9.0103,0,0.5595,0.5119,9,0.2162,1.1415,0.3432,0,2.9447,81.1897,9.0232,0.269,9.0098,0,0.3297,0.097,0.1218,0.1261,9.1737,9.0014,9.0025,9.1175,0.0042,0,9.0254,0.3359,0.0127,0.0016,0.3141,4.2552,9.0013,9.0181,0.0001,3.1614,0.084,9.196,0.0107,0,2.5157,0.7027,0.4805,0.0715,0.0461,0,0.0147,20.344,1.0363,0.2413,0.2464,2.0344,0.122,20.7125,0.9974,0,0.034,0.0548,1.7673,1.7433,0.031,0.0924,0,0,9.0261,0,0.2333,1544.3522,4.4787,22.5446,133.8125,68.1958,262.3251,108.2625,0.0004,14.1709,2.1612,0,0.193,9,9.0027,57.7959,0.3973,0.0215,14.9397,37.7064,10.1635,0.0085,7.3265,17.2146,0,9.4827,0,16.592,9.0048,0,9.0478,0,11.9993,0,0.0105,0,0,0,0
"Jamaica",1544.1203,187.7044,53.1805,0.0017,3.0786,63.8769,0,809.012,28.204,3.5584,1.7866,4.8073,2.2004,5.8931,3.6004,237.855,8.2962,27.6865,10.0521,17.6706,2.9947,52.8131,32.6414,68.3833,952.7677,43.8653,32.2926,2.0649,3.0979,321.784,0.0132,0.0237,9.2075,10.1574,1.2974,3.1067,7.4635,102.9951,64.6125,0.0428,15.571,0,0,33.8572,18.5611,0,10.7508,46.8578,1.8573,6.9547,7.9653,0.0192,0.7205,21.157,0,0.8077,0.0195,2.4346,0.0019,0.0477,0,0,0,61.3286,0.2628,0.0277,0.2531,0.0569,0.0339,11.8755,0.0307,0.0456,0.05,6.3849,0.0605,0.0001,9.0899,0,59.7133,16.9659,47.4972,7.3802,21.6696,0,0,0,0,0,0,0,0,0,9,0.2594,0.0537,9,0.0003,0,0.0805,0,0.0171,0.0026,0,0,0,0,0,0.0003,0.0642,0.0273,0.01,9,0.0052,0,1.43,0,0,0,0.0245,0.0806,0,1.5568,0.0004,0.0267,0.0078,0,0,0,0.0023,0,0.1388,0.0012,0.0039,0,0.393,0,4.0023,23.0327,0.0208,0.06,0,0.0141,0.0453,8.8745,0.0625,0.0366,0.03,0,0.5375,0.0934,3.0959,0.0013,0,0,9.0012,0,0.0076,300.3616,0,13.9448,2.1611,8.5347,128.2731,26.7916,0,1.4178,0.631,0,1.5678,0,0,40.6628,0.0459,0,5.3273,8.9505,4.7505,0,0.556,11.516,0,14.4999,0,33.8784,0,0,0,0,0.0027,0,0,0,0,0,0
"Trinidad and Tobago",6073.1296,52.0118,121.3764,56.626,23.5291,595.4701,809.012,0,564.0232,76.5447,247.4096,243.5151,117.7523,93.916,107.8178,170.324,38.3965,3.2529,3.1111,67.1675,13.5422,35.1604,14.7066,473.2356,14.151,384.8066,108.7744,27.2451,34.8225,447.0706,4.8704,1.5087,635.7419,1243.2779,21.2098,144.324,18.3602,357.7645,61.4058,4.4297,499.9702,0,0,6.7392,956.5586,0,1.3536,38.8722,1.3839,13.4807,1.7638,1.8639,0.1353,4.2139,0,0.0116,0.0345,0.0005,0.0045,0.0169,0,0,0,0.08,25.2246,0.0091,0.0925,9,8.387,460.993,0,0.0299,0.0257,2.9146,0.1155,0.0034,14.7161,0.1053,3.3311,19.2005,4.7783,4.1011,0.002,0,0.0016,0,0,0.5601,0,26.5369,0.0094,0.0475,0,8.1199,0,0,0.003,0.0263,0.7816,7.4989,137.2787,0.7966,424.7125,0.0606,0,0,0,0.815,0.064,0.7941,9,0,0.0001,9,0,0,154.6976,0.0423,0.0174,0,0.2236,4.0193,0.0071,0,0,2.9877,1.4514,0.109,0.027,0,12.4536,0,0,0.0323,0,0,0.83,13.4665,0,0.698,0,0.0189,0,12.98,0.6386,0.0059,0.0038,0,0.0671,0.9061,0.0209,0.245,0,0,9,0.0576,0.0696,11.5233,0,25.9682,9.1434,828.4152,3.3404,122.0325,9,6.3971,0,0.0254,1.6107,0,0,80.2861,0.4502,0.0007,0,29.3128,16.369,0,0.8433,24.5842,0,21.2559,0.0855,55.3214,0,9,0,0,0.1737,0,0,0,0,0,0.0866
"Barbados",434.17,72.378,5.8517,0.4427,2.2691,9.7345,28.204,564.0232,0,5.4154,14.3779,34.7959,18.5588,19.4044,20.7065,0,0.9268,3.5011,3.0717,0.1464,0.0173,13.2426,0.5568,12.3137,7.3029,18.1446,31.5049,1.1985,0.994,20.3494,0.014,0.088,2.3649,3.8406,6.2237,46.6924,1.1906,17.2459,5.0811,0.0189,27.9091,0,0,10.1504,2.5493,0,3.4038,27.9722,0.3828,1.0516,0.5112,0.6734,0.0065,8.2979,0,0,0,0.0688,0.0134,0.05,0,0.0149,0,0.0505,1.2225,0.1607,0.1711,0.0031,0.0117,691.1751,0.0002,0.2043,0,0.2712,0.572,0.0275,0,0,0.0736,23.7067,4.5437,5.2667,0.0007,0,0,0,0.0003,0.0152,0.0804,0,0.0003,0.0009,0,0.102,0,9,0.0519,0.2254,0.0329,0.016,1.4764,0.0535,0.0042,0.0161,0.0005,0.001,0,0,0.0233,0.0062,0,0,0,0,0,9.0277,0,0,0.0552,0.121,0.059,0.4223,0.209,0.0001,0.0001,0.2172,0,0.0028,0.4782,0.0019,0.0137,0,0.1426,0,0,0,0.0594,5.3132,0,0.0243,0.0033,0.0005,0,2.2,0.0812,0,0.0005,0.056,0,0.5484,0.0276,0.0006,0,9.0041,0,0.015,0.076,152.5055,0.0008,1.2407,2.8415,10.1165,39.0335,6.8935,0,0.5725,0,0,0.1418,9,0.0002,9.5769,0,0.0046,0,1.1525,27.777,0,0.1595,2.1329,0,4.286,0,23.7534,0,0,0,0,0.2744,0,0.0018,0,0,0,0
"Dominica",78.96,4.1696,0.006,0,0.0029,4.6609,3.5584,76.5447,5.4154,0,7.0007,1.9922,5.5928,14.4442,5.2079,0,0.0948,0.4608,0.049,0.0115,0.0479,0.736,0,19.8601,0.0519,7.6418,0.3561,0.0647,0.6652,3.0941,0.023,13.089,0.2927,0.4534,0.0385,2.6651,0.2719,3.6728,0.1007,0,2.2985,0,0,0.3488,0.2753,0,0.0107,1.1484,0.4272,0.0517,0.6519,0.1218,0,1.1152,0,0,0,0.082,0,1.86,0,0,0,0,0.1441,0.0022,0.2644,9.0005,0.0569,0.067,0.0022,0.077,0.2178,0.0123,0.0698,0,0.04,0.0196,0.9008,2.5094,0.2742,0.7377,0.805,0,0,0,0,0,9,0.2034,0,0,0,0,0,0,9,9,0.0283,9,0,0,0,0,0,0,0,0,0.4289,0.0363,0,0,0,0,0,0,0,0,0,0,0,0.0379,0,0,0,0,0.0129,0,0,0,1.5024,0.01,0,0,0,0,0,0.2726,0,2.2047,0,0.3019,0,0,3.1261,0.175,9,9.0044,0,0,0.3126,9,10.2314,9.0211,9.005,0,0.0002,28.7352,0.0356,0.619,0.158,4.3927,76.5155,2.0311,0,0.0434,0,0,0.628,9,0,3.5805,9,0,0,2.2607,27.9037,0,0,0.3648,0,0.1942,0,0.0098,9,0,0,0,0,0,0,0,0,0,9
"Grenada",82.67,3.3831,0.4834,0.1034,0,1.3819,1.7866,247.4096,14.3779,7.0007,0,4.3209,5.3728,7.3903,6.2242,0,0.0113,0.4255,0.6738,0.0084,0,0.7339,0.1341,1.5348,0.1254,11.1436,0.0158,0.1409,0.1139,9.6932,0,0.0082,0.4137,0.6614,0.0168,8.6244,0.1926,1.218,0.4349,0,1.1137,0,0,0.1457,0.2948,0,0.0098,1.3213,0.006,0.0298,0,1.3517,0,0.7334,0,0,0,0.0141,0.0001,0.3712,0,0,0,0.0043,0,0,0.0019,9.0061,0.0004,0.0008,0,0,0,0,0.0017,9.0001,0,0,0.4544,1.2487,0.7928,1.2236,0,0,9,0,0,0,9,0,0,0,0,0,0.0666,0,9,9,0,0,0,43.7811,9,0,9,0,0,0.0161,0.0006,0.1776,9,9,0,0,0,0,9,9,0,0.0256,9,0.4799,9,9,0,0,0,0,0.1093,9,0.0791,0.04,0.0008,0,9,0,9,0.5151,9,0.1545,0,0,0,0,0.168,0,9,9,0,9,0.0415,9,0,0,9.1207,0,0,6.8081,0,0.2483,9,2.7167,6.252,1.1867,9,0.7325,0,0,0.0008,9,0,1.7539,9,9,0,0.7699,0,9,0.0003,0.1818,0,0.192,0,3.0052,0,9,0,0,0,0,0,0,0,0,9
"St. Lucia",326.86,10.1813,0.2221,0.2988,0.0757,3.4275,4.8073,243.5151,34.7959,1.9922,4.3209,0,6.9315,6.8502,2.1827,0,0.5723,1.4158,2.4925,0.015,0,2.4847,4.1944,56.6436,0.3508,17.3758,0.5019,0.5246,43.6326,3237.5402,0,0,0.7144,1.0007,0.2738,19.5812,0.1262,2.71,1.6414,0,8.0588,0,0,1.5104,0.6948,0,0.0367,2.6769,0.0558,1.0992,0.0306,0.0059,0.0001,6.1477,0,0,0,0,0,0,0,0,0,0,0.0688,0,0.0028,0,0.0009,0.0041,0,0,0,0.0033,0,0,0,0,0.1116,1.0793,0.0129,0.5694,0.0021,0,0.0198,0,0,0.0371,0.0062,0,9,0,0,0,0,0,0,0,0,0,0,0,0.0949,0,0,0,0,0.0017,0,0,0,0.0013,0,0,0,0,0,0,0,0,0,0.0729,0,0,0.002,0.4252,0.0002,0,0,0,0.002,0,0.0015,0,0.0779,0,0.0516,0.3133,0,0,0,0.0089,1.0573,0.1062,0.0112,0,0,0,0,0.8632,0,0,0,0,0,0,0.0042,13.2682,0,2.0544,2.4041,3.6743,9.4703,0.8723,0,0.4416,0.1451,0,0.0544,12.3929,0,5.1727,0,0,0,0.5167,0.011,0,0.1313,0.5321,0,1.6565,0,4.5445,0,0,0,0,0,0,0,0,0.0006,0,0
"St. Vincent and the Grenadines",86.46,8.0596,0.0714,0.0159,0.0401,1.8602,2.2004,117.7523,18.5588,5.5928,5.3728,6.9315,0,5.2393,2.315,0,0.2046,0.7228,0.071,0.0076,0,0.3046,0,3.1168,0.2222,3.8774,0.2044,0.0934,0.8739,2.5439,0,0,0.4443,0.5664,0.0001,13.9429,0.3988,2.2648,0.1944,0.0068,7.1888,0,0,3.7449,6.7477,0,0.0196,1.6721,0.0417,11.6735,0.0091,0.0302,0,18.6835,0,0,0,0.0625,0,0.2002,0,0,0,0,5.6681,0,1.8685,0,0.0031,3.7694,0.1362,0.4481,3.578,0.1377,0.0001,0,9,0,1.0245,0.9971,52.4367,1.9859,0.1861,0,0,9,0,0,0,0.745,0,0.0001,0,0.3822,0,0,0,0.006,0.0042,0,0.0009,0.0207,0,9,0,0,0,0.0057,0,0,0,0,0,0,9,0,9,9,0,0,0.0016,0.0768,0.001,0,9.0003,0.0151,0.1138,0,0,9,0.0442,0,0.0234,0,0,0,0.0021,2.1688,0,0.107,0.012,0,0.0056,0,0.0627,0,0,0,0,0,0,0,0,0,0,0,9.0002,85.9831,0,1.8963,0.1922,0.6667,4.7824,0.2944,9,0,0.0799,0,0.0127,0,0,0.6928,0,0,0,16.5073,174.9044,0,0.0792,0.288,0,1.9024,0,2.2213,0,9,0,0,9,0,9,0,0,0,0
"Antigua & Barbuda",148.4,9.9571,0.268,0,0,10.1466,5.8931,93.916,19.4044,14.4442,7.3903,6.8502,5.2393,0,3.9718,0,0.9892,0.5251,0.6256,0.0137,0,1.0394,0,0.6556,0.0495,14.795,5.895,0.0406,0.8535,4.7752,0,9,0.8367,0.5985,10.0396,20.5483,0.0519,3.8965,0.22,0.0012,4.3275,0,0,2.3883,15.6002,0,2.6098,11.0956,0.0452,0.0819,0.0114,0.4895,0.0426,5.489,0,0.0251,0.0145,0,0,0.014,0,0,0,0.0001,11.3363,0.0465,3.0763,0.0318,0.0933,0.0021,0.0241,1.0243,0.0079,0.1264,0,9.0001,0.0448,0,3.2442,5.1335,0.4653,1.4686,1.1142,0,0,0,0,0,0,0.3148,0,0,0,0.0014,0.0064,9,0,9,0.0462,0,0,4.7172,0,0,0,0,0,0.0028,0,0.1597,0,0,0,0,0,0,0,0,0.0968,0,0,0.2503,0,0,0,0,0.1865,0,0.0676,0,0,0.0453,0.3303,0,0,0,0,2.6101,0,0.0004,0,0.0001,0,0,0,0,0,9.0169,0,0,0,0,1.8215,0,0,0,0.0061,657.6464,0,0,0,0.6437,5.7726,0.7784,0,0.0062,0,0,0.4176,9,0,0,0,0,0,1.1213,533.1622,0,0.0865,14.2915,0,0.078,0,2.3582,0,0,0,0,0,0,0,0,0,0,0
"St. Kitts and Nevis",100.2,1.17,0.0456,9.0008,0.0814,2.9667,3.6004,107.8178,20.7065,5.2079,6.2242,2.1827,2.315,3.9718,0,0,0.0292,0.0776,0.0121,0.0007,9.0007,0.6605,13.6959,0.1205,0,0.6371,0.0023,0.0679,0.6861,0.556,0,9,0.0744,0.2472,0.1468,10.2579,0.2156,1.7479,0.0482,0,3.3421,0,0,0.2532,0.7805,0,0.0469,2.8246,4.6343,0.1821,0.0097,0.9456,0.0541,1.5623,0,0,0.0836,0,0.0005,0.023,0,0,0,0.1702,0.1775,0.0364,4.8932,0,4.3782,2.6015,0,0.1021,0.0581,6.1426,0.0051,0.0054,0.0194,1.1935,0.077,5.8901,9.269,0.5123,0,0,0,0,0,0,0,9,9,0,0,0,0,0,0,0,9,9,9,0.2001,9,9,9.0053,9.0003,0,0,0,0.1139,9,9.0529,0,0,0,0,0,0,0.0411,0,0,0.1628,0.0021,0,0,9.0118,0,0,0.0187,0,0,682.8577,9,0,0,0,9.0096,5.4254,0,0.0018,0,2.342,9.0031,0.1998,9,0,0,9,9.0887,9.006,0,9.0876,0,0,9,0,0.2925,4.5962,0,1.1345,10.0231,0.2736,5.5388,0.7011,0,9.117,0,0,0.0572,0,0,9.3924,9,9.0015,0,0.0127,14.4883,0,0.0029,0.9715,0,0.0104,0,2.1385,9.0002,0,0,0,9,0,0,0,9,0,0
"Mexico",73600.95,16709.545,136.7678,373.2366,52.693,1059.9654,237.855,170.324,0,0,0,0,0,0,0,0,104.4484,1261.2829,110.4917,619.1462,243.0354,1823.6137,304.3888,5152.0642,945.7436,0,3.565,727.6407,875.4539,624.4287,135.567,73.9689,210.1347,1365.7924,6.9205,379.5427,709.087,865.3726,663.9338,553.1448,2693.5989,0,0,1061.0458,809.9458,0,250.046,9009.2391,450.0717,724.0912,239.0055,172.872,54.6713,4103.1281,0,1.0378,5.1816,1.4588,4.6698,23.937,0,0,0,58.675,78.53,4.7247,53.3859,2.5913,72.9034,742.03,2.0385,2.2828,29.2913,365.3976,7.9878,9.8873,28.3227,3.9281,342.8268,1104.8479,19.7575,338.5208,1.9785,0,0,0,0,0,0,0.9133,0,0,0,87.2213,0,0,1.9161,0,0,0.028,0,268.3883,0,0,0,3.1052,0,0,5.0846,0,0,0,0,0,0,0,0,11.6648,0.0267,0,0,11.743,9,0,0,0,0,0,0.9273,0,197.5858,264.6811,49.3677,1.1498,5.855,0,4.818,341.9238,0,220.6455,0,41.1116,1.1137,417.2131,688.8653,0,13.6154,0,283.5999,0,27.8159,0,0,9,1.1971,0,63.4747,47950.3783,0,5879.1104,0,12744.989,14172.7135,438.021,0,182.4141,85.9271,0,139.3479,1.7081,0,2791.6039,45.5955,0,498.4,5884.2167,498.0235,0,1751.2106,941.6824,0,938.0249,0,301.9261,0,0,0,0,0,0,0,0,0,0,0
"Belize",217.55,1.5523,1.1234,99.6218,0.038,10.1249,8.2962,38.3965,0.9268,0.0948,0.0113,0.5723,0.2046,0.9892,0.0292,104.4484,0,49.1708,6.6214,9.7451,0.1167,9.6373,4.1916,0.7504,0.1652,0.6139,0.0325,0.0517,1.2958,4.0675,0.0078,2.4999,0.7827,0.4313,0.447,71.7151,8.499,2.6297,0.7467,0,5.9472,0,0,14.825,3.7333,0,0.4068,29.2016,9.9132,5.0671,0.2375,1.1089,0.5964,11.3086,0,2.0021,0.0006,0.0242,0.0072,1.0551,0,0,0,1.1693,1.6437,0,1.4174,9,0.0242,26.3425,0.0641,2.2898,1.4979,7.0445,2.1217,10.8247,0.4001,4.0843,0.0594,0.309,0.1854,2.4284,0,0,0,0,0,0,0,0.014,0,0,0,8.843,0,0,0,0,0,0,0,22.825,0,9,0,0,0,0,0.3941,0.1862,0,0,0,9,0,0,0,0,0,0,0,1.8348,0,0,0,0,0,0,0.613,9,0.0213,0.4006,0.4705,0,9,0,0,1.4394,0,0.232,0,0.0015,0,0,0,0.0006,0,0,0,0,0.0016,0,0,0.0363,9,0,0.0066,53.8183,0,0.2429,0,5.3606,16.0864,24.4718,0,2.4017,0,9,0.1047,0,0,1.0402,0.1408,0,0,2.5176,15.9221,0.2248,0.0968,3.3744,0,3.3733,0,0.3851,0,0,0,0,0,0,0,0,0,0,9
"Guatemala",2104.5117,351.7682,13.917,13.1343,19.3683,42.5921,27.6865,3.2529,3.5011,0.4608,0.4255,1.4158,0.7228,0.5251,0.0776,1261.2829,49.1708,0,453.6791,169.2115,269.8658,71.701,283.8811,541.7272,33.6862,3.4292,1.8858,161.536,7.7879,248.5533,17.813,1.6429,57.7775,78.5483,64.3268,10.1103,8.2335,78.5347,111.7561,1.1518,20.7466,0,0,8.5338,72.3835,0,4.4153,118.2741,1.372,4.4877,0.8911,1.8254,0.9694,13.0731,0,0.1162,0.0152,0.0148,0.4511,0.4006,0,0.0351,0,1.5325,1.0069,0.0069,0.1705,0.0144,24.6019,13.5146,18.9365,38.6156,22.0774,16.6714,4.6225,0.1475,0.0164,0,12.6752,30.1676,84.3322,4.6603,0.3565,0,0.1786,0,0,0,0,0.0311,1.4058,0,0,0.011,0,0,0,0,2.9709,0,0.0002,8.4133,0.211,0,0,0.0065,0.0003,0.071,2.3858,0.6959,0,0,0,0.019,0.0679,0.0044,0.0403,0.4569,0.0468,0.2386,0.2578,11.547,0.0001,0,0.0758,2.0992,0.034,0.02,0.1366,0,1.5647,33.971,0.0114,0.1847,0.0642,0,10.0301,13.5638,0.0347,5.6872,34.7734,4.8779,3.2478,21.548,85.0821,0.8963,11.8838,3.2685,3.5557,43.4661,0.9954,0.0048,9,0,0,0,0.0978,1281.8268,0,84.5904,2.4135,149.3252,31.9517,154.1697,9,3.5379,13.2922,0.0036,2.1612,9.0162,0,102.975,0.009,0,1.5776,15.4767,66.7911,0,2.001,21.3812,0,5.6545,0,13.7515,0,0.0074,0,0,0,0,0,0,0,0,0
"Honduras",483.1396,174.8708,1.3013,17.5936,4.2108,26.1104,10.0521,3.1111,3.0717,0.049,0.6738,2.4925,0.071,0.6256,0.0121,110.4917,6.6214,453.6791,0,18.3291,106.358,225.4807,320.2344,294.9699,5.0808,0.113,0.0505,215.689,22.5854,74.8499,0.2052,0.0575,37.2904,22.8996,42.224,98.6504,2.7405,63.3326,215.7479,0.052,63.6367,0,0,25.7315,16.9417,0,15.5281,323.1691,1.3162,0.7277,0.336,6.2822,0.1366,7.2522,0,0.0015,0.05,0.0298,0,2.105,0,0,0,0.5736,0.169,0.0351,5.3785,0.0154,2.3329,30.7325,22.4939,6.3419,2.9526,8.124,0.0659,0.135,0.0314,0.003,11.819,11.3124,4.0507,0.9013,0.2242,0,9,0,0,0,0.0293,0.1091,0.0585,0,0,0.0007,0.0672,0.0678,0.0732,0,1.403,0,0.0003,0.0074,0.4862,0,0,0.041,0,0.3517,0.0339,0.2915,0,9,0,9,2.063,9,0.4709,0.1786,0.0157,1.0574,0,1.1835,9,0,0,0.2069,0.215,9,0.0358,0,1.2946,0.027,0.0201,0,0.024,0,0.166,3.6363,0,0.1309,0.1012,0.3291,0.0372,18.6705,0.0139,0,0,0,0.101,1.0659,2.4503,0,0,9,0.0025,0,0.0238,219.4034,0,12.8603,23.5004,56.6527,50.4387,46.3365,0,0.3048,0.0458,0,1.4645,9,0,66.5096,9.0754,0,9.7106,12.5561,15.5596,0,0.4998,17.6568,0,19.6956,0.3996,2.1095,0,0,9,0,0,9,9,0,0,0,9
"El Salvador",1246.6079,96.7015,0.0957,4.4036,10.4222,57.3342,17.6706,67.1675,0.1464,0.0115,0.0084,0.015,0.0076,0.0137,0.0007,619.1462,9.7451,169.2115,18.3291,0,33.2211,96.7324,101.0421,176.6709,229.6556,1.2696,0.0463,250.9548,23.2874,160.9271,0.3,0.1085,31.7829,20.9482,25.2708,12.8491,10.7663,15.5532,25.5538,3.5015,34.3925,0,0,29.8696,22.7555,0,9.9068,95.17,0.3084,5.2337,0.8269,43.3258,0.0267,37.0626,0,0.0038,0.0001,0.0012,0.0043,0.0355,0,0,0,0.0996,0.1393,0.0339,0.7857,0.0002,1.1476,17.3019,13.1186,0.0821,3.4689,1.1457,4.7244,0.2126,0.0005,9,6.958,7.0983,46.5689,9.664,0.038,0,9,0,9,0.0122,0.0299,0.0539,0,0,0.0148,0.0133,0.0019,9,9,9,0.0937,0,0.0295,5.7568,0.001,0,9,9,0,0.0045,0.005,0,9,9,9,0,19.2124,0,0.0027,0.0003,0,0.0401,0,3.4201,0.1699,0,0,0,0,0,0.0298,0,1.7756,0.4192,0.0142,0.0789,0.0113,0,0.0058,2.5617,0.0009,0.0115,0,0.1512,0.0008,6.4815,0.9897,0,0.0768,0,0.6867,3.9272,0.084,0,9,0,9,0,0.0304,538.6197,0.0115,106.3965,0.6394,75.3639,155.0192,32.8475,9,4.1647,1.1491,9,35.1446,0,9,30.3626,0.6604,0,5.563,16.1506,14.4821,0,0.8108,17.2356,0,25.9904,0,13.3815,9.0014,0,0,0,0.0018,0,0,0,0,0,9
"Nicaragua",1776.3992,334.5449,0.1822,1.0323,6.1255,21.465,2.9947,13.5422,0.0173,0.0479,0,0,0,0,9.0007,243.0354,0.1167,269.8658,106.358,33.2211,0,315.0626,1.6195,7.4544,800.0526,0.7494,0.0601,2.5233,15.2172,101.4665,0.0141,0.9983,7.3611,45.9255,10.3698,17.2045,3.865,36.7659,32.2211,0.305,11.4137,0,0,6.2495,9.2621,0,0.3842,43.2583,3.0088,3.0104,0.4142,1.6244,0.0621,12.3266,0,0.0014,0.0475,0.0367,0.0145,2.225,0,0,0,0.2637,0.1908,0.0221,0.2787,0,0.4375,18.0923,0.0078,0.0006,0.0379,0.0416,2.7931,0.058,9,0,11.805,7.0654,9.8388,3.7591,1.0936,0,0,0,0,0,9,0.0161,0,0.0003,0,0.0001,9,9,9,0,0.0134,0.1054,0.0074,3.6818,9.0001,0,9,0.0283,0,0.0108,0.0017,0,9.0042,0,0,0,0.516,0,9.0249,0.0068,0.0009,0,9.0021,0.1702,0,0,0,0,0.0038,9,0.0186,9.0001,0.655,0.0537,0.0476,0,0.0032,0,19.979,5.228,9,1.0083,0.2259,0.2192,0.0294,4.8293,4.6696,0.3904,9.0005,0.0007,0.0241,2.9583,0,0,0,9,0,0,0.0917,438.0081,9.0024,20.0366,0.38,37.4471,113.6363,51.4274,9,0.7133,0.3667,0,1.2051,9.0069,0,47.9629,0.1467,9.0109,7.3303,13.6859,4.2649,0,1.3311,7.592,0,8.4654,9,5.7526,0,0,0,0,0.0002,9,0,0,0,0,9.0025
"Costa Rica",2623.8164,349.6473,11.9303,26.037,11.3186,203.9938,52.8131,35.1604,13.2426,0.736,0.7339,2.4847,0.3046,1.0394,0.6605,1823.6137,9.6373,71.701,225.4807,96.7324,315.0626,0,211.0824,398.087,23.4649,6.704,1.9583,22.4716,19.9295,154.7527,0.5367,0.7217,229.2795,31.1198,10.7326,3169.8311,19.1808,416.405,410.0346,0.7723,33.5002,0,0,29.5505,78.8613,0,67.0772,89.4235,7.7656,19.0659,2.8967,2.2278,3.6607,23.0453,0,0.1573,0.7054,0.217,1.1017,0.1563,0,0.4553,0,7.635,6.1981,0.0219,0.7243,1.5235,2.9129,56.5208,1.4266,3.6328,7.1973,14.4502,2.8157,0.9847,0.1174,0.1197,6.6989,2.1889,31.9061,18.4781,4.0797,0,0,9,0.0085,9.0402,0.0117,0.4988,0.0013,0.1115,0.0325,0.4612,0,0.0012,0.0001,0,0.2997,0.0147,7.9392,0.5019,0.2279,0.0103,0,0.1171,0.0798,0.0977,0.1453,0.152,0.0074,0,0,0,0.0452,0,0.0016,0.8803,2.8572,0.0118,0.1998,36.984,0.0091,0.0171,0.0239,0.0907,0.096,0.0437,0.1415,0.1152,1.0307,54.6182,2.1178,0.0021,0.0072,0,0.1853,63.8598,0.0103,0.1053,0.0156,3.8439,0.5297,100.4699,11.3457,0,0.0628,0.0101,2.1596,3.0293,0.7591,0.0581,9.0034,9.067,0.0004,0.001,5.9547,3653.1897,0,0.6986,3.2795,34.0673,314.3834,27.0289,9,2.9676,3.5332,0.0644,1.1579,0,0.0037,17.5679,1.8466,0.0034,0.6814,1301.7007,624.4478,9.0002,14.1272,17.5249,0,125.4715,0.0347,4.4171,0.3397,0.0015,0.0016,9,0.0183,0,0,0,0.0005,0,0.3959
"Panama",2371.4822,53.4082,1.2085,1.8885,0.8238,54.6459,32.6414,14.7066,0.5568,0,0.1341,4.1944,0,0,13.6959,304.3888,4.1916,283.8811,320.2344,101.0421,1.6195,211.0824,0,338.1504,1778.2889,0.0607,6.2948,1953.696,312.1078,191.2596,4.9369,8.8211,3.7925,97.407,9.8284,11.9105,6.6499,9.2769,6.0326,0.1031,45.5193,0,0,9.9564,224.973,0,1.4889,86.0682,2.2581,16.7939,0.0048,3.1025,0.0071,35.0854,0,0.0329,0.8367,0.1456,0.6639,62.331,0,9,0,0.1591,20.3075,0.1681,0.0087,5.3525,0.071,9.5377,0.8654,0.3472,11.9178,10.456,0.0845,2.3465,9.2952,8.964,5.3819,8.611,70.0409,26.2522,0.3103,0,9,9,9,0,0,0.2205,0.0239,0,0.0291,0.2623,0,9,9,0,0.6058,0.0631,0,0.3978,0,9.1324,0,0,0,0.0714,0.2699,0,9,0,9,0,0,0,0.1394,0.1741,0.0189,0,0,0.1943,0,0,0,0,0.5507,0,3.5657,0,1.1194,37.0705,1.4643,0,0,0,0.146,32.9503,0.5617,21.1621,0,1.6112,0.9306,16.4822,0.1361,0.0411,0,0,0.6749,0.312,1.0614,0,0,0.0926,0,0,0.6631,659.0985,0,10.7072,0,95.6251,5.5067,191.0297,9,3.1528,2.6349,9,0.027,0,9.0174,17.5114,12.0371,9,0.2007,35.1619,10.7965,0,3.0708,67.5986,0,0.5459,0.0797,26.7375,9,0,0,0,0,0,0,0,0,0,0
"Colombia",10057.963,72.7852,496.651,36.0179,71.3604,785.0655,68.3833,473.2356,12.3137,19.8601,1.5348,56.6436,3.1168,0.6556,0.1205,5152.0642,0.7504,541.7272,294.9699,176.6709,7.4544,398.087,338.1504,0,958.7789,9.1717,6.6598,1155.0724,585.8291,1218.561,25.2626,59.2157,1317.0812,1631.8767,35.9809,1061.3492,125.9938,2328.8462,621.629,4.2448,1416.3956,0,0,271.3412,1081.0371,0,288.1721,1504.0147,25.7217,151.7935,4.3883,29.2228,14.47,17.9832,0,0.9023,0.8139,0.8172,0.2005,67.4443,0,0.6786,0,11.7149,43.1013,0.3539,8.0413,0.9793,2.451,88.1958,4.0389,19.4572,78.4795,40.6015,32.9287,0.6397,1.5294,0.022,38.6354,193.1567,61.8161,228.8291,2.2304,0,0,0.4153,0.3879,0.0732,0.021,0.3079,2.1405,0.9509,0.0212,257.046,0.6373,0,2.5075,0.0639,45.0248,0.9561,1.2079,57.7296,0.7965,0.0041,3.4713,2.3136,0,0.5491,3.4395,3.145,0.1091,1.8465,0,0.0698,0.298,0.0073,7.602,3.7296,0.5936,2.6755,0.1244,22.08,0.8159,0.0096,0.0109,0.1025,0.3394,0,2.3007,0.0337,77.9193,18.124,11.6698,0.05,0.1608,0,3.5418,553.9484,1.1613,7.4842,11.7485,52.9622,6.5721,134.963,30.8949,3.3178,1.1817,1.3335,2.5353,28.6875,0.0392,0.1367,0.0482,0,0.4775,0,1.3846,5830.324,0.0001,389.9721,16.8023,853.3004,742.2741,275.3829,0.0791,60.0198,14.3277,1.0493,14.1732,0.001,0.0439,303.7679,5.3953,0.0968,158.4467,102.2965,392.0974,0.0649,13.7718,166.453,0,0.8006,0.0566,3.0315,0,0,0,0,0.1513,0,0.0702,0,0.0249,0,0.1519
"Venezuela",33424.124,396.5016,136.0843,3816.9271,3.0341,1286.5077,952.7677,14.151,7.3029,0.0519,0.1254,0.3508,0.2222,0.0495,0,945.7436,0.1652,33.6862,5.0808,229.6556,800.0526,23.4649,1778.2889,958.7789,0,10.5246,0.8703,188.4537,509.6034,2029.2391,477.4599,349.3174,1052.5171,1639.6115,101.8149,229.2432,55.4896,418.9063,316.707,1.9716,13.3732,0,0,464.3588,724.9229,0,72.7336,271.2147,8.2565,73.1702,7.3984,4.4936,4.7128,115.1996,0,1.4258,1.1245,0.0027,14.5686,0.3828,0,7.7066,0,0.3722,10.3375,1.5752,0.0817,0.5465,67.3914,168.4427,0.1076,1.0457,10.3028,18.3089,931.0195,0.0016,0.0125,0.2419,0.467,506.1847,1.8143,51.7254,40.7898,0,9,0,0,0,0.0782,10.7397,0,0,0,0.0884,0,0,0.0381,0,0.0363,27.034,0.0109,159.4548,0.018,0,0,0.0083,0,0,0.0732,0,9,0,0,0,0,0,0.0357,0,0,0.2366,0,18.135,0,0,0,0,0,0,0.0034,0,0.3056,0.0308,9.7603,0,0,0,9.1378,80.3719,0.0595,9.075,83.0043,25.858,0.1993,16.6571,6.172,0.0357,0.1218,4.934,0.0098,31.3481,0.0061,1.934,0,16.8365,0.0235,0,0.1746,7817.0595,9.0012,114.0866,18.2582,91.8456,147.0066,5895.238,0,6.1885,1.4219,0,1.0081,0,9,96.611,0.3034,0,10.7368,113.1852,3164.1012,0.011,2.5995,83.8027,0,4.6877,0.0032,312.3218,0,0,0,0,0,0,0,0,0,0,0
"Guyana",32.04,396.9784,0.0378,67.4505,6.5075,8.0671,43.8653,384.8066,18.1446,7.6418,11.1436,17.3758,3.8774,14.795,0.6371,0,0.6139,3.4292,0.113,1.2696,0.7494,6.704,0.0607,9.1717,10.5246,0,26.847,0.0856,3.4716,39.2042,0.3149,0,3.0768,1.9648,0.1046,22.9677,0.7511,32.3212,2.5471,1.9622,7.2434,0,0,0.798,7.5966,0,44.7288,13.2602,0.6437,0.2193,0.0196,0.5688,0.111,7.4468,0,0.6289,0.0272,0.0013,0,0.11,0,0,0,0,0.2927,0.0097,0.0263,9.0084,0.031,0.8899,0,0.0008,0.0063,57.326,0.1775,0.0392,9,9,24.886,1.3071,0.2012,2.4729,0,0,0,0,0,0,9,0,0,9,0,0.0024,9.4136,9,0,0,1.1776,0,0,3.1866,0,0,0,0,0,0.0002,0.0189,0.2183,9,0,0,0,0,0,0,0,0,0.0001,0,187.244,0.6075,0,0,0,0.0188,0,0.0973,0,1.471,0.0004,0.1281,0,0,0,0.0363,5.871,0,0,0,0.4367,0,2.21,1.5788,0,0,0.0024,0,0,0,9,0,0,0,0,0.014,134.7329,0,6.6995,23.761,65.282,54.3956,12.8241,0,0.4791,0,0,0.403,0,0,8.2021,9.0001,0,0,3.7599,3.1952,0,0,1.4755,0,4.7794,0.0215,12.1751,0,0,0,0,0,0,0,0,0,0,0
"Suriname",212.6254,277.0142,0.0016,0.5532,0.006,5.2925,32.2926,108.7744,31.5049,0.3561,0.0158,0.5019,0.2044,5.895,0.0023,3.565,0.0325,1.8858,0.0505,0.0463,0.0601,1.9583,6.2948,6.6598,0.8703,26.847,0,2.8005,0.3057,15.7587,0.3201,1.841,0.5372,1.7553,0.0519,1.6113,0.2802,33.2332,244.7995,0.0043,54.7538,0,0,0.0657,2.9984,0,2.6101,3.3119,1.9211,0.0668,0.1037,0.0374,0.3086,0.3246,0,0.0001,0.0063,0.0002,0.0284,0.147,0,0,0,8.352,0.0142,0.041,0.0165,9.0085,0.0089,0.008,0.0146,0.0371,0.22,0.1471,0.2632,0,9,0,0.2607,0.7289,89.9726,0.9702,18.724,0,0,0,0,0.0098,0.0098,0.0044,0,9,0.0129,0,0,9,0.0017,0.0004,5.6909,0,0,0.0053,0,0.0004,0,0,0,0.0009,9,0,0.0001,0,0,0,9.0079,0,0,0,0,0,0,0.0278,0.0027,0,0,0,0,0,0.0253,0,0.0446,0,0.0119,0,0,0,0.0168,0.9074,9,0.3813,0,0.029,0,0.242,0,0,9,0.0198,0,216.1858,0.0006,9.0071,0,0,0,0,0.0022,14.4427,0,0.5585,2.9082,0.3028,7.652,1.479,9,0.154,0,0,0.0414,9,0,2.8197,0,0,0.1058,1.8721,0.133,9,0.0183,2.2018,0,0.2874,0,0.1959,9,0,0,0,0,0,0,0,0,0,0
"Ecuador",3913.2838,22.2409,164.2113,2.1732,2.3272,27.1847,2.0649,27.2451,1.1985,0.0647,0.1409,0.5246,0.0934,0.0406,0.0679,727.6407,0.0517,161.536,215.689,250.9548,2.5233,22.4716,1953.696,1155.0724,188.4537,0.0856,2.8005,0,920.2811,833.4167,18.3475,5.3778,679.5614,340.7441,25.0519,37.951,7.9048,178.5777,184.2857,5.1797,102.6572,0,0,31.6358,241.1837,0,17.0855,126.885,51.5568,9.8574,1.3534,1.4431,0.0061,277.8434,0,0.2802,12.7662,4.7883,0.3533,36.9824,0,0.0246,0,33.5724,90.2144,0.3658,3.3583,8.4977,4.2081,1100.8295,25.9815,88.0843,17.613,117.4228,25.161,16.4644,14.9881,24.2006,54.3724,2.9401,29.4979,2.3969,1.3447,0,0.0024,0,0.0101,0,0,0.118,0.0521,0.0184,0,1.6543,0.5134,0,0.2569,0.0813,1.6264,0,0.0558,58.212,0.0401,0,0,0.0211,0.0123,0.004,0.5394,0.0258,9,0.1846,0,0,0.0224,0,38.9703,0.2168,0,0,0,77.0306,0.0428,0,0,0.0231,0.0326,0,0.4549,0,2.0781,170.1084,27.7812,0.5591,31.0086,0,0.9076,47.0468,0.1562,13.3923,4.9999,1.1389,6.6045,21.8948,7.9497,0.0058,0.6597,2.0944,2.2427,16.5537,0.0432,0.0045,0.0797,0,0.0483,0.2192,27.183,1892.1274,9.0439,183.883,0.3885,899.2586,101.8179,132.838,0,24.7829,0.0804,9.0655,2.6322,0.0882,0.0031,252.9015,0.4906,0,28.0853,26.1458,135.4433,0,0.8899,33.5649,0,9.6004,0,16.7718,0,0,7.2948,0,0.3786,9,0,0,0,0,0.0083
"Peru",1661.7769,4149.0385,30.7532,14.2397,79.1256,42.4759,3.0979,34.8225,0.994,0.6652,0.1139,43.6326,0.8739,0.8535,0.6861,875.4539,1.2958,7.7879,22.5854,23.2874,15.2172,19.9295,312.1078,585.8291,509.6034,3.4716,0.3057,920.2811,0,1175.2816,150.3007,253.7317,578.9049,1859.4654,89.3571,96.5935,33.2492,691.4406,476.6267,8.1119,14.9532,0,0,114.6002,1675.3705,0,8.8686,540.7525,8.8484,84.3287,18.0745,22.139,7.4905,693.9406,0,0.4489,0.1056,0.1748,0.1242,2.386,0,0.4602,0,3.0956,22.5461,0.9975,68.2516,0.1727,10.3016,487.0737,0.7701,30.98,16.1637,39.6833,0.291,0.0865,0.1573,0.0251,303.288,78.9931,260.779,71.2429,6.4483,0,0.0004,0.1035,0.0237,8.08,0.0898,3.2051,3.7869,1.6791,0.0838,0.4679,1.2236,0.1173,2.024,0.1805,23.5543,0.4326,4.3276,356.3327,0.6159,0.0737,0,6.1877,0.0641,0.689,0.1389,0.2271,0.0145,0.0022,0.0005,0,0.0545,0,799.0425,0.2352,0.3507,0,0.0389,65.0684,232.5516,0.0033,0.0001,0.4137,0.2185,0,0.6127,0.0209,7.316,15.9581,0.9211,1.5371,0.0008,0,0.0767,322.3558,0.0405,5.8974,1.489,5.6071,1.2467,53.5741,43.2106,0.0322,1.1599,51.5186,24.0336,1.4409,0.2138,0.014,0.0353,0,0.1256,0.2517,0.655,933.416,0.0011,114.7779,31.5301,315.7172,888.8899,213.7459,0,34.7343,7.3035,2.6776,9.1357,0,0.0265,182.2387,4.0073,0.1259,22.7025,219.0991,21.6918,0.0173,109.6165,189.6961,0,5.9883,0.809,45.6488,0,0.0001,0.0001,0,0.3715,0.0003,0,0,0,0,0.0986
"Brazil",5171.451,424.7832,38.2825,504.2303,102.7721,405.0097,321.784,447.0706,20.3494,3.0941,9.6932,3237.5402,2.5439,4.7752,0.556,624.4287,4.0675,248.5533,74.8499,160.9271,101.4665,154.7527,191.2596,1218.561,2029.2391,39.2042,15.7587,833.4167,1175.2816,0,1769.2611,2592.1004,1172.4936,3226.17,463.4712,1429.1831,480.5395,9879.5591,1643.6849,47.1678,1316.1318,0,0,2093.4101,1254.642,0,1113.5969,7498.8342,42.3885,1281.203,183.1611,477.8866,141.4257,1111.2774,0,48.5072,40.7865,34.9335,26.4651,182.1379,0,2.785,0,269.6943,71.2428,17.3935,45.4827,13.5793,321.3249,1128.2802,87.4282,9.7978,16.7863,189.3972,1260.8812,83.1584,109.131,175.8901,93.7786,1659.7723,490.0978,315.7126,269.8915,0,1.0541,3.9478,573.0534,110.4036,11.8338,181.5051,152.9082,176.2853,2.2096,14.9541,74.9534,53.2913,35.4622,52.7927,430.8232,35.5284,147.033,7913.4438,43.0872,3.3673,2.78,292.0994,28.2297,9.3714,218.3767,72.7053,0.2262,1.9063,7.136,15.8538,37.5983,10.5503,699.1909,84.7981,6.038,10.9522,0.2316,831.7733,22.9822,0.049,1.2648,15.5254,22.9909,0.2661,42.8463,6.4661,291.3695,1690.9163,341.6977,111.2621,167.9452,0,2526.7022,1065.2203,547.5836,2015.9102,353.7823,302.3834,205.7819,764.019,421.1423,338.3961,32.7155,742.7266,273.27,1859.6137,579.5491,10.5057,7.5084,12.9253,7.2407,6.4078,257.7648,17599.993,6.0837,1557.9829,40.7217,4766.172,4037.2502,2894.1585,0.0002,107.4056,711.6697,27.3214,14.0619,14.7988,0.317,371.1397,18.8445,2.6292,225.6185,748.2473,1006.8285,0.6743,57.1681,213.2833,0,1216.0283,6.9047,70.6251,0.2031,0.2925,0.071,0,0.7028,0.5022,0.0078,0,0.0008,0,0.992
"Bolivia",62.0726,229.6421,0.0504,6.8675,0.0778,3.5099,0.0132,4.8704,0.014,0.023,0,0,0,0,0,135.567,0.0078,17.813,0.2052,0.3,0.0141,0.5367,4.9369,25.2626,477.4599,0.3149,0.3201,18.3475,150.3007,1769.2611,0,30.0047,180.8245,315.6968,19.2926,7.5016,2.2096,57.5584,128.4364,0.0665,15.2451,0,0,17.9138,19.3805,0,0.9545,95.6749,1.757,8.052,23.062,4.7405,1.1113,43.0489,0,0.0111,0.0001,0.0546,0.0072,0.5045,0,9.0146,0,0.2261,0.7564,0.0085,0.3494,0.0028,1.8233,6.2055,0.0749,0.0102,0.0911,0.9062,0.3869,0.0117,9.0268,0.0089,5.4429,159.877,2.2086,5.5658,0.1635,0,9.0058,9,0.0045,9,9.0064,0.0035,0.1236,9,0,0.0645,0.0013,9,0.003,0.0012,0.0084,0.0001,0.0392,0.0078,0.0068,0.02,9.002,0.0013,9.0001,0.0099,0.0132,0.0096,0.0007,0,0,9,0.056,9.0003,0.0496,0.0136,0,0.0055,9,4.0082,0,0,0,0.1266,0.0067,0,0.0439,9.234,0.0301,6.4013,1.0241,0,0.0064,0,0.0616,6.1917,0.0055,0.0319,0.0458,0.5204,0.0991,5.7048,0.5323,0.0128,0.0021,0,0.3034,0.2157,0.1802,9.0184,9,9,9,0,1.0249,666.9942,9,32.1755,2.6272,417.5431,226.4222,69.594,9.002,0.4146,0.7072,0.0032,0.8876,0,0.0013,53.177,9.2209,9.0069,6.0924,2.6444,19.7833,0.003,0.967,23.619,0,11.6308,0.013,1.6001,9,9,9.0002,9,0,9,9.001,0,0,0,9.0361
"Paraguay",551.189,7.21,0,1.1013,0,3.1826,0.0237,1.5087,0.088,13.089,0.0082,0,0,9,9,73.9689,2.4999,1.6429,0.0575,0.1085,0.9983,0.7217,8.8211,59.2157,349.3174,0,1.841,5.3778,253.7317,2592.1004,30.0047,0,453.0595,1282.1398,106.4561,64.8446,2.1105,334.1637,3.9664,1.9416,11.3761,0,0,79.1145,172.7383,0,68.1737,79.8199,1.3468,13.6069,2.1911,3.626,3.4264,218.3975,0,0.0317,0.4959,0,0,0.3037,0,0,0.3311,102.4786,55.394,0.5477,3.5932,0,11.1379,464.1596,0.3253,0.0179,20.6983,6.5743,25.6129,0.0072,0,0.0066,22.8333,41.7057,0.8793,4.0871,0.0278,0,9,0.4723,0.4198,0.4304,9,1.3243,0,0.1639,0,0.2893,9.086,0,0.14,0,0.219,0.3071,0,2.5299,2.8869,0,0,4.7055,0,1.7804,18.8006,0.3169,0,9,9,9,0,0,22.3064,0.2425,0,2.8959,0,3.2381,0,0.0005,0,0,0.8385,0,0.0146,10.0869,64.8259,20.9303,26.5134,0.2408,9,0,64.2621,199.3003,0.0044,33.942,1.0291,3.89,0.348,43.2493,59.3661,0,9.6585,2.007,0.3576,8.4897,0.0891,0.3532,0,9.1109,0,0,2.294,3759.2925,0.0045,20.6945,34.6153,167.2725,330.8569,67.7186,0,13.0269,22.8014,0.0315,9.5039,0.066,0,54.5769,0.8713,0,65.0585,9.7559,18.1246,0,2.2112,0.4861,0,1.9693,0,0.3435,0,0,9,0,0,9,9,0,0,0,0.0003
"Chile",5378.6228,1212.2663,1.6427,41.3916,3.4225,51.4254,9.2075,635.7419,2.3649,0.2927,0.4137,0.7144,0.4443,0.8367,0.0744,210.1347,0.7827,57.7775,37.2904,31.7829,7.3611,229.2795,3.7925,1317.0812,1052.5171,3.0768,0.5372,679.5614,578.9049,1172.4936,180.8245,453.0595,0,3529.9917,33.1328,453.6495,33.2483,3246.5042,1016.6628,18.7727,256.5582,0,0,252.3243,914.0156,0,24.6538,1180.9586,98.8857,103.9607,7.951,23.0961,11.5423,1723.0235,0,2.852,0.302,0.2118,0.0518,2.5652,0,1.5761,0,11.0727,104.3176,4.0395,3.9257,1.9733,33.2556,366.2811,3.221,2.3953,6.9139,28.4615,5.0524,0.6905,0.3849,0.7324,180.0461,221.7704,35.6972,24.961,36.9229,0,9,0,1.2695,0,0.0713,0.4473,1.6577,0.9248,0.0002,2.2035,603.4039,1.0076,2.5116,0.683,18.1661,0.0007,1.9113,60.818,0.3745,0.0301,0,8.6456,1.5067,0.0768,1.7905,0.7305,0.0015,0,0,0.0004,1.5081,0.0013,8.7378,5.0788,1.9759,0.2347,0.0153,38.6697,1.2893,0.026,0.0493,0.0121,0.061,9,0.2415,0.1444,12.361,11.2568,0.6669,0.1683,0.2598,0,13.824,306.8438,0.2488,0.5545,1.4378,5.9215,6.6661,50.4105,191.1536,99.0532,9.4241,3.7144,293.3853,129.1845,16.6398,0.0038,0.2722,0.0016,0.2384,0.2741,8.6064,8232.692,8.7419,1624.6999,0.1834,2137.9263,6871.5064,1320.2421,0,65.0754,16.4125,0.3694,31.0025,0.2172,0.1873,294.7025,11.7815,2.8284,172.1621,95.4953,240.6825,0.0047,28.4514,98.6105,0,542.0739,3.3961,3.6607,0.0896,0,0,0,0.2678,0.9097,0.0005,0,0,0,0.5095
