"","United States of America","Canada","Bahamas","Cuba","Haiti","Dominican Republic","Jamaica","Trinidad and Tobago","Barbados","Dominica","Grenada","St. Lucia","St. Vincent and the Grenadines","Antigua & Barbuda","St. Kitts and Nevis","Mexico","Belize","Guatemala","Honduras","El Salvador","Nicaragua","Costa Rica","Panama","Colombia","Venezuela","Guyana","Suriname","Ecuador","Peru","Brazil","Bolivia","Paraguay","Chile","Argentina","Uruguay","United Kingdom","Ireland","Netherlands","Belgium","Luxembourg","France","Monaco","Liechtenstein","Switzerland","Spain","Andorra","Portugal","Germany","Poland","Austria","Hungary","Czech Republic","Slovakia","Italy","San Marino","Malta","Albania","Macedonia","Croatia","Yugoslavia","Bosnia and Herzegovina","Slovenia","Greece","Cyprus","Bulgaria","Moldova","Romania","Russia","Estonia","Latvia","Lithuania","Ukraine","Belarus","Armenia","Georgia","Azerbaijan","Finland","Sweden","Norway","Denmark","Iceland","Cape Verde","Sao Tome and Principe","Guinea-Bissau","Equatorial Guinea","Gambia","Mali","Senegal","Benin","Mauritania","Niger","Ivory Coast","Guinea","Burkina Faso","Liberia","Sierra Leone","Ghana","Togo","Cameroon","Nigeria","Gabon","Central African Republic","Chad","Congo","Democratic Republic of the Congo","Uganda","Kenya","Tanzania","Burundi","Rwanda","Somalia","Djibouti","Ethiopia","Eritrea","Angola","Mozambique","Zambia","Zimbabwe","Malawi","South Africa","Namibia","Lesotho","Botswana","Swaziland","Madagascar","Comoros","Mauritius","Seychelles","Morocco","Algeria","Tunisia","Libya","Sudan","Iran","Turkey","Iraq","Egypt","Syria","Lebanon","Jordan","Israel","Saudi Arabia","Yemen","Kuwait","Bahrain","Qatar","United Arab Emirates","Oman","Afghanistan","Turkmenistan","Tajikistan","Kyrgyzstan","Uzbekistan","Kazakhstan","China","Mongolia","Taiwan","North Korea","South Korea","Japan","India","Bhutan","Pakistan","Bangladesh","Myanmar","Sri Lanka","Maldives","Nepal","Thailand","Cambodia","Laos","Vietnam","Malaysia","Singapore","Brunei","Philippines","Indonesia","Australia","Papua New Guinea","New Zealand","Vanuatu","Solomon Islands","Fiji","Marshall Islands","Federated States of Micronesia","Samoa"
"United States of America",0,17082.511,399.31,2.64,81.63,1570.1284,457.68,327.0153,184.326,29.0004,35.3999,88.7542,44.8785,56.6,36.59,10451.481,102.558,102.0287,396.6,342.699,61.7,188.6653,499.2875,218.6221,2791.9644,25.46,358.4684,752.738,527.0281,740.458,65.4665,179.0547,775.7341,2561.0991,52.641,2249.449,1199.1912,4175.7764,408.4643,27.9264,1912.385,0,0,2259.6594,2420.1229,0,65.6511,5226.032,487.917,679.6701,74,119.1553,58.2003,5955.5437,0,84.3928,6.7078,90.935,11.122,0,8.72,54.754,448.094,218.3112,45.07,13.8,296.8,457,3.1431,13.7258,44.38,138.02,47.617,26.1415,19.533,20.6213,412.6791,937.1489,133.5292,323.3502,116.9305,0,2.15,1.56,0.37,1.6,34.26,50.3954,1.2334,14.02,7.5282,92.6484,82.55,18.9781,19.12,29.32,17.24,10.05,47.8432,4628.9,955.58,0.6516,8.28,511.2654,212.38,11.68,0.6707,23.29,1.3025,3.81,33.35,14.52,49.652,0.9,2052.1401,23.4,21.8772,39.3346,49.12,267.6,3,54.3,16.1,20.9,16.2802,9.38,171.0922,13.8115,491.146,399.346,314.8645,0.22,45.45,823.6,2070.2,4.51,565.9768,122.0071,386.36,429.4803,980.3999,2630.1191,160.3748,893.61,609.01,147.7648,1012.5,27.0296,7.54,47.95,9.9672,52.49,73.43,33.67,22879.86,18.38,10050.6,2.2,275.4,54474.626,2623.4399,0.2,57.6215,779.3666,36.46,945.4269,23.8369,104.46,3602.7559,19.52,4.8,3.75,3197.8774,905.304,734.35,1643.7781,2632.2773,6504.605,51.35,410.7607,2.69,0.84,20.1164,0,0,9.4741
"Canada",17082.511,0,14.5911,31.8317,3.7086,19.9933,86.3577,50.1333,20.3901,2.2327,4.0168,9.9318,4.5641,6.8922,1.2028,1651.7826,4.0031,7.1541,1.5681,5.4971,7.9889,77.9185,11.6305,59.8528,4.3804,121.1339,6.4035,80.8538,11.7574,153.8304,1.2877,6.7286,23.997,10.5922,18.8545,1011.6756,252.2817,105.4893,8.7798,0.6003,693.9463,0,0,362.7508,32.4239,0,53.3703,584.0586,19.4326,224.5266,3.2687,108.0562,10.9645,464.0348,0,7.1235,0.0008,0.991,5.351,0,0,12.162,12.6522,14.1312,14.175,1.8,27.8597,45.9,0.9353,0.2598,0.9434,11.512,7.842,0,0.421,0.0489,92.8747,493.9057,418.726,70.4992,15.1526,0,0.0292,0.0243,0.1397,0.1523,1.4052,2.3257,0.7699,5.8123,6.7868,4.8549,4.7044,3.078,1.116,3.0448,11.2084,25.0881,8.4402,517.416,41.5531,0.0584,0.0337,0.9527,2.4365,0.6931,0.315,5.2598,0.289,2.2498,3.6392,0.3329,10.0405,0,18.5795,5.2991,7.9168,9.308,0.3767,57.7737,6.0989,2.6725,1.5495,7.751,4.0626,0.042,5.5197,1.2248,48.2292,56.7062,27.858,74.386,3.8506,66.7539,72.5898,0.7241,31.9527,29.8457,24.3479,11.1228,23.1308,145.8394,2.0163,25.7977,3.9172,4.1798,57.8432,39.8191,0.1426,0,0.0274,0,36.9142,10.8097,1256.5218,0.32,1475.1632,0.4531,177.5234,927.7534,93.3933,0.0203,110.2664,5.525,4.9699,22.6917,0.1921,2.2098,248.0304,3.2848,1.1214,4.1256,505.9844,339.6251,4.8429,172.5193,36.5197,129.1802,1.2575,62.3842,0.3583,0.2849,17.1133,0,0,1.0008
"Bahamas",399.31,14.5911,0,0.0626,0.2439,0.0271,0.7736,1.7104,0.6643,0,1.6791,0.0707,0.0058,0.0265,0.0116,30.3303,0.0032,0,0,0.307,0,0.213,0.3623,1.5927,0,0.0382,4.9944,0.189,3.0976,2.6972,0.0919,6.253,0.0059,0.2159,0.3267,30.0721,2.595,6.0197,27.4437,1.8763,287.804,0,0,15.5232,179.4959,0,1.1857,20.7051,0.052,4.0095,0,0,0.0434,595.7491,0,0.3027,9,0,0,0,0,0.009,10.2664,0.0019,0,0,0.22,36.31,0.0886,0,0,0,9,0,9,0,0.5018,13.6984,0.5166,174.0795,0,0,0,9,0,0,9,0,0.1254,0,9,0.5963,0,0,0,0.0015,0.0522,9.0079,0,0,35.0361,0,0,0,0,0,0,0,0,0,0,0,9,0,0.9101,0,0,0.0085,0,0.0164,0,0,0,0,0.1022,0,0,0.0193,10.2725,9.6001,0,0,0,0,0.177,0,0.006,0,8.6507,0,0.08,0,0,0,0,9,0,9,0,0,9,0,0,0,1.7133,0,1.1963,0.0298,0.24,493.6693,6.397,0,0.3784,0,0,0,9.0001,0,0.0719,0,0,0,0.0997,16.8764,0,1.7932,0.0792,1.5229,9,0.7197,9,0,0,0,0,0
"Cuba",2.64,31.8317,0.0626,0,0,0,0.0048,10.6531,0.2299,0,0.0017,0.0009,0.118,0,0,65.7272,0.001,0,0,0.3181,2.2771,2.5382,2.0039,19.3699,127.3866,5.2111,0,3.7737,0.924,9.8769,0.1943,0.0374,4.7517,76.8004,0.2553,11.1332,4.8271,30.587,46.4165,3.1735,99.4148,0,0,6.6608,144.7056,0,32.7327,22.4342,2.9266,0.8362,2.54,0.0873,1.9094,37.4929,0,0.0062,0,0,0,0,0,4.15,0.0462,1.6849,27.5509,0,2.31,323.22,0.0059,0.2675,0,0,1.4795,0,9.599,0.0038,16.0653,2.6706,0.1002,4.6262,0,0,0,1.025,0,0,0,0,9,0.0074,0.0459,0.044,9,9,0,9,0.4035,0.0013,0,0.3839,0.0174,0,0,0,9,0,0,0,0,9,0,0,0,0,9,0,0,0.1212,0,11.7982,0,0,0,0,0.0005,9,0,0,1.072,47.5668,0.005,31.8162,0,3.9,0.457,0,1.1345,14.8559,0,0.144,0,0.2045,0.0818,0,0,9,0,0.0103,0,0,0,0,0,9,121.1379,0,0.8001,0,0,30.6165,3.3636,0,0,9,9,0,0,0,5.0121,9,0,30.2542,0.5867,0,9,0,14.7599,0.3211,9,2.3095,0,0,0,0,0,0
"Haiti",81.63,3.7086,0.2439,0,0,8.7886,1.0796,0.8169,0.1719,0,0.0049,0.0131,0.084,0,9,10.5479,0,4.9589,0,1.5005,0,0.8519,2.3874,0.4336,1.3211,0,0,0,0.0198,0.3454,0.0079,0,0.0682,1.4509,2.3848,15.4237,0.1577,13.2441,7.4787,0.5113,8.7791,0,0,1.0532,2.5232,0,0.0981,6.0314,0.0578,0.1229,0,0,0.0262,2.6675,0,0.0001,9,0,9,0,0,0.14,0.033,0.063,0,0,0,0,0,9,0,0,0,0,0,0,0.3674,0.6505,0.9288,0.627,0,0,0,0,0,0,9,0,0,9.0056,9,0.0028,9,0,0,9,0,0,0.0003,0,0,9,0,0,0,0,9,0,0,9,0,9,9,0,0,0,0,0,0,0,0,0,0,0,0.0569,9,0,0,0,0.0121,0,0,0,0,0,0,0,0,0,0,2.97,9,9,9,0,0,0,9,0,0,0,0,0,0,0.6418,0,6.1072,0,3.96,17.5378,0.1013,0,0.2023,0,0,0,0,9,0.4523,0,0,0,26.6722,0,0,0,0,0.0599,0,0.0345,9,0,0,0,0,9
"Dominican Republic",1570.1284,19.9933,0.0271,0,8.7886,0,0.5082,35.0074,0.381,0.003,0.2626,0.6842,0.029,0.096,0,219.6513,0.0896,12.9532,0.65,6.4901,0.1589,14.0116,1.2825,42.9413,201.0877,0.132,4.0297,1.442,0,73.6208,0.0111,0.081,12.3205,53.2691,1.7262,7.7631,26.8827,27.4334,9.6502,0.6598,26.0132,0,0,6.8037,52.4641,0,2.836,15.5326,0.8496,2.3814,0,9,0.2334,70.6181,0,0.0064,9,0,0,0,0,0.266,0.2377,0.0097,0,0,0.88,0,0.0031,3.3453,0,0,9.6061,0,0,0,8.6416,1.4565,11.4718,35.0128,0.0074,0,9,0,0,0,0,0.0006,9,0,0,0,0,9.0044,0,0,0,9,0,0,0,0,0,9,9,0,0,9,9,0,0,9,9,0,9,0,0,0,9,9.8268,0,0,0,0,0.0226,0,0,9,1.119,0.6897,0,0,9,0,0.178,0,0.091,9,0,0,2.97,0,9,9,0,9,0,0,0,0,0,0,0,0,40.4173,9,73.8441,1.6982,105.72,220.3989,0.669,0,0.4331,0.0421,0,0,0,0,11.2502,0,9,0.11,1.3411,0,0,1.166,0,0.5127,0,10.1183,9,0,0,0,0,9
"Jamaica",457.68,86.3577,0.7736,0.0048,1.0796,0.5082,0,56.3914,1.511,2.978,1.993,3.2191,1.4567,3.3727,2.2519,45.4806,1.7481,0.868,0,0.4455,0.1532,6.6771,0.6198,7.9817,42.0519,1.5727,2.1312,0,0.9713,35.6268,0.0055,0.0528,0.8294,3.0145,0.3729,89.7031,8.0639,27.8574,2.5459,0.1741,48.8448,0,0,5.68,3.338,0,0.4245,12.3982,0.8002,2.9633,0,0.1113,0.766,3.786,0,0.0328,0,0.137,0,0,0,0.021,0.2539,0.0253,0,0,0.11,0.04,0.0355,2.6341,0,0,9,0,9,0,0.0389,6.4381,98.6847,1.6456,0.0219,0,0,9,0.0005,0,0,0.005,0.012,0,9,0.0032,0,9.0008,0,0.0024,50.344,0.0084,0,0.1018,0.0074,9,0.0171,0,0,0.0005,0.01,0,0,9,0,0,0,0,0,0,0,0.0074,0.1194,3.8482,0,0,0,0.0319,0,0,0,0,0,0,0.3815,0,0,0,1.892,0,0.1766,0,0,0.0264,0.88,0,0,0,0.7588,0,0,0.0117,0,0,0,0,0,0,13.4472,0,16.2498,0,30.36,105.0207,1.9316,0,0.0724,0.257,0,0,0,9,6.0457,0,0,0,6.5773,3.6694,0,0.109,0,2.0476,0,8.7481,0.0171,0,0,0,0,0
"Trinidad and Tobago",327.0153,50.1333,1.7104,10.6531,0.8169,35.0074,56.3914,0,58.0108,8.9485,27.9726,27.9157,14.7061,0,0,23.1432,0.9588,1.8879,2.7214,3.6334,0.4824,4.8995,15.8799,32.9001,217.8366,58.3652,187.1046,5.4578,0.0157,23.1398,0.025,0,10.4825,2.8684,0.0576,46.195,12.36,6.9688,5.6816,0.3884,9.3834,0,0,5.9646,28.4333,0,0.9721,45.5876,0.3421,2.2535,0.0473,0,0.3404,6.7608,0,0.0012,0,0,0,0,0,0.187,0.0233,0.096,0,0,0.1196,0,0.0293,0,0,0,0,0,0,0,1.0382,1.9167,0.9193,3.2059,0.0413,0,0,0,0,0,9,0.5902,0,0.0152,0,15.3039,0.0004,0.0002,0.0239,0,0.0045,0.0086,0.0095,10.2957,0,0,0,0,0,0.0041,0.0884,0.2216,9,0.0001,0.0428,0,0.0006,0,0,0,0,0.0715,0.0011,0.0042,0.0504,0,0.0012,0.1011,0.0006,0,0,0,4.9622,0,0.0144,0,0.0011,0.1233,1.4647,0,0.034,0.0133,0.0024,0.0024,0.7296,0.0899,0,0,0.0009,0,0,0.005,0.0052,0,0,0,0,0,14.3047,0,7.218,1.037,4.1805,8.8115,2.7667,0,0.1804,0.0073,0.0317,0.1871,0,0,1.2024,0,9,0.0456,2.8451,2.7475,0,0.3626,0.6983,5.2195,0.0002,9.3529,0.0103,0,0,0,0,0
"Barbados",184.326,20.3901,0.6643,0.2299,0.1719,0.381,1.511,58.0108,0,0.2451,1.9468,6.838,2.2002,3.103,2.9001,0.759,1.263,4.171,1.904,0.039,0,1.0525,0.4496,0.041,20.8285,3.4319,0.0385,0.087,0.0961,6.8262,0.0053,0.011,0.357,0.778,0.114,15.4271,2.4442,2.095,2.2464,0.1536,7.9154,0,0,4.7849,1.4677,0,0.1316,4.9069,0.172,0.5752,0.251,9.178,0.0085,3.9796,0,0.001,0,0,0,0,0,0.002,0.015,0.03,0.001,0,0.038,0.107,0.0001,9,0,0.004,9,0,0,0,1.8011,0.8726,3.0967,1.1063,0.099,0,0,0,0,0,0,0.005,0,9,0,0,0.0108,9,0,0,0,0.0095,0.003,0,0.001,0,0,0,0,0,0.044,0.012,0,9,0,0,0,0,0,0,0,0.0099,0.0047,0.001,0,9,0,9,0.003,0,0.003,0,0.078,0,0.005,0,0,0.059,0.342,0,0,0.002,0,9.012,0.735,0.0974,0,0,0.001,0,0,0,0,0,0,9,9,0,5.036,0,4.148,0.363,5.301,30.0349,0.451,9,0.0528,0.027,0,0.109,9,0,0.6912,0.002,0,9.001,0.824,1.026,0,0.103,0.732,1.6384,0,8.9919,0,0,0.001,0,0,9
"Dominica",29.0004,2.2327,0,0,0,0.003,2.978,8.9485,0.2451,0,0.3857,0.9534,2.0813,1.377,0.6906,0.0169,0.69,0,0,0,0,0,0,0.091,0.4651,1.0057,0,0,0.7054,1.0396,0.0145,9,0.241,0.377,0,23.5949,0.0107,1.6004,0.4212,0.0288,1.6137,0,0,0.969,1.2416,0,3.8261,0.4155,0.063,0.2069,0,0,0.0857,1.132,0,0.0066,0,0,0,0,0,0.028,0.002,0.0079,0,0,0,0,0.0069,0.2368,0,9.019,0,0,0,0,0.0135,0.0351,0.2968,0.1973,0,0,0,0,0,0,9,0,0,0,0,0.001,0.0001,0,9,9,0,0,0,0,0,0,0,0,0,0,0,0,0,0,0,0,0,0,0,0,0,0.2298,0,0,0,0,0,0,0,0,0,9,0,0,0,0,0,0,0,0,0.0709,0,0,0,0,0.5485,0,0,0,0,0,0,0,0,0,0,0,0,0.5285,0,0,0,9.6,0.0019,0.4433,0,0,0.118,0,0,9,0,7.152,0,0,0,3.0905,0,0,0.001,0,0.0376,9,0.0715,9.0002,0,0,0,0,9
"Grenada",35.3999,4.0168,1.6791,0.0017,0.0049,0.2626,1.993,27.9726,1.9468,0.3857,0,0.6851,1.3329,0.2395,0.3595,0.4149,0.0582,9.487,1.1901,0.0139,0,0.0102,0.1247,0.0978,2.6211,1.2277,0,9.0033,0.1098,0.9214,0,0.0004,0.0135,0.0885,0.005,8.0632,0.5368,0.233,0.0281,0.0019,0.8442,0,0,1.2173,0.0911,0,0.0194,0.2019,0.0241,0.0061,0.0177,0,0.0026,0.3567,0,0.0011,0,0,0,0,0,0.523,0.004,0.0244,0,9,0.056,0.1,0,0,9,0,0,0,9,0,0.0298,0.0641,0.2452,0.8489,0.024,0,9,0,0,0,9,0,0,0,0,0,0,0,9,9.0001,0,9.0393,0,9.0003,9,0,9,0,0,9,9,0,9,9,0,0,0,0,9,9,0.0004,0.0961,9,0,9,9,0,0.0001,0.1037,0,0,9,9,0.09,0,0,9.0591,9.0003,0.075,9,0.0103,0.0138,0,0.0559,0.0174,0,0,9,9,0,9,0,9.001,0,0,9,0,0,0.8044,0,0.7412,9.3185,0.6026,4.7227,0.0944,9,9.0028,0.0003,0,0,9,0,0.0474,9,9,9.0001,0.0841,9.187,9,0.0005,0.0542,0.048,0,1.1424,0,9,0,0,0,9
"St. Lucia",88.7542,9.9318,0.0707,0.0009,0.0131,0.6842,3.2191,27.9157,6.838,0.9534,0.6851,0,6.3666,0.2106,0.421,1.4367,0.2326,0.1716,1.5924,0.0003,0,0.0445,0.5677,2.3735,1.6271,1.3375,0.0419,0.0078,0.0113,2.5525,0.0019,9,0.093,0.6874,0.027,42.8572,0.5811,2.4387,2.0031,0.1369,7.6142,0,0,1.0373,0.0109,0,0.0547,1.3283,0.0584,0.2749,0.0775,0,0.0078,0.7127,0,0.0083,0,0,0,0,0,0,0.0063,0.0078,0.0259,0,0.0649,9,0,9,0,0.0091,0,0,0,0,0.3235,0.4234,0.2323,0.7204,0.0099,0,0,0,0,0,0.0151,0,9,0.0006,0.0001,0,0,0,0,0,0,0,0,0.0003,0,0,0,0,0,0,0,0.0003,0,0,0.0116,0,0,0,0,0,0,0.0064,0.0001,0.0001,0.0007,0,0,0.0004,0.0013,0.0036,0,0,0,0,0.0011,0,0,0.0842,0.1744,0,0.0001,0,0,0.0004,0.1093,0.009,0.0001,0,0,0,0,0,0,0,0,0,0,0,3.737,0,4.1036,0.4375,2.5129,16.555,0.5276,0,0.0072,0.0002,0,0.1315,9,0,0.9703,0.0002,0,0.0036,0.6375,0.6533,0,0.031,0.6264,0.3748,0,1.0704,0,0,0,0,0,0
"St. Vincent and the Grenadines",44.8785,4.5641,0.0058,0.118,0.084,0.029,1.4567,14.7061,2.2002,2.0813,1.3329,6.3666,0,3.4038,1.7366,0.1456,0.0374,0.1998,0.5912,0.0009,0,0.0304,0.0586,0.3072,0.7167,0.9434,0.0005,0.123,0,2.661,0.0055,0.0004,0.0034,0.2624,0.002,23.0546,0.2094,1.4141,0.3744,0.0256,9.4513,0,0,0.5528,0.4763,0,0.3357,7.0271,0.0555,0.0166,0.0153,0,0.0804,9.5595,0,0,9,0,0,0,0,0,11.2379,0.0053,0,0,0.0416,0,0.0002,0,0,0,0,0,0,0,0.0049,0.1283,0.1215,0.6737,0.0067,0,0,9,0,0.0039,0,9,0,0,0,0.3405,0,0,9,0,0,9.1023,0,0,0,9,0,0,0,0,0,0.0006,0,9,0,0,9,0,9,9,9,0.0328,0,9,0,0,9,0.0001,0.001,0,0,9,0,0,0,0,0.0228,9,0.0301,0,0,9,0,0,0.0279,9,9,0,9,0,0,0,0.0017,0,0,0,0,0,1.1028,0,1.6331,0.0939,0.242,13.2879,1.0981,9,0.0612,0.0045,0,0.021,0,0,0.5067,0,0,0,0.0977,4.7462,0,0.0347,0.1878,3.7682,0,0.0985,0,9,9,0,0,0
"Antigua & Barbuda",56.6,6.8922,0.0265,0,0,0.096,3.3727,0,3.103,1.377,0.2395,0.2106,3.4038,0,0,0,0.0555,9,0,0,0,0.1299,0,3.881,0,1.1289,0,0,0.0165,1.692,0,9,0,0.068,9,22.7109,3.6893,0.6264,0.1966,0.0134,1.0466,0,0,0.6732,0.275,0,0.1705,2.6409,0,0.2821,0,0,0.1233,3.3796,0,0,0,0,0,0,0,0.075,1.765,0,0,0.095,9,9,0,0,0,0,0,0,0,0,0.0706,0.1427,0.8557,0.9462,0,0,0,0,0,0,0,0,9,0,0,0.0959,0,0,0,9,0.0036,9.0432,0,0.083,0,0,0,0,0,0,0,0,0,0,0,0,0,0,0,0,0,0.1725,0,0,0,0,0,0,0.0063,0,0,0,0,0,0,0,0,0,0,0,0.0032,0,9,0,0,0,0,0,0,0,0,0,0,0,0,0,0,0,1.942,0,0,0,0,0,0,0,0,0.9081,0,0,0,0,0,0,0,0,0.0223,0,0,0,0,0.0455,0,0.1801,0,0,0,0,0,0
"St. Kitts and Nevis",36.59,1.2028,0.0116,0,9,0,2.2519,0,2.9001,0.6906,0.3595,0.421,1.7366,0,0,0,0,0,0,0,9,0.0199,0,0.1604,0,0.3724,0,0,0.0341,2.354,0.0276,9,3,0.1122,0,3.2064,0.2859,0.2872,0.0187,0.0013,0.8289,0,0,0.0678,0.011,0,0,13.7633,0.0334,0.0316,0,0,0.0338,1.855,0,0,0,0,0,0,0,0,9.0891,0,0,1.981,0,0,0,0,0,0,9,0,0.014,0,0.0005,0.1566,8.2155,1.1489,0,0,0,0,0,0,0,0,9.0064,0,0,0,0,0,0,0,0,0,0,0,0,0,0,0,0,0,0,0,0,0,0,0,0,0,0,0,0,0.0061,0,1.1652,0,0,0,0,0,0,9,0,0,0,0,0,0,0,0,0,0,0,0,0,0,0,0,0,0,0,0,0,0,0,0,0,0,0,0.0407,0,0.0372,0,0,3.8196,0.0302,0,0,9,0,0,0,0,0,9,0,0,0.0069,0,0,0.0409,9,0.124,0,0.1043,0,0,0,0,0,0
"Mexico",10451.481,1651.7826,30.3303,65.7272,10.5479,219.6513,45.4806,23.1432,0.759,0.0169,0.4149,1.4367,0.1456,0,0,0,23.1755,101.1352,29.3564,96.464,16.56,88.1084,2.216,167.298,13.4288,0.3157,1.2235,18.3267,70.0469,949.9666,4.9618,8.943,66.7772,39.5858,1.907,399.1454,149.524,98.8905,75.4795,5.1605,704.4135,0,0,510.9596,259.517,0,69.8751,2633.4161,75.7565,66.5641,1.5857,0,0.2558,782.7262,0,0.383,0,1.112,0,0,0,1.354,12.0222,0.2128,7.1588,0,3.3842,13.4,0.0168,0,0,133.5378,0.615,0,9,0,38.7171,261.8126,26.669,119.5934,1.0636,0,0,0,0,0,0,0.7475,0,0,0.0283,0.3963,0,0.1637,0.3773,0,0,0,6.1519,1.7391,0,0,0,0.009,0.1903,0,1.0793,0,0,0,0,0,0,0,0,0.0277,0,7.255,0,0,9,0,0,0,0.4677,0,0,0,45.0016,5.898,1.0919,1.6698,0,11.0121,10.8925,0.0253,1.1477,0,2.6785,0.953,45.7398,11.9057,0.0007,4.4539,0,0,0,0.1497,0,0,0,0,0,0,263.7662,0,702.3036,0,570.8515,2627.3237,60.858,0,14.081,0.781,0,25.5977,0.0002,0,90.8487,0,0,0,213.0997,134.5657,0,46.2686,157.3587,49.4165,0,159.8271,0,0,0,0,0,0
"Belize",102.558,4.0031,0.0032,0.001,0,0.0896,1.7481,0.9588,1.263,0.69,0.0582,0.2326,0.0374,0.0555,0,23.1755,0,9.0199,0.2475,1.836,0.151,0.9476,0.7865,0.59,5.659,0.0245,0.0078,0.007,0.006,1.766,0,0,0.052,0.049,0,36.3106,1.2185,5.4799,0.0187,0.0013,0.1599,0,0,0.41,4.4177,0,0.093,0.0039,0.2085,1.12,0,0,0.0015,1.1747,0,0,0,0,0,0,0,0.065,0.077,0.035,0.0015,0,0.07,0.051,0.0018,0,0,0,0,0,0,0,0.0543,0.3551,0.027,1.6725,0,0,0,0,0,0,0,0.4414,0,0,0,0,9,0.0038,0,0,0.0083,0,0,0,0,9,0,0,0,0,0.0005,0,0,0,0,9,0,0,0,0,0,0,0.0005,0.067,0,0,0,0,0,0,0,9,0,0,0,0,9,0,0.003,0,0,0,0.0006,0,0.0855,0,0,0,0,0,0,0,0,0,0,0,0,0,4.5045,0,3.6965,0,1.202,1.0127,0.3223,0,0.061,0.3077,9,0.013,0,0,0.4135,0,0,0,0.2837,0.4445,9,0.019,0.105,0.3545,0,0.3905,0,0,0.0005,0,0,9
"Guatemala",102.0287,7.1541,0,0,4.9589,12.9532,0.868,1.8879,4.171,0,9.487,0.1716,0.1998,9,0,101.1352,9.0199,0,55.4196,67.7958,63.1189,38.0166,17.6691,20.6578,127.9416,0,1.6403,15.2631,13.1988,50.3565,0.2228,0.0101,4.892,18.5223,0.2181,12.0267,4.9713,9.5983,8.0403,0.5497,4.2096,0,0,11.531,13.0282,0,3.3829,20.5326,0.1302,2.3418,0.165,0,0.3133,19.7324,0,0.0197,0,0,0,0,0,0.121,0.0968,0.0638,0,0,2.6501,4,0.0026,9,0,0,9,0,0,0,8.8309,7.0567,0.3792,0.8869,0.0946,0,0,0,0,0,0,0.0012,0.0039,9,9,6.573,0,0,0,0,0,9,0,3.1716,9,0,0,9,0,9,0,0,9,0,0,0,0,0,9,9,0,0.0004,0,0.7761,0,9,0,0,0.0106,0,0,0,0.558,0,0,0,0,0.0228,0.0356,9,0.1189,1.4225,0,1.3927,3.1027,20.45,0.0455,2.0453,0,9,0,1.1743,9,0,0,0,0,0,1.8027,9,39.0599,0,18.9973,100.5599,2.1765,9,0.2789,5.9132,9,1.1069,0,0,1.0016,0,0,0,0.8108,7.3815,0,0.1598,1.0662,0.6869,9,3.5122,0,9,0,0,0,0
"Honduras",396.6,1.5681,0,0,0,0.65,0,2.7214,1.904,0,1.1901,1.5924,0.5912,0,0,29.3564,0.2475,55.4196,0,15.91,10.8,44.4869,6.3358,15.336,11.2621,0,0,1.1,2.9508,24.6593,0.0409,0.095,2.206,1.306,0.021,8.1394,1.0541,9.795,2.7799,0.1901,4.3176,0,0,1.503,33.5947,0,8.0043,89.2625,1.497,11.319,0,0,5.8345,0.7609,0,0,0,0,0,0,0,0.115,4.867,0.002,0,9,0.2,0.8,0.0249,0,0,0,0,0,0,0,4.4778,1.7997,0.6009,2.5981,0.2589,0,0,0,0,0,9,0,0,0,0,0.0984,0,9.0001,0,9,0,0,0,0,0,9,0,0,0,9,0,9,9,0,0,0,9,0,0,9,0,0.0005,0,0,0,0,0,0,0,0,0,0,6.54,0.016,0,0,0,0,0.176,0,0,0,0,0.2269,1.8,0.517,0,0,0,9,0,8.7639,0,0,0,0,0,0,20.945,0,0,0,46.8,18.6749,0.5555,0,0.2718,0.5278,0,0,0,0,0.694,0,0,0,1.5574,46.7096,9,0.179,1.9609,0.0578,9,0.2416,0,9,0,0,0,9
"El Salvador",342.699,5.4971,0.307,0.3181,1.5005,6.4901,0.4455,3.6334,0.039,0,0.0139,0.0003,0.0009,0,0,96.464,1.836,67.7958,15.91,0,17.726,0.0647,54.1952,7.416,86.8601,0.0138,0,4.681,3.4309,24.3809,0.056,0.1325,4.884,6.623,0.787,5.5511,1.932,4.1392,7.4693,0.5107,6.6954,0,0,14.2735,12.3942,0,0.7651,4.11,0.025,8.3073,0.07,0,0.8304,17.0006,0,0.3876,0.0008,0,0,0,0,0.001,0.049,0.0039,0.0239,0,0.4287,10.7,0.0026,0,0,0,9.322,0,0,0,1.1147,5.2854,0.2081,1.1008,0.0577,0,0,0,0,0,0,1.4495,0,0,9,0,0,9,0,0,0,0,0,0.0091,0,0.0481,0,0,0,0,0,0,9,9,0,0,0,0,0.1685,0,0,0.0624,0,1.253,0,0,0,0,0,0,0,9,4.7,0.054,0,0,0,0,0,0,3.1396,0,0,0,0.3724,0.4,0.0979,0,0,0,0,0,0,0,0,0,0,0,0.0924,0,20.914,0.0842,19.3415,87.2544,0.65,0,0.0814,9.0754,0,0.4748,0,0,0.051,0,0,9,1.5084,2.363,0,0.104,3.0199,0.0247,0,6.362,9,0,0,0,0,9
"Nicaragua",61.7,7.9889,0,2.2771,0,0.1589,0.1532,0.4824,0,0,0,0,0,0,9,16.56,0.151,63.1189,10.8,17.726,0,28.4512,26.8399,5.116,91.9174,0,0,0.2,0.0427,5.1428,0.0078,0.0308,0.409,6.757,0.023,1.1208,1.2157,0.3847,4.0623,0.2777,0.0047,0,0,1.7109,3.2239,0,4.3355,8.9587,0.422,2.4114,0,0,1.6363,2.6658,0,0,0,0,0,0,0,0.081,0.19,0.0819,2.4135,0,0,2.2,0.001,0,0,0,0.097,0,0,9,4.2349,1.0613,3.4033,0.5184,0,0,0,0,0,0,9,0.0018,0,0,0,0,9,9.0002,9,0,0,0,0,0,9,0,9,0,0,9,9,0,9,0,0,0,0,0,9,0,0,0.0025,9,0,0,0,0,0,0,9,0,9,0,0,0,0,0,0,0.131,9,0.0032,0,0,0,0.4,0,9,9,0,0,0,0.013,0,0,9,0,0,0,15.77,0,0,1.4258,3.6,58.4418,0.7256,9,0.021,9.01,0,0,9,0,0.004,0,9,0,2.3221,0,0,0,0.1341,0.3089,9,0.203,0,0,0,0,0,9
"Costa Rica",188.6653,77.9185,0.213,2.5382,0.8519,14.0116,6.6771,4.8995,1.0525,0,0.0102,0.0445,0.0304,0.1299,0.0199,88.1084,0.9476,38.0166,44.4869,0.0647,28.4512,0,10.511,77.6906,99.8672,0.0691,0.312,3.2999,2.2879,112.201,0.1548,0.116,8.7316,3.8622,0.096,30.5477,3.3426,48.9874,6.8796,0.4704,91.1945,0,0,3.9667,7.7678,0,12.1183,122.6813,16.3163,35.1356,6.3749,12.1645,2.3913,29.6977,0,1.0552,0,0.191,0.0105,0,0,0.307,4.4042,0.4124,0.024,0,0.1637,4.6953,0.9746,0,0,9.4008,9,0,9,0,16.1085,16.5037,18.2239,1.863,1.4866,0,9,9,9,9.0598,0,0.0017,9,0,0,0.0812,0,0.0001,0,0,0.0017,9,0,0.0136,9,0,13.8232,0,0,9,0.0037,0,0,0,0,9,0,0,0,1.573,0,0.0044,9,2.0796,0.0208,9.6795,0,0,0.001,0,0,0,1.4278,0,0.0424,0,0,0.0732,1.2122,0,0.0047,0,0.6859,0.2547,6.0008,0,0,0,0.4346,0,0,0.3422,9,0,0,0,0,0,4.914,9,44.2297,0.1415,17.466,192.9286,1.2186,0,0.0945,0.0096,0,0.0628,9,0,0.542,9,0,9,1.3041,2.7198,9,0.2641,0.3777,0.8305,0,0.1515,9,9,0,0,0,9
"Panama",499.2875,11.6305,0.3623,2.0039,2.3874,1.2825,0.6198,15.8799,0.4496,0,0.1247,0.5677,0.0586,0,0,2.216,0.7865,17.6691,6.3358,54.1952,26.8399,10.511,0,121.9676,105.2192,0.0195,4.1496,3.4446,66.3978,108.0754,11.8114,26.9528,5.955,139.9922,19.5249,4.106,5.798,5.411,8.8078,0.6022,11.3434,0,0,107.7837,7.1986,0,5.6338,81.8471,3.3067,11.1674,0,0,0.4344,50.083,0,0.0009,9,0,0,0,0,0.355,12.2606,0.0596,4.609,0,1.3785,70.6,0.0419,0.645,0,0,7.919,0,9,0,30.6838,51.0727,28.3214,6.5524,1.4097,0,0,9,9,0,0,0.0008,0.0777,0,0.0565,3.1813,0,9,9,0,0.1785,0,0,0,0,0,0,0,0,0,0,9,9,0,9,0,0,0,0,0,0,0,0,4.7703,0,0,0,0,0.183,0,0,9,0.1121,0.1404,0,0,0,0,1.074,0,0,0.0287,0.0133,0.0115,12.0482,0.0109,0,0,0,9,0,0.2217,0,0,0,0,0,0,8.8878,0,28.178,0,240.9388,37.0686,0.5688,0,0.2816,0.1707,9.0026,0.2073,9.003,0,14.1362,0.0059,9.0072,0.009,0.5696,140.0555,0.0076,0.1746,1.8219,0.0251,0,3.2445,9,0,0,0,0,9.001
"Colombia",218.6221,59.8528,1.5927,19.3699,0.4336,42.9413,7.9817,32.9001,0.041,0.091,0.0978,2.3735,0.3072,3.881,0.1604,167.298,0.59,20.6578,15.336,7.416,5.116,77.6906,121.9676,0,451.7022,0.6579,1.8361,92.265,139.8782,378.3567,26.6451,0.5881,22.305,167.629,24.713,105.3279,1.75,21.2043,40.5384,2.7716,35.0217,0,0,141.0463,72.1135,0,47.1241,124.8945,14.92,18.7186,7.874,6.236,4.9167,97.8068,0,0.7307,3.4923,0.426,1.274,0,0,1.03,10.848,0.4883,5.761,0,21.062,9.602,0.1239,1.138,0.3167,1.3504,3.684,0.006,0.21,0,55.589,21.1007,22.1048,59.0262,0.0911,0,0.173,0,0,0.0292,0.16,0.6818,0.345,0.5565,0.144,0.316,0.1895,0.041,0.5194,0.037,0.5533,0.0374,0.0503,0.4812,3.3112,1.811,0,0.0461,0,0.06,0.169,0,0.008,0.008,0,0,0.06,0,0,0.015,0,0.0351,0,33.047,0,0,0.142,0.055,0.051,0.0033,0,0.293,9.877,5.309,0.04,2.1054,0.0162,0.339,13.685,0,1.3318,0.108,1.47,0.727,16.247,28.4995,1.8586,0.4523,0.0267,0.032,0.781,0,0.0609,9,9,9,0,0,28.528,0.018,67.582,16.2765,102.756,654.8328,1.6586,0.255,2.9708,0.03,0.1265,1.18,0.0014,0.003,1.3207,0,0.015,0.605,0.6943,0.3347,0.034,0.117,5.9864,0.859,0.083,1.7346,0.0121,0.4,0,0,0,0.261
"Venezuela",2791.9644,4.3804,0,127.3866,1.3211,201.0877,42.0519,217.8366,20.8285,0.4651,2.6211,1.6271,0.7167,0,0,13.4288,5.659,127.9416,11.2621,86.8601,91.9174,99.8672,105.2192,451.7022,0,0,118.0351,38.3258,32.2839,4.1349,4.7857,3.6487,59.7996,196.3809,1.5179,106.3002,6.9142,103.4395,114.2769,7.813,224.7414,0,0,83.0912,92.9255,0,17.02,113.3263,4.0618,11.4755,0.5706,0.5745,0.3414,498.7641,0,0.0008,0.0055,0,0,0,0,0.5006,3.2987,0.0041,3.476,0,3.3069,7.9,0.0085,9,0,0,1.133,0,9,0,10.3026,31.5461,9.5409,7.8632,0.1329,0,0,0,0,0,0,0.4495,0,0,0,16.4963,0,0.0218,0,0,0,0,0,0,0,0,9,0,0,0,0,0,9,0,0,0,0,0,0,0,0,0.2516,0,0,0,0,0,0,0.0124,0,0,0,1.9634,0.85,3.4332,1.5477,0,0.2211,2.4089,0.3355,0.0662,0.2432,0.4147,0.5884,10.9251,2.8768,0,0.0033,0,0,0,0.0015,0,0,0,0.1,0,9,27.8273,0,71.0745,0.0385,51.511,539.2272,28.7848,0,0.4089,0.3369,0,4.09,0,0,5.1701,0,0,0.022,16.6435,21.0705,0,0.0463,1.2576,6.0185,0,32.4856,0,0,0,0,0,9
"Guyana",25.46,121.1339,0.0382,5.2111,0,0.132,1.5727,58.3652,3.4319,1.0057,1.2277,1.3375,0.9434,1.1289,0.3724,0.3157,0.0245,0,0,0.0138,0,0.0691,0.0195,0.6579,0,0,4.2059,0.232,0.2871,6.5758,0,0,2.436,0.0693,0,55.6442,0.1662,1.725,0.1778,0.0122,8.6502,0,0,0.1215,0.8219,0,1.1773,9.7056,0.0295,7.0755,0,0.0336,0.238,1.1505,0,0.009,0,0,0,0,0,0.075,0.109,0.002,2.3863,0,0.11,0,0.0252,9,0,0,9,0,0,0,5.4467,0.2423,0.0037,0.9541,0,0,0,0,0,0,9,0,0,9,0,0,0,9,0,0,0.091,9.0118,0,0.9629,0,0,0,0,0,0,0,0,9,0,0,0,0,0,0,0,0,0,0,0,0.1568,0,0,0,0,0,0,0.0351,0.529,0,0.0168,0,0.0018,0,0,0,0.0103,0,0,0,0,0,0,0,0,0,0,0.0092,9,0,0,0,0,0,5.3487,0,3.5806,1.8357,3,77.7599,0.6274,0,0.7965,0,0,0,0,0,0.5179,0,0,0,0.1112,0,0,0,0.9538,0.5871,0.0017,1.421,0,0,0,0,0,0
"Suriname",358.4684,6.4035,4.9944,0,0,4.0297,2.1312,187.1046,0.0385,0,0,0.0419,0.0005,0,0,1.2235,0.0078,1.6403,0,0,0,0.312,4.1496,1.8361,118.0351,4.2059,0,0.454,0.0006,51.1967,0,0.0006,0.3602,0.0459,0.009,15.6055,0.1129,58.1121,7.7876,0.5324,29.9849,0,0,2.3855,6.0984,0,0.4911,18.3016,1.3684,0.0951,0,0.0695,0.1359,17.0235,0,0.0048,0.0235,0,9,0,0,0.156,0.118,0,0,0,0.0162,6.5734,0.0143,9,0,0,9,0,9,0,0.0265,0.2704,80.4546,0.479,0.0518,0,0,0,0,0,0,0,0,0,0,0,0.0012,9,0,9,0,0,0,0,0,0,0,0.009,9,0,0,0,0,0,0,0,0,0,0,9,0,0.0011,0,0,0,0,9,0,0,0,0,0,0,0.012,0,9,0,0,0.0398,9,0,9,0,0,0,0.1802,0,0,0,9.0258,0,0,0,0,0,0,0,0,1.837,9,2.2605,0,2.8605,5.3986,2.1196,9,0.0224,0,0,0,9,0,7.7544,9,0,0,0.1405,0.7782,9,0,0.6579,0.0695,0,0.0284,0,0,0,0,0,0
"Ecuador",752.738,80.8538,0.189,3.7737,0,1.442,0,5.4578,0.087,0,9.0033,0.0078,0.123,0,0,18.3267,0.007,15.2631,1.1,4.681,0.2,3.2999,3.4446,92.265,38.3258,0.232,0.454,0,117.7892,66.1296,4.6713,0.4171,81.002,22.082,5.474,7.6538,5.0841,27.772,16.6047,1.1353,32.9933,0,0,26.7142,6.1203,0,34.426,40.1064,25.961,18.5056,2.797,1.424,2.687,126.4426,0,0.5001,3.3,1.228,0,0,0,6.499,10.301,0.002,2.6043,0,2.857,0.295,0.0895,1.3327,0,0,9.402,0,9,0,6.2873,3.7711,6.3226,2.1962,0.0308,0,0,0,0,0,0,0.1429,0,0,0,0.0003,0,0.0178,0.156,0,0,0,0,0,0,9,0,0,9,9,0,9,9,9,9,0,0,0,0,9,0,0.1017,9,8.879,0,0,0,0,0.0005,0,0,0,0,14.598,1.844,0.8813,0,44.591,1.168,0,0.1224,0,0,0.3422,4.229,3.8035,0,0.1881,0,9,0,0,0,0,0,0,0,0,5.685,9,0,9,266.238,240.2259,0.572,9.121,0.1591,9.0513,0,0.112,0,9,0.0568,0,0,9,0.903,4.079,0,0.515,2.2962,1.2847,0,15.8177,9,9,0,0,0,0
"Peru",527.0281,11.7574,3.0976,0.924,0.0198,0,0.9713,0.0157,0.0961,0.7054,0.1098,0.0113,0,0.0165,0.0341,70.0469,0.006,13.1988,2.9508,3.4309,0.0427,2.2879,66.3978,139.8782,32.2839,0.2871,0.0006,117.7892,0,118.602,6.9506,12.606,135.4395,243.1754,39.6421,136.895,2.4094,52.3508,27.4811,1.8789,55.8913,0,0,43.8724,18.8783,0,0.7221,15.0251,4.1548,4.7173,6.3731,0,3.6168,95.6551,0,0.0954,0.0143,0,0,0,0,1.508,0.135,0.036,0.5456,0,0.1222,7.1,0.0201,0.2266,0,0,0.848,0,0,0,4.3295,42.9173,10.2827,7.0737,0.0695,0,0,6.0896,0,0,0.935,0.7481,0,0,0,0.0027,0.451,0.7238,0.0033,0.1122,0.2574,0,1.1502,0.5071,0.0143,0.0109,0.0033,0,0.1298,0,0,0,0,0,0,0,0,0,0,0,0,0.0565,0,7.4199,0,0,0.0055,0,0.3404,0,0.0428,0,1.7617,12.457,0.083,0,0,31.9885,7.1401,0.1155,0.0632,1.8411,1.5125,0.4145,7.2823,3.5664,0.0528,0.0121,0.0055,0,0.1467,0.0055,0,0,0,0,0,0,170.6329,0,77.3566,0,4.4676,45.684,6.5016,9,0.0805,0.1448,0,1.4304,0,0,17.1164,0.1749,0,30.9799,24.8518,11.4034,0,19.3064,12.3821,2.7094,0.0121,42.6142,0,0,0.022,0,0,0
"Brazil",740.458,153.8304,2.6972,9.8769,0.3454,73.6208,35.6268,23.1398,6.8262,1.0396,0.9214,2.5525,2.661,1.692,2.354,949.9666,1.766,50.3565,24.6593,24.3809,5.1428,112.201,108.0754,378.3567,4.1349,6.5758,51.1967,66.1296,118.602,0,129.0382,71.4505,542.1397,478.2471,157.4875,741.3552,14.4537,736.0081,55.0185,3.7616,673.1183,0,0,463.6725,574.4942,0,266.7726,28.3025,151.0657,76.6393,106.5606,22.0739,7.46,422.7383,0,3.3592,0.0833,1.871,10.2038,0,0,29.248,8.966,7.1253,0.1892,0.0626,46.8917,90.0961,3.3111,0.1364,0,2.8028,9.2828,0,3.531,13.7368,30.0217,83.9351,36.0367,112.5635,1.3813,0,0.0671,0.2024,0.0143,2.0779,52.4414,19.5641,6.0939,0.2552,0.8652,11.5827,24.5454,1.9719,19.5525,1.6511,46.6312,6.9377,15.7959,108.8835,7.568,0.2552,0.0132,1.1715,9.4611,0.5313,1.1026,0.8437,0.23,0.3839,3.2351,0.4015,3.544,9,7.8716,1.1,0.692,13.4558,0.5005,55.0873,1.842,0.052,3.19,2.2424,3.2889,0.1188,4.6453,0.425,93.0603,506.4431,35.4876,67.9613,2.31,30.689,136.0697,2.233,101.1498,52.8293,60.5066,52.8889,23.0125,1341.4178,63.5614,290.9346,46.0878,29.8126,24.1717,3.5249,0.0759,0.0605,0,0,6.7617,1.2903,675.1433,0,390.9275,17.0687,388.7081,1036.1977,41.6706,0,50.9301,17.9682,0.0011,5.3771,0.0007,0.4411,305.0081,0,0.283,15.135,193.6505,117.0938,0.058,197.1903,254.6355,29.0044,1.1495,23.3556,0.0154,0,0.772,0,0,0
"Bolivia",65.4665,1.2877,0.0919,0.1943,0.0079,0.0111,0.0055,0.025,0.0053,0.0145,0,0.0019,0.0055,0,0.0276,4.9618,0,0.2228,0.0409,0.056,0.0078,0.1548,11.8114,26.6451,4.7857,0,0,4.6713,6.9506,129.0382,0,0.5189,75.416,6.8062,1.8457,47.5665,2.186,7.8062,0.6833,0.0467,21.6477,0,0,7.5679,33.3653,0,0.3086,29.9251,0.1351,0.6724,0.0638,9.9398,1.9734,14.4007,0,0.0188,0.3983,9,0.0114,0,10.6584,0.5321,0.0207,0.0963,0.0136,0,0.2489,3.9404,0.0002,0.046,0.0004,9,9.075,9,9.0104,9,0.7066,26.0485,0.0801,3.9277,0.0059,0,9.0264,9,0.0006,9,9,0.0111,0.0035,9.0024,9,0.0236,0.0012,9,0,0,0.0655,9,0.0042,0.0234,0,0,9.0101,0,9,9,0.089,0,0.0926,0,0,9,0.0005,0,0,0,0,0.01,9.0008,0.6357,9,0,0.0081,9,9,9,9,9,0.101,0.1278,0,0,0,0.2821,0.0848,0.0897,0.3965,0.1608,0,0.0074,1.3874,0.422,0.0001,0,9.0068,0.0073,0.0232,0.0258,9.031,0,9,0,0,0,4.0261,9,7.5643,0.5187,5.3706,122.5224,0.5596,9.0175,0.2672,0.0003,0.0321,0.1168,0,0,0.8068,9.0005,9,0.0048,4.0867,0.2855,9.13,0.1228,0.1123,0.3268,0,1.5218,9,9,0,0,0,9
"Paraguay",179.0547,6.7286,6.253,0.0374,0,0.081,0.0528,0,0.011,9,0.0004,9,0.0004,9,9,8.943,0,0.0101,0.095,0.1325,0.0308,0.116,26.9528,0.5881,3.6487,0,0.0006,0.4171,12.606,71.4505,0.5189,0,21.588,159.2886,14.434,52.7236,0.253,10.7115,52.7439,3.6061,4.9216,0,0,9.3069,73.5624,0,4.2363,24.6755,0.1257,0.2979,0.1969,0,0.2945,29.0816,0,0.0115,0,0,0,0,0,0.139,0.0409,0,0.0451,0,0.1276,0.1,0.0032,0,0,0,9.011,0,0,0,0.0318,4.4092,0.0966,1.0285,0.074,0,9,0,0,9,9,0.0836,0,0,9,0.0101,0,0.0359,0,0,0.0484,0,0,0.008,0.003,0,0,0.014,0.2259,9,0,0,0,9,9,9,0,0,0,0,0,0.0544,0,2.8274,0.0462,0,0,0,0.2069,9,0,9,0,45.1935,0.47,0,0,0.0109,0.1606,0,0.0035,0.0891,0.022,0,1.1078,0.3982,9,0.042,0,0,0,0.0025,0.0605,0,0,0,0,0,26.741,9,95.951,0,58.758,150.6414,4.5433,0,0.0137,0.1358,0,0.0187,0,0,0.5618,0,0,0,3.1464,6.7709,0,0.1265,0.4009,0.3034,0,0.0166,0,0,0,0,0,9
"Chile",775.7341,23.997,0.0059,4.7517,0.0682,12.3205,0.8294,10.4825,0.357,0.241,0.0135,0.093,0.0034,0,3,66.7772,0.052,4.892,2.206,4.884,0.409,8.7316,5.955,22.305,59.7996,2.436,0.3602,81.002,135.4395,542.1397,75.416,21.588,0,121.125,14.236,155.7988,20.009,143.2084,48.8876,3.3424,178.4673,0,0,86.0307,24.0952,0,3.9277,4.0083,2.816,5.8953,1.495,0,0.0874,44.0712,0,0.7373,0.005,1.45,0,0,0,0.273,21.592,0.824,0.9113,0,0.437,10.9,0.0202,0,0,9,10.57,0,0,0,37.0649,32.2883,26.2536,37.7301,1.2062,0,0,0,0.0715,0,0.0082,0.2833,0.0035,0.045,31.9969,0.1371,0.0292,0.0054,0.0055,0,0.3872,0.009,0.021,365.0569,97.173,0.0001,0,0.048,0.0341,0.0772,0.061,0.048,0.083,0,0,0.3003,0.079,0,28.7145,0.175,0.641,0.0841,0.4587,39.337,1.376,0.004,9,9,9.045,9,0.626,0,1.77,0.007,3.3354,2.5725,0.0065,92.974,17.116,0,0.6084,0.244,2.1821,0.2996,23.116,43.2452,0.9564,2.6846,1.3159,3.7283,37.148,5.982,0.098,9,9,0,0,0,69.207,0.001,222.292,0.2805,194.505,957.4448,12.0796,9,19.0745,4.66,0.065,2.572,9.0132,1.2949,56.3223,7.3398,0.018,3.362,38.303,53.3187,0,25.663,106.7371,61.6153,7.0477,22.2717,0.084,0,0.048,0,0,0.245
"Argentina",2561.0991,10.5922,0.2159,76.8004,1.4509,53.2691,3.0145,2.8684,0.778,0.377,0.0885,0.6874,0.2624,0.068,0.1122,39.5858,0.049,18.5223,1.306,6.623,6.757,3.8622,139.9922,167.629,196.3809,0.0693,0.0459,22.082,243.1754,478.2471,6.8062,159.2886,121.125,0,92.237,46.4719,8.2339,285.16,75.077,5.133,384.916,0,0,99.3783,96.5637,0,78.3552,74.0657,10.407,13.6313,2.837,38.3863,9.967,447.848,0,4.6909,0.005,0.326,0,0,0,12.843,54.378,15.317,10.8418,1.6,10.795,21.851,0.0817,9,0,0,3.753,0,0.002,0.2572,18.5964,88.2307,0.0712,119.9209,0.0693,0,0,0,0.0022,0.0154,0.0407,1.7141,1.344,13.6656,0,0.8987,0.7392,0.5609,9.1432,0.0165,1.2227,0.209,0.0703,8.1855,13.0633,0,0,1.684,6.6985,0,17.7803,2.4984,0,0,0,9,0,0,7.6527,3.4,0.025,22.4153,0,15.102,0,0,0,0,0.2247,0,13.0326,0,48.867,2.887,37.0501,14.7322,0.121,362.958,111.582,0,70.2525,42.9767,17.3085,11.7744,5.183,49.6543,4.0704,5.1964,0.7271,1.8681,10.198,10.86,0.2728,0,0.0196,0,9,0,5.07,0,110.617,0,459.59,173.1599,9.0055,0.078,46.2905,12.4859,0,1.6743,0.0002,0.0212,34.306,0,0,0.199,92.3482,165.3115,0.624,1.802,80.7406,0.2586,0,9.8274,0.0066,0,0.002,0,0,0
"Uruguay",52.641,18.8545,0.3267,0.2553,2.3848,1.7262,0.3729,0.0576,0.114,0,0.005,0.027,0.002,9,0,1.907,0,0.2181,0.021,0.787,0.023,0.096,19.5249,24.713,1.5179,0,0.009,5.474,39.6421,157.4875,1.8457,14.434,14.236,92.237,0,30.4575,0.3748,24.8903,0.1685,0.0115,23.3553,0,0,19.7943,40.8968,0,96.6198,29.3321,2.496,4.0486,0.304,9.814,0.3497,37.5389,0,0.5572,7.5322,9,0.498,0,0,1.665,0.49,0.0351,1.3707,9,2.282,11.536,0.022,0.0466,0.0418,0.3377,0.001,9,9.029,9,0.2358,4.3481,2.473,4.4384,0.0305,0,0,9,9,0,9,0,9,0,0,0.0249,0,0.054,0,0,0.046,0.4044,0.028,0.4202,0.6996,9,9,0.4768,0.0374,0,0.0108,0,0.003,0,9,0,9,0,0,0,0,0.019,0,5.358,0,0,0,0,0,0,0,0,5.185,0,0.0428,1.7424,0,6.734,0.009,0,0.1043,0,0.2237,0.0524,43.026,3.6692,0,0.1342,0.0517,0,0.877,0,0,0,0.729,0,9,9.0242,49.707,9,17.449,0.354,42.293,98.7245,6.0225,9,0.5193,1.442,9,1.0594,0,0,0.3587,0,0,0.081,2.6103,4.8064,0,0.764,1.4406,0.2362,0,1.4418,0,0,0,0,0,0
"United Kingdom",2249.449,1011.6756,30.0721,11.1332,15.4237,7.7631,89.7031,46.195,15.4271,23.5949,8.0632,42.8572,23.0546,22.7109,3.2064,399.1454,36.3106,12.0267,8.1394,5.5511,1.1208,30.5477,4.106,105.3279,106.3002,55.6442,15.6055,7.6538,136.895,741.3552,47.5665,52.7236,155.7988,46.4719,30.4575,0,449.8858,2227.3189,913.6162,62.4634,2188.342,0,0,2696.7695,1841.8945,0,97.9042,8561.506,410.0538,127.2231,91.8176,6.7447,84.0363,490.5596,0,195.1378,2.641,59.9908,43.6533,0,5.6713,0.9973,737.154,115.8438,25.1052,4.618,30.7228,580.3193,16.9735,84.0669,192.9653,102.1082,36.2802,7.9589,3.6493,5.017,1251.6615,1450.7557,4056.9021,666.2121,254.0938,0,5.6829,2.0628,2.0353,30.4439,13.2775,8.1268,10.1528,8.8731,1.3189,52.7375,17.4543,4.3102,15.8089,9.1333,247.8219,6.5422,2.3269,878.7705,27.2855,0.9186,1.1229,5.668,17.4287,38.6137,51.2702,141.5176,0.6509,2.6773,5.4801,34.1048,10.2454,0,12.9405,55.4774,57.1645,1.1804,2.6807,188.0534,26.221,2.1738,8.6226,58.7138,6.7015,0.7147,300.684,20.8811,89.6094,161.6812,81.1475,216.9579,62.8412,637.5615,747.3866,19.6728,52.877,47.1177,207.7429,151.7797,947.0628,1195.6449,122.4348,191.708,170.668,164.3367,1242.3724,218.3624,3.2739,21.9744,16.1458,0.2999,13.2365,58.7429,326.337,0.5771,1427.6211,9.3655,218.0617,7810.8267,176.2339,0.9186,33.4499,86.1772,18.2879,28.8584,7.8371,9.9595,96.799,4.0135,2.1103,21.8599,671.2304,193.9744,325.6324,34.753,269.7265,1159.4513,62.4492,184.1644,1.8459,0.7417,108.8232,0,0,0.7854
"Ireland",1199.1912,252.2817,2.595,4.8271,0.1577,26.8827,8.0639,12.36,2.4442,0.0107,0.5368,0.5811,0.2094,3.6893,0.2859,149.524,1.2185,4.9713,1.0541,1.932,1.2157,3.3426,5.798,1.75,6.9142,0.1662,0.1129,5.0841,2.4094,14.4537,2.186,0.253,20.009,8.2339,0.3748,449.8858,0,690.6536,788.2766,53.8939,1625.0424,0,0,324.1635,500.5598,0,64.5208,1713.8989,8.4109,156.1394,17.6606,22.1042,6.9347,715.8482,0,18.4595,0.0388,1.149,5.5562,0,1.0469,11.693,113.4033,8.9102,1.9883,5.251,12.6397,45.4187,1.4422,11.262,1.4101,6.2469,2.067,0,0.0057,4.8563,17.1265,41.4403,57.5901,12.0894,7.5635,0,0.2697,0.0509,0,0.3077,26.9089,2.3108,1.0052,0.4826,0.5822,0.3285,74.4886,0.6999,0.269,1.1319,14.6869,0.237,4.2626,52.8824,3.9274,0.1545,0.1164,1.0701,14.4256,3.526,10.1719,4.5614,0.0512,0.216,14.6989,0.942,4.0783,0,3.29,3.919,0.6913,3.3656,0.4808,52.8972,1.1053,0.0071,0.9616,0.883,0.9215,0.499,3.0062,0.6342,9.2581,10.6374,1.3519,33.7017,2.8127,34.1103,36.0825,6.1152,108.2816,4.4498,17.3581,9.8534,32.0634,98.7259,5.7196,27.8211,11.7831,6.6693,41.202,8.7798,1.5972,0.0368,0,0,0.0383,1.1481,281.3305,0.0014,139.5799,32.438,6.0743,127.55,20.471,9.0159,4.192,2.7087,0.8067,2.5849,0.0453,0.9624,5.0254,0.1583,0.0276,8.3533,115.8617,349.0479,0.8386,16.8608,37.2839,192.999,0.9268,16.3113,0.0226,0.0704,0.0419,0,0,0.0014
"Netherlands",4175.7764,105.4893,6.0197,30.587,13.2441,27.4334,27.8574,6.9688,2.095,1.6004,0.233,2.4387,1.4141,0.6264,0.2872,98.8905,5.4799,9.5983,9.795,4.1392,0.3847,48.9874,5.411,21.2043,103.4395,1.725,58.1121,27.772,52.3508,736.0081,7.8062,10.7115,143.2084,285.16,24.8903,2227.3189,690.6536,0,5153.18,352.3199,2470.891,0,0,1125.9237,795.7464,0,535.6418,2461.936,237.0653,320.5155,118.9102,158.8283,19.0344,4332.0805,0,32.7677,0.4303,11.5284,5.5241,0,10.3624,19.5409,1050.1909,48.5104,40.3002,9.3744,55.4834,556.5108,3.738,246.9394,68.0522,48.9083,7.558,0.1686,0.092,4.5544,523.7734,490.2717,719.6288,562.9886,41.1672,0,1.458,8.5302,0.2814,21.881,17.5456,19.9051,40.8397,45.1948,9.4942,182.1867,31.8949,17.4465,15.8023,11.6608,44.8002,18.3219,112.793,133.539,35.3918,1.2866,1.9741,38.3824,41.8383,1.1914,30.5949,16.5117,1.5886,8.0185,3.5832,16.9831,25.3672,0,37.2607,34.8569,8.5348,3.2032,6.3868,119.4142,1.6978,0.2473,3.5046,28.2725,5.3284,1.9703,30.3321,3.606,26.339,665.3825,9.3763,218.7252,18.6313,817.1086,263.7402,21.355,234.0407,105.9331,97.9242,71.6195,209.4411,1096.9708,115.0735,1209.7242,37.1065,33.353,253.9667,84.3237,3.3209,5.4761,115.3263,0.0431,14.9638,62.9506,916.3275,0.857,572.1208,18.9842,104.5616,3252.0665,95.2865,0,18.1943,22.2758,7.1459,58.7626,2.3149,0.1488,641.4175,0.9112,15.5125,34.0516,462.4054,55.3148,83.7042,29.5477,200.3079,121.0902,15.0517,60.8177,0.264,8.7894,3.4011,0,0,0.1027
"Belgium",408.4643,8.7798,27.4437,46.4165,7.4787,9.6502,2.5459,5.6816,2.2464,0.4212,0.0281,2.0031,0.3744,0.1966,0.0187,75.4795,0.0187,8.0403,2.7799,7.4693,4.0623,6.8796,8.8078,40.5384,114.2769,0.1778,7.7876,16.6047,27.4811,55.0185,0.6833,52.7439,48.8876,75.077,0.1685,913.6162,788.2766,5153.18,0,0,294.66,0,0,587.2309,996.1529,0,315.8083,4637.721,156.7155,604.0888,64.0509,138.2855,23.2036,1903.5371,0,5.1012,1.0764,7.7595,18.4861,7.694,0.131,8.9482,452.3997,14.7608,13.5721,2.3119,33.4622,713.8358,2.808,4.0997,17.4004,27.6496,8.63,7.6004,0.5054,1.7035,19.1039,473.918,728.3057,354.0256,1.3572,6.9826,1.2074,1.7691,4.5115,20.5079,16.1367,20.9665,2.9859,2.471,4.1652,15.6219,22.1553,9.7064,39.2561,12.3553,3.0327,4.3431,6.1589,92.468,8.1433,1.8252,2.3119,14.1056,295.8247,5.822,21.3129,31.8055,12.0838,17.7748,1.2449,5.0451,16.8481,0,29.1472,19.5157,63.9479,5.7939,0.337,138.1919,5.4756,0.3182,0.7207,6.7112,3.2199,2.0124,20.9946,0.3557,10.6704,300.2426,28.595,12.0745,8.059,98.2713,416.0172,16.2116,95.0233,127.3436,135.2716,77.3702,1972.4073,337.5799,96.2214,75.6574,29.1191,22.9789,159.72,20.0399,5.2136,0.8518,17.8683,7.0013,5.6067,6.786,156.2381,0.9079,59.9046,2.5366,151.0994,1684.866,1050.8817,0.0655,26.021,57.2087,0.5054,37.4121,0.5242,5.2416,101.7064,0.5522,0.2808,18.4112,28.6979,250.9806,40.398,1.7596,10.5301,83.6041,3.0046,21.0508,0.2059,0.5242,2.0405,0,0,0.1778
