"","United States of America","Canada","Bahamas","Cuba","Haiti","Dominican Republic","Jamaica","Trinidad and Tobago","Barbados","Dominica","Grenada","St. Lucia","St. Vincent and the Grenadines","Antigua & Barbuda","St. Kitts and Nevis","Mexico","Belize","Guatemala","Honduras","El Salvador","Nicaragua","Costa Rica","Panama","Colombia","Venezuela","Guyana","Suriname","Ecuador","Peru","Brazil","Bolivia","Paraguay","Chile","Argentina","Uruguay","United Kingdom","Ireland","Netherlands","Belgium","Luxembourg","France","Switzerland","Spain","Portugal","German Federal Republic","German Democratic Republic","Poland","Austria","Hungary","Czechoslovakia","Italy","Malta","Albania","Yugoslavia","Greece","Cyprus","Bulgaria","Romania","Russia","Finland","Sweden","Norway","Denmark","Iceland","Cape Verde","Sao Tome and Principe","Guinea-Bissau","Equatorial Guinea","Gambia","Mali","Senegal","Benin","Mauritania","Niger","Ivory Coast","Guinea","Burkina Faso","Liberia","Sierra Leone","Ghana","Togo","Cameroon","Nigeria","Gabon","Central African Republic","Chad","Congo","Democratic Republic of the Congo","Uganda","Kenya","Tanzania","Burundi","Rwanda","Somalia","Djibouti","Ethiopia","Angola","Mozambique","Zambia","Zimbabwe","Malawi","South Africa","Lesotho","Botswana","Swaziland","Madagascar","Comoros","Mauritius","Seychelles","Morocco","Algeria","Tunisia","Libya","Sudan","Iran","Turkey","Iraq","Egypt","Syria","Lebanon","Jordan","Israel","Saudi Arabia","Yemen Arab Republic","Yemen People's Republic","Kuwait","Bahrain","Qatar","United Arab Emirates","Oman","Afghanistan","China","Mongolia","Taiwan","North Korea","South Korea","Japan","India","Bhutan","Pakistan","Bangladesh","Myanmar","Sri Lanka","Maldives","Nepal","Thailand","Cambodia","Laos","Vietnam","Malaysia","Singapore","Brunei","Philippines","Indonesia","Australia","Papua New Guinea","New Zealand","Vanuatu","Solomon Islands","Fiji","Samoa"
"United States of America",0,3934.57,474.795,3.74,219.3283,741.9127,235.364,354.49,151.756,13.1355,15.7651,50.55,33.4151,60.2,25.95,9186.531,38.0055,109.7113,139.1,84.0752,18.742,311.647,4.224,576.2321,209.2783,17.38,39.2347,799.2091,7.77,6278.8308,7.1282,16.7548,327,650.9,187.197,581.528,1054.2435,2712,781.0098,43.189,831.7,1618.4001,1927.8,8.44,0,91.001,144.16,105.5006,112.29,32.7949,4585.2999,52.86,5.43,204.36,114.0366,47.8036,108.53,480.8867,2381.9199,42.79,1754.0002,17.36,198.17,76.882,0,9.77,2.09,0.33,17.94,17.49,60.5489,0.0793,1.4706,13.9066,232.4076,101.02,18.9897,57.9,37.1819,113.7098,21.715,191.5225,3113.7891,136.41,0.12,35.65,368.9239,279.5357,44.72,30.1192,10.35,2.4865,8.85,31.7,4.5191,60.747,1232,37.89,191.9943,71.2043,19.5996,115.7,13.4,32.3,17.5,37.0601,12.53,7.8096,0.89,229.5765,1195.268,216.09,65.359,67.623,64,448.28,338.95,791.199,99.5871,93.75,326.66,956.2002,2703.491,52.6656,12.5,250.1705,67.327,117.3571,193.7,111.4137,1.38,2628.2998,1.3,14207.1,0.11,8458.1,50860.602,1297.606,0,359.24,230.59,2.1719,306.3896,16.2,9.53,667.2946,0.4,2.54,2.148,922.7,1398.3599,63.7557,1074.0501,1750,4087.3999,96.609,76.91,6.87,0.2386,8.0954,7.9683
"Canada",3934.57,0,2.8398,121.2774,16.0598,1.1219,28.7365,8.2845,35.0225,0.4109,4.1122,11.2067,3.6978,9.9388,2.9782,785.6111,4.3177,17.187,18.3252,26.8563,26.5828,22.2117,20.6855,51.0351,6.9841,8.4756,1.0553,43.9886,28.0847,534.9853,17.7894,0.7511,32.7584,72.4265,4.2418,507.8176,49.0568,129.6724,80.47,4.4499,1254.9631,420.642,370.4759,60.7691,0,21.4345,63.0189,101.2585,36.0955,40.0406,773.3152,57.554,1.0196,66.2551,5.4335,2.6758,9.8168,5.8539,885.1216,155.35,483.2568,51.7143,113.0775,5.5944,0,0.0033,0.4275,0.0366,0.7632,6.1858,11.7311,0.9196,1.0814,9.0448,14.7048,5.8489,1.6907,0.8242,10.2784,19.1148,30.4225,5.2941,260.9456,3.1539,0.0269,0.2862,0.4768,4.4594,4.3396,4.9434,16.06,0.3341,1.4611,0.2433,0.012,18.0026,70.4549,15.6741,7.2313,0.332,0.6116,30.137,0.783,5.5202,30.4292,0.8066,0.8463,20.5438,0.0457,205.0461,162.3442,83.4593,44.4437,5.8836,16.1421,173.0055,163.6479,40.2699,7.7329,7.063,16.3564,19.248,55.5423,2.1243,1.21,39.7777,0.5545,5,16.7983,5.2937,0.3319,1001.6074,0,1209.4549,7.3132,835.2611,30.0742,91.8069,0.1764,30.1845,75.9295,2.0082,11.1167,0.3067,1.2968,39.9413,0.0093,0.3385,5.5865,84.6565,150.7565,1.1351,68.6991,134.0622,240.3234,15.3516,57.2006,0.0287,0.1544,9.4546,0.0211
"Bahamas",474.795,2.8398,0,0.075,0.1563,0.1447,1.72,0.144,0.466,0.0001,0.0002,0.0862,0.0718,0.224,0.0309,65.316,0.0345,2.001,0.245,0,4.584,0.197,4.584,0.788,19.569,0.0034,0.01,0.16,0.267,6.32,0.009,0.005,2.166,0.969,0.011,50.2906,0.2908,10.414,2.3879,0.1321,2.656,6.152,5.565,1.103,0,0,0.014,1.0012,0.278,0,0.009,0.001,0,0.187,1.2792,0.0084,0,0,0.022,0.004,1.991,29.102,12.161,0.011,0,0,9.003,0,9,9,0,0,0,9,0,0,0,2.295,0.0009,0.0001,0,0,278.4376,0,0,0,0,0,0,0,0,0,0,0,0,9,0.2464,0,0.035,0.011,0,0.002,0,0,0,9,0,10.7161,9,0,0,0,0,0,20.593,0.06,84.755,0.001,0,0,0,0.21,260.809,9,0,0,0,9,0,9,0,0.005,0,25.15,0.054,2.706,25.507,0.145,0,0.172,0.08,0,0,9,0,0.1333,0,0,0,0.093,0.277,0,0.179,0.081,3.669,9.0063,0.385,9,0.002,0.0033,0
"Cuba",3.74,121.2774,0.075,0,0,1.4069,0.0004,9.847,0.2305,0.001,0,0,0.0013,0,0,121.1144,0,0,0,0,10.1058,0.1219,2.9798,9.642,403.2204,2.4378,0.0011,0,13.627,25.509,0.0169,0,0,214.256,5.345,16.7129,0.323,21,21.2073,1.1727,16.31,20.08,149.097,8.753,0,77.5584,2.837,2.33,39.515,16.1592,47.93,0.02,0,35.588,0.073,0.2689,0,75.3792,0,11.928,14.87,0.443,10.846,0.012,0,0,0.5627,0,9,0,0.3662,9.0045,0.0375,0,0,9,9,0,9,4.209,0,0,1.0215,0.0142,0,0,0.0081,9,0,0,0,0,9,0,0,2.2942,9,9,0,0.0087,0,0,0,0,0,9,9,0,0,0,41.234,4.487,2.242,0,0,0.01,0,18.366,10.9681,0,0.1,0,0.4318,0,3.225,0,0,0,0,9.0052,0,121.95,0,0,0,0,9.21,11.5141,0,0.011,9,9,4.2501,0,0,30.6405,9,0,6.95,11.74,2.782,9,0,3.2,0.189,9,0.01,0,0,0,0
"Haiti",219.3283,16.0598,0.1563,0,0,3.2035,0.7939,16.8745,0.7175,0.0077,9.0076,0,0.0113,0.015,9.0132,0.5302,0,0.5619,0,0.0006,0,0.5258,1.9418,0.4037,67.2574,0,0.3189,0,0.4,3.571,0,0,0.0293,1.0154,0,2.1796,0.209,10.0725,7.7798,0.4302,4.6744,1.1093,0.8523,0.1369,0,0,0.1063,0.3933,0.0825,0.5919,14.6291,0,0,0.32,0.0348,0.0507,0,0.2428,0,0.1029,0.1837,1.6379,0.7735,0,0,0,0,0,0,9,0.0015,9,0,9,0,9,0,0,9,0,0,0,0.024,0,9,0,0,0,0,9,0,9,9,0,9,9,0,9,0.6533,0.3541,0,0,0,0,0,0,9,0,0,0,0,0,0,0,0,0.252,0,0,0,0.09,0,0.9,9,9,0,9,0,0,0,0,0,3.8941,0,0,0,1.9078,18.9214,0.0852,0,0.03,0.09,0,0,0,0,0.2163,0,0,0,0,0.4151,0,0.12,0,0.26,0.0038,0.5961,9,0,9,9
"Dominican Republic",741.9127,1.1219,0.1447,1.4069,3.2035,0,1.7187,2.0878,0.89,0.761,0.817,0.825,0.979,0.104,0,145.5605,0.1862,7.2781,2.8986,2.2371,0.0941,3.6953,31.3481,7.9574,203.7024,0.0271,4.9267,0.0941,0.3293,30.2873,0,1.1524,5.082,7.6984,0.1828,3.2896,1.3084,13.5161,25.4809,1.4091,1.2323,4.6325,19.3529,4.6896,0,4.7861,0.0235,0.5922,0.047,0.1882,7.2657,0.1664,9,0.0088,0.1117,0.0021,0,0.0353,36.2057,30.6432,5.8951,5.8803,0.4899,0.3013,0,9,0,0,0,0,9,9,0,0,9,0,0,0,0,0,9,0,0,0,0,0,9,9,0,0,9,9,0,0,9,9,9,0,0,0.0975,9,3.9159,0,0,0,0,0,0,0,7.8035,5.821,2.37,0,9,0,0.0488,0.1646,0.029,9,0,0,1.5522,0.0368,0,9,9,0,9,0,0,0,0.5174,9,24.1303,0.929,8.355,205.5494,4.8305,0,0.0606,0,0,0.013,0,0,1.0426,0,9,0,0.0235,0.4939,0,0.0188,0.1411,2.2331,0,10.5752,9,0,0,0
"Jamaica",235.364,28.7365,1.72,0.0004,0.7939,1.7187,0,6.778,11.671,5.0331,1.0891,0.7166,0.6477,2.441,1.1077,51.0414,2.937,1.2615,3.87,0.805,0.008,1.913,0.977,0.638,61.5308,0.6651,1.8249,0.336,0.137,32.095,0.0213,0,0.113,2.512,0.546,57.0254,1.458,23.372,5.7614,0.3186,34.394,6.027,0.05,1.666,0,2.326,1.69,0.7802,0.474,0.349,17.561,0.161,0,0.035,0.2708,0.2387,0,0.029,31.0658,0.371,9.882,5.008,1.598,0.097,0,0,9,0,0.0088,0,0,0,0,9,0.045,0,0,0,0.0056,3.1873,0,0,0.007,0.034,0,0.005,0,0,0,0.0103,0.005,0,9.002,0,0,0.001,0,0,0.0015,0.001,0.026,0,0,0.019,0,0,0,0,0,0,0.039,0.04,0,0.15,0.007,0.257,0,0.127,0.023,0,0,3.244,0.449,0.001,0,0.002,0.002,0,0.005,0.0026,0,5.078,0,15.194,0.4487,12.055,37.823,0.3849,0,0.491,0.082,0,0.0767,0.004,9,2.5456,0,0,0,1.891,1.774,0.003,0.03,1.559,2.115,0.0127,9.128,0,0,0.0044,0
"Trinidad and Tobago",354.49,8.2845,0.144,9.847,16.8745,2.0878,6.778,0,40.021,6.5741,10.1867,0,10.7874,0,0,7.0146,1.94,4.8588,1.81,0.48,0.765,3.89,0.476,16.13,7.644,6.678,23.3236,2.67,0.32,31.293,0.0104,0.17,1.69,7.05,2.537,49.2481,6.7377,26.08,7.903,0.437,16.4,7.41,18.62,0.74,0,0.21,0.04,2.7831,0.07,0.47,8.01,0.01,0,0.02,1.4919,0.0962,0,0.01,5.48,0.5,2.51,4.24,5.95,0,0,0,0,0,0,9,0,0.01,0,0,0,0,0,0.001,0.01,0.06,0,0,47.0967,0,0,0,0,0,0,0.0399,0.01,9,0.08,0,0,0.01,0.01,0.033,0,0.0092,0.1,0.03,0,0,0.01,0,0,0,0,6.41,0,0.13,0.01,0,0,1.14,0,0,0,0,0,2.12,10.2474,0,0,0,0,0,0,0,0,1.81,0,0.07,0.03,8.1,35.88,1.57,0,0.09,0,0,0.22,0,0,1.22,0,9,0,1.39,1.53,0.01,0.41,6.08,9.32,0.0013,8.28,9,0,0.0001,0
"Barbados",151.756,35.0225,0.466,0.2305,0.7175,0.89,11.671,40.021,0,2.2045,3.2013,2.7464,2.532,0.395,1.5696,1.1531,1.016,0.672,4.739,0.044,0,0.672,0.069,0.568,19.7811,0.8035,0.1462,0,0.289,10.156,0.0198,0.049,0.364,1.337,0.666,31.8049,3.8535,5.372,2.1605,0.1195,7.972,5.726,2,0.081,0,0.223,0.123,1.0537,0.137,0.245,3.207,0.005,0.289,0.061,0.1256,0.002,0,0.013,0.302,2.249,0.865,2.067,1.121,0.048,0,0,0,0,0,0,0.005,0,0,0,0,0,0,0,0.001,0,0,0,0,9,0,0,0,0,0,0.003,0.012,9,0,0,0,0,0,0,0,0.0021,0.078,0,0,0,0,0.01,0,0,0,0.001,0,0.007,0,0,0.001,0.039,0,0.001,0,0.002,9,0.258,0.0632,0,0,0,0.004,0,0,0,0,2.904,0,9.389,0,8.787,29.85,0.895,0,0.02,0.037,0,0.1588,9,0,1.614,0,0,9,0.236,1.222,0,0.096,0.641,3.257,0,9.844,0,0,0.0014,9
"Dominica",13.1355,0.4109,0.0001,0.001,0.0077,0.761,5.0331,6.5741,2.2045,0,0.8927,5.9859,0.8532,0.0507,0.1742,0.0851,0.0091,0.0039,0.1593,0,9,0.0961,0.1049,0.0672,0.4233,0.0952,0.0343,0,0.0077,0.5243,9,0,0.0106,0.0578,0.0508,41.5502,0.0157,1.736,0.1421,0.0079,0.3786,0.2599,0.1555,0.0218,0,0.0007,0.0048,0.0291,0,0.074,19.2397,0,0,0.0266,0.6067,0.0375,0,0.001,0.2488,0.0573,0.0886,0.1421,0.3591,0.017,0,0,0,0,0,0,0.2857,0,0,0,0.0002,0,0,0,9,0.0029,0,0,0,0,0,0,0,0,0,0,0.0005,0,0,0,0,0,0,0,0,0.0197,0.0001,0,0,0,0,0.0002,0,0.0175,9,0,0,9,0,0,0,0,0,0,0,0,0,0,0.0142,9,0,0,0,0,0,0,0,0.7561,0,1.0721,0.369,0.2165,2.4202,0.037,0,0.0002,0.0033,0,0.0024,0,0,0.2915,0,0,0,0,0.126,0,0,0.0272,0.0114,9,0.0313,0,0,0,0
"Grenada",15.7651,4.1122,0.0002,0,9.0076,0.817,1.0891,10.1867,3.2013,0.8927,0,1.1203,0.1548,0.0877,0.0636,0.2931,0.0345,9.1464,1.9279,9,9,0.2442,0.1552,0.1131,1.5861,0.2087,0.0275,9,0.0166,1.1151,0,9,0.0085,0.6181,0,4.2204,0.4119,0.1181,0.0663,0.0037,0.6381,0.0962,1.0528,0.0417,0,0.5014,0.0124,0.042,9.0046,0.0264,1.4447,0,0,0.0904,0.0054,0.0479,9.0062,0.0081,0.0189,0.2411,0.1335,0.4487,0.8574,9,0,9.0003,0,0,9,0,9,9,0,0,0,0,0,9,9.0001,0.0031,0,0,9.0001,0,9,0,0,0,9.0001,9,9.0007,9.0006,9.0043,0.0008,0,0,9,9,0,0.0135,9.0229,0,0,0,9.0003,9,0,0,0,9,0,0,0,9,9,9.0088,9,0.0004,0,9,9.1481,0.1007,0,9.0027,9,0,9,0,0,9,9.0016,0.4719,0,1.3005,9.1021,0.8615,5.3332,0.03,9.0015,9.0008,0.1203,0,0.0092,0,0,1.3384,0,0,9.001,0,9.1164,9.0011,9.0564,9.0124,0.0774,0,1.3488,0,0,0,0
"St. Lucia",50.55,11.2067,0.0862,0,0,0.825,0.7166,0,2.7464,5.9859,1.1203,0,3.9862,0,0,0,0.014,9,0,0,0,1.0505,0,1.4795,0.5005,0.331,0.0009,0,0,0.858,0,9,0,0.363,9,65.2447,0.4179,3.75,0.2085,0.0115,3.75,0.11,0.275,0.033,0,0,0,0.1988,0,0,3.42,0,0,0.022,11.7247,0,0,0,0,0.022,0.08,0.121,2.025,0,0,0,0,0,0,0,0,0,0,0,0,0,0,0,0,0,0,0,0,0,0,0,0,0,0,0,0,0,0,0.0075,0,0,0,0,0,0,0,0,0,0,0,0,0,0,0,0,0,0,0,0,0,0,0,0,0,0,0,0,0,0,0,0,0,0,0,0,0,0.11,0,1.54,0,2.86,12.65,0,0,0,0,0,0,0,0,0,0,0,0,0,0,0,0,0,0.187,0,0.462,0,0,0,0
"St. Vincent and the Grenadines",33.4151,3.6978,0.0718,0.0013,0.0113,0.979,0.6477,10.7874,2.532,0.8532,0.1548,3.9862,0,1.9441,1.1585,0.4224,0.021,0.035,0.7424,0.002,0,0.0024,0.0484,1.6592,0.8903,0.4276,0,9,9.0006,1.169,0,0,9.0064,0.9454,9.0408,31.4882,0.2632,1.5329,1.4498,0.0802,1.0933,0.1875,1.9895,0.0088,0,0.0665,0.0094,0.1626,9.0038,9.0649,12.0831,0,9.0004,0.0076,0.8657,9.028,9.001,9.0203,9.0262,0.0206,0.1601,0.2522,0.5707,0.0003,0,0,9,0,0,0,9,9,0,0,0,9,0,9,0,0,0,0,9,0,9,0,0,0,0,0.0009,9,0,9,0,0,9,9,9,9,9,9.0011,9,0,9,9,9,0,0,9,9,0,0,0,9,9,0.006,0,0.0015,9,0,0,9.0022,9.0011,9,9,9,9,0,0,0,9,0.5581,0,2.0283,0.0437,0.8404,4.2964,0.0428,9.002,9.0055,9.0004,0,0.0203,0,0,9.5195,0,0,0,0.011,0.1933,0,0.0401,9.0898,0.0586,9,0.0139,0,9,9,0
"Antigua & Barbuda",60.2,9.9388,0.224,0,0.015,0.104,2.441,0,0.395,0.0507,0.0877,0,1.9441,0,0,0.2353,0.016,9,0,0,0,0.037,0,0.193,0,0.871,0.01,0,0.02,10.77,0,0,0,0.23,9,17.6263,0.1891,2.2,0.0948,0.0052,1.9,0.9,0.24,0.13,0,0,0,0.1071,0,0,13.2,0,0,0.17,0,0,0,0,0,0.46,0.7,0.01,1.55,0,0,0,0,0,0,0,0,0,0,0,0,0,0,0,9,0,0,0,0.327,0,0,0,0,0,0,0,0,0,0,0,0,0,0,0,0,0.17,0,0,0,0,0,9,0,0,0,0,0,0.05,0,0,0,0,0,0,0,0,0,0,0,0,0,0,0,0,0,0,0,0.1,0,0,0,0.2,0,0.0005,0,0,0.09,0,0,0,0,0,0,0,0,0,0,0,0,0,0.02,0,0.2,0,0,0,0
"St. Kitts and Nevis",25.95,2.9782,0.0309,0,9.0132,0,1.1077,0,1.5696,0.1742,0.0636,0,1.1585,0,0,0.2431,0,0,0,0,0,0.0656,0,0.198,0,0.2613,0,0,0,6.138,9,9,9,0.187,0,10.8717,0.0086,0.33,0.5212,0.0288,1.88,0,0.061,0.231,0,0,0,0.0187,0,0,0.82,0,0,0,9.0202,0,0,0,0,0.044,0.11,0.099,0.627,0,0,0,0,0,0,0,0,0,0,0,0,0,0,0,0,0,0,0,0,0,0,0,0,0,0,0,0,0,0,0,0,0,0,0,0,9,0,0,0,0,0,0,0,9,0,0,0,0,0,0,0,0,0,0,0,0,0,0,0,0,0,0,0,0,0,0,0,0,0,0,0,0,2.64,0,0,0,9,0,0,0,0,0,0,0,0,0,0,0,0,0,0,0,0.022,0,0,0,0
"Mexico",9186.531,785.6111,65.316,121.1144,0.5302,145.5605,51.0414,7.0146,1.1531,0.0851,0.2931,0,0.4224,0.2353,0.2431,0,8.7551,80.7152,56.7995,78.5825,13.3843,80.7041,15.3124,179.2426,141.9198,1.7787,0.0503,33.837,11.31,213.3032,4.935,1.5367,46.3136,43.4966,36.8289,149.7995,30.1855,1.4648,10.5847,0.5853,113.8597,209.5608,864.9898,78.8113,0,9.924,2.2748,24.0476,0.8692,8.482,154.8765,0.0556,0.0891,3.5026,1.9773,0.759,0.0913,6.4753,108.2015,12.1432,163.5494,1.1243,14.8488,0.0956,0,0.1298,0.0209,0.0011,0,0,13.4885,0.5148,0.0063,0.0535,1.0783,0.1298,0.0033,23.8122,0.0056,0.2764,0.2596,0.0234,0.2318,3.1284,0.4796,0.6182,1.3767,0.165,0,0.588,0.0175,1.7762,0.0036,0.0011,0.1614,0.9329,3.2923,0.6116,0.0053,6.0863,0.1342,2.9515,0,0,0,0,0.0044,0,0,36.1839,19.18,26.46,2.397,0.3506,1.458,15.0798,0,2.5712,0.2576,0.506,0.24,12.5963,8.6214,0.2057,0,8.2016,0.0069,0.0516,1.2115,1.0585,0.5467,43.445,0.0077,0,21.9461,93.7957,302.191,30.0866,0.073,4.4278,1.5358,0.006,14.5749,0,0.011,56.4182,0.0121,0.0011,0.0066,7.1103,12.1393,1.127,4.1291,13.8565,17.5272,0.2099,49.1238,0.0011,0,0.2062,0.0672
"Belize",38.0055,4.3177,0.0345,0,0,0.1862,2.937,1.94,1.016,0.0091,0.0345,0.014,0.021,0.016,0,8.7551,0,2.2169,0.2465,1.1703,0.003,1.7725,0.549,0.108,0.408,0.05,0,0.01,0.0645,0.525,0,0,0.0105,0.132,0.0345,25.0583,0.3012,7.8665,0.1516,0.0084,0.51,0.2275,0.099,0.0235,0,0.493,0.032,0.04,0.091,0.048,0.179,0.1785,0,0.001,0.029,0.0005,0,0.015,0.0715,0.1965,0.0865,0.12,3.3665,0,0,0,0,0,0,0,9,9,0,0.0005,0,9,0,0,0,9,0,0.02,0,0,9,0,0,0,0,0.001,0.0005,0,0,0,9,0,0,0,0,0.2987,0.0015,0,0,0,0,9,0,0.0045,9,0,0,0,0,9,0,0.003,0,0.0095,0.002,0,0,0.2005,0,9,0,9,0,0,0,0,0.038,3.3,0,5.5715,0,1.068,1.4235,0.1535,0,0,0,9,0.0455,0,9,0.2508,0,0,0,0.041,0.3105,9,0.012,0.023,0.042,9,0.48,0,0,0.0218,9
"Guatemala",109.7113,17.187,2.001,0,0.5619,7.2781,1.2615,4.8588,0.672,0.0039,9.1464,9,0.035,9,0,80.7152,2.2169,0,22.032,52.1276,14.0919,10.9086,3.2382,4.9549,73.5459,0,0.1669,9.6763,1.6983,53.6773,0.1165,0.1066,3.5769,8.697,0.0046,12.558,2.9546,13.6275,5.6666,0.3134,6.8702,0.5609,13.3751,2.1939,0,0,0,9.4653,0,0.8737,9.4481,0.08,9,0.8152,0.0006,1.6197,0,12.7,0,15.9009,5.5594,2.4715,0.9238,0.332,0,0,0,0,0,0,0.004,0,9,9,0,0,0,0,0,0,9,0,0,9,0,0,9,0,9,0,0,9,0,0,0,0.0103,9,9,0.0133,0.377,0,3.35,9,0,0,0,0,0,0,2.3195,0,0,0,0,0,1.6512,9,0.2141,0,0,1.22,1.9109,38.0521,0,9,6.2968,0.734,9,0,1.7347,9,11.6284,9,17.6149,0,18.2526,64.105,0.7379,0,2.1891,0.56,9,3.0821,0,0,0.7532,0,0,0,1.2096,0,0,1.3112,2.0498,1.1059,9,2.2187,0,9,0,0
"Honduras",139.1,18.3252,0.245,0,0,2.8986,3.87,1.81,4.739,0.1593,1.9279,0,0.7424,0,0,56.7995,0.2465,22.032,0,2.0488,0.752,9.771,0.543,8.24,52.1498,0,0.0431,0.1322,0.28,20.689,0.0206,0.0088,0,2.5,0.027,0.6535,3.5078,34.4,10.3288,0.5712,0.4,4.7,25.79,2.65,0,0.002,0,11.89,4.76,15.5813,40.8,0.98,0,1.81,0.9898,0,0,0.1,0,3.99,19.5,2.66,1.19,0.555,0,0,0,0,0,9,0.1093,0,0,0,9,0,0,0,9,0.0068,0,0,0.0344,0,9,0,0,0,9,0,9,9,0,0,0,9,0,0,0,0,0,0,0,0,0,0,0,0,0,0,0,0.08,0,0,0,0.02,0,0,0,0,0.5,1.4,4.1829,9,0,0,0,9,0,9.0468,0,2.9,0,0,0,3,14.9,0.5442,0,0.05,0.07,0,0.039,0,0,0.1503,0,0,9,0,0,9,0.11,0,0.26,9,0.32,0,0,9,9
"El Salvador",84.0752,26.8563,0,0,0.0006,2.2371,0.805,0.48,0.044,0,9,0,0.002,0,0,78.5825,1.1703,52.1276,2.0488,0,4.466,11.8486,2.8878,4.5756,63.8808,0,0,5.0892,2.1026,12.1088,0.0055,0.044,0.943,5.5678,0.0286,9.4111,0.1926,9.725,7.3723,0.4077,3.0832,4.0746,5.6922,0.6776,0,0.165,0.2356,11.433,0.0074,0.2746,7.304,0,0,0.92,0.0047,0,0,0,0,0.583,2.3892,1.5916,1.4912,0.004,0,0,0,0,0,0,0.0018,9,0,9,9,0,0,0,0,0,0,0,0,0,0,0,0,0,0,0,0,9,9,0,0,0,0,0,0,0,0,0.2606,0,0,0,0,0,0,0,0.0234,0,0,0,0,0,0,0,1.366,0,0,0,0.5,0.0283,9,0,0,0,0,9,9,0,2.3,0,9.7224,0,12.9,20.424,0.0348,0,0.28,9,0,0.3744,0,0,0.0357,0,0,9,0,1.0932,0,1.8908,0,0.4924,0,2.03,9,0,0,0
"Nicaragua",18.742,26.5828,4.584,10.1058,0,0.0941,0.008,0.765,0,9,9,0,0,0,0,13.3843,0.003,14.0919,0.752,4.466,0,1.745,31.133,6.127,0.4834,0,0.09,1.0991,5.825,16.548,0.0048,0.0011,5.175,24.027,0,10.4261,0.7766,6.149,13.6075,0.7525,3.379,13.676,16.507,5.34,0,7.567,0.83,11.3525,0.515,16.8188,28.031,0,12.3231,0.103,0.3543,0,17.7795,0,229.1809,5.266,9.302,5.752,0.267,0.013,0,0,0,0,0,9,0,9,0,0,0,0,0,0,0,0,0,0,0,0,0,0,9,0,0,0,0,9,0,0,0,0,0,0,0,0,0,0,0,0,0,0,0,0,0,0,0,0,0,0,0,0.05,0,0.015,0,0,2.157,0.002,0,9,0,0,0,0,0,0,0,3.752,0,0,0.487,2.651,16.473,4.953,0,0.51,9.13,0,0,0,0,6.5,0,0,0,0,0.164,0,0,0,0.24,0,0.02,0,0,0,9
"Costa Rica",311.647,22.2117,0.197,0.1219,0.5258,3.6953,1.913,3.89,0.672,0.0961,0.2442,1.0505,0.0024,0.037,0.0656,80.7041,1.7725,10.9086,9.771,11.8486,1.745,0,0.321,19.454,89.7416,0,0.001,0.4952,6.663,55.581,0.0584,0.1775,8.683,3.812,0.315,6.0606,2.0549,27.852,2.6438,0.1462,14.156,17.006,11.058,4.999,0,15.314,16.479,26.0611,6.654,22.2568,70.487,0.43,0.0583,0.142,1.047,0,0.032,0.183,8.4144,27.6,27.467,9.592,8.05,1.266,0,9,9,9,9,0,0.0013,9,0,0,0,0,9,0,0,0,9,0,0.0026,9,0.1716,9,0,0,9,0,0,0,0.01,0.0055,9,0,0.0021,0,0.0047,0.0007,9,1.277,9.562,0,0,0.003,0,0,0,1.299,0,0,0.003,0.0143,0,0.126,0,0.06,0,1.3387,0.19,4.443,0.0788,9,0,1.7131,0.476,0.198,0,1.7945,9,0.102,9,25.282,0.3851,12.017,75.851,0.418,0,0.438,9.5428,0,0.017,9.0165,0,0.6404,9,0,9,0.529,2.535,0,0.066,0.289,1.252,0,0.716,9,9,0,9
"Panama",4.224,20.6855,4.584,2.9798,1.9418,31.3481,0.977,0.476,0.069,0.1049,0.1552,0,0.0484,0,0,15.3124,0.549,3.2382,0.543,2.8878,31.133,0.321,0,86.408,112.9557,0.0016,0.6555,22.6214,39.634,51.43,7.3788,15.9864,1.876,12.407,3.473,7.3148,0.0183,51.941,14.6973,0.8127,12.551,94.43,27.17,9.65,0,1.238,0.829,18.0744,0.183,3.4819,69.226,0.004,9,16.799,40.0606,0.9565,0.3571,23.885,0.074,11.256,36.317,405.378,6.692,0.706,0,0,9,9,0,0,0.0426,0,1.8205,0,0,0,0,9,0,0,0,0,2.3701,0,0,0,0.001,0.1605,0,0,9,9,0,9,0,0,0,9,0,0,0,0.02,0,0,0,9,0,0,0,0,0.128,0,0.5,0,0,0.74,0,0.15,0,0,0.122,10.757,1.9351,0,0,0.3763,0,9,0.048,9,0,1.076,0,12.409,0,75.152,100.174,0.169,0,0.3,0,9,0.0617,9,0,1.3338,0,9,0,0.365,21.192,0,0.52,0.541,0.14,0,3.955,9,0,0,9
"Colombia",576.2321,51.0351,0.788,9.642,0.4037,7.9574,0.638,16.13,0.568,0.0672,0.1131,1.4795,1.6592,0.193,0.198,179.2426,0.108,4.9549,8.24,4.5756,6.127,19.454,86.408,0,0.5419,0.3798,2.8543,23.2617,27.045,210.706,2.2591,0.8385,59.019,49.245,4.274,9.7063,21.2249,104.401,5.2213,0.2887,41.056,65.368,31.544,15.915,0,5.882,2.279,19.5523,24.54,29.1159,38.918,0.01,0,0.387,4.8799,0.0065,17.574,9.032,5.338,61.778,48.519,32.883,87.239,0.457,0,0,0,0,0.0089,0,0.0113,0.0333,9,0.03,0,0.022,0.019,0,0,0.186,0,0.182,0.0045,0,0,0.01,0.0007,0.02,0,0.03,0,0,0,0,0.01,0,0,0,0,0.0803,0,5.132,9,9,0,0,0,0,9,40.9502,17.925,0.04,1.488,0.033,0,0.033,0.03,0.021,0.18,0.0451,0.004,5.172,1.5912,0.02,0,0.5089,0,0.13,0.198,0,0,17.088,0,14.112,0.446,3.66,230.936,9.9484,0,5.144,0,0,0.443,0,0.0022,3.2628,0,0,0,0.658,9.284,0.0045,0.068,0.151,5.539,0.3509,0.325,0.42,0,9.01,0
"Venezuela",209.2783,6.9841,19.569,403.2204,67.2574,203.7024,61.5308,7.644,19.7811,0.4233,1.5861,0.5005,0.8903,0,0,141.9198,0.408,73.5459,52.1498,63.8808,0.4834,89.7416,112.9557,0.5419,0,5.7868,1.516,16.2086,46.6753,439.5237,0.6873,0.6655,61.039,90.0434,0.9973,223.4197,25.7571,129.9863,39.0316,2.1584,316.7241,209.5858,269.8247,3.7545,0,0.038,2.4093,50.4022,0.3685,19.8592,635.8549,0.06,0.0231,9.5113,9.9814,1.7998,1.8744,15.5257,4.8345,23.2831,13.4121,18.2955,89.8042,0.1278,0,0,0,0,0,0,0.894,0.0913,0,0,0,0,9,0,0.0075,0.0065,0,0.0067,0.1414,0,0,9,0,0,0,0,0,9,0,0,0,0.011,0,0,0,0.0061,0,0,0,0,0,0,0,0,0,9.0093,0.6775,6.54,0.825,0,0.0726,15.2456,0,0.725,0,0.0209,0.016,40.6308,0.1383,9,9,0,1.694,0,0,0,0,16.8802,0,125.3616,0,60.2174,211.5132,27.2146,0,5.6192,0.01,0,0.1299,0,0,4.1722,0,0,0,2.52,0.9418,0,0.1713,10.7504,30.0911,0.0013,102.793,0,0,0.0001,9
"Guyana",17.38,8.4756,0.0034,2.4378,0,0.0271,0.6651,6.678,0.8035,0.0952,0.2087,0.331,0.4276,0.871,0.2613,1.7787,0.05,0,0,0,0,0,0.0016,0.3798,5.7868,0,2.7641,0.0747,0.14,2.376,0,0,0.2452,0.0094,0,58.3533,0.0128,8.73,2.9755,0.1645,8.38,0.0021,3.279,0.9907,0,1.735,0,0.1817,0,0,2.79,0.01,0,0.586,0.0026,0,1.3101,0,5.1091,0.121,0.09,0.0926,1.168,0,0,0,0,0,0,9,0,0,9.0375,0,0,0,9,0,0,0,9,0,0.2666,0,0,0,0,0,0,0,0,9,0,0,0,0,0,0,0,0,0,0,0,0,0,0,0,0.0154,9,0.4609,0,0,0,0.0008,0,0,0,0,0,0,0,0,0.1794,0,0,0,0,0,0,0,9,0,0,2.8768,0.9997,0.53,5.01,0.2072,0,0.002,0,0,0.0146,0,0,0.0008,0,0,0,0.022,0.0086,0,0,0,0.448,0.0381,0.488,0,0,0.0006,0
"Suriname",39.2347,1.0553,0.01,0.0011,0.3189,4.9267,1.8249,23.3236,0.1462,0.0343,0.0275,0.0009,0,0.01,0,0.0503,0,0.1669,0.0431,0,0.09,0.001,0.6555,2.8543,1.516,2.7641,0,0,0.02,24.0296,0,9,0,2.95,0,9.7405,0.0594,19.6636,1.4688,0.0812,13.4796,4.1922,0.0469,0.2577,0,0.01,0,0.0441,0.02,0.01,4.3669,0,0,0.92,0.795,0.0062,0,0,0.0084,0.01,2.6552,84.1946,0.3832,0,0,0,0,0,0,0,0.0363,9,0,0,0,0,9,9,0,2.2301,0,0,0,0,0,0,0,0,0,0,0,0,0,0,0,0,9,0,0,0,0,0,0,0,0,9,0,0,0,0,0,0,0,0,0,0,9,0,0,0,0,0,0.0841,0,0,0,0,0,0,0,0,1.1947,9,3.3059,0.02,3.4241,17.1711,0.11,0,0,0,0,0,0,0,0.05,0,0,0,0,0.1373,9,0.13,0.0818,0,0,0.01,0,0,0,0
"Ecuador",799.2091,43.9886,0.16,0,0,0.0941,0.336,2.67,0,0,9,0,9,0,0,33.837,0.01,9.6763,0.1322,5.0892,1.0991,0.4952,22.6214,23.2617,16.2086,0.0747,0,0,34.5098,96.346,0.4775,0.0747,22.0576,4.2863,0.4376,11.9965,0.0252,4.0039,5.5908,0.3092,15.5677,25.6375,35.4552,1.407,0,9.0007,0.5516,5.6047,14.3198,1.0806,4.0226,0,0,23.4472,0.3749,0,0.0979,0.5151,2.3771,9.5163,4.6438,0.1515,4.5552,0.013,0,0,0,0,9,0,0,0,0,0,0,0,0,0,0,0,0,0,0,0,9,0,0,9,9,0,9,9,9,9,0,0,0,0,0,0.2193,9,15.6798,0,0,0,9,0,0,0,0,0,0,0.043,0,0,18.08,0,0.011,0,0,0,8,11.0617,0,0,0.0179,0,9,0,0.2029,0,5.5978,0,15.187,9,244.7,154.2766,0.0035,0,0.17,9,0,0,0,9,0.0159,0,0,9,0.8334,0.3427,0,0.07,0.2694,5.6216,0,16.4272,9,9,0,9
"Peru",7.77,28.0847,0.267,13.627,0.4,0.3293,0.137,0.32,0.289,0.0077,0.0166,0,9.0006,0.02,0,11.31,0.0645,1.6983,0.28,2.1026,5.825,6.663,39.634,27.045,46.6753,0.14,0.02,34.5098,0,63.101,1.0626,10.1698,39.16,148.21,14.868,91.8834,5.402,2.48,51.4641,2.8459,70.45,58.8,0.67,19,0,10.235,2.72,3.9532,25.7,11.7824,104.33,0.06,0,61.64,2.5668,0.27,9.611,5.19,25.86,2.96,12.06,0.03,5.68,0.043,0,0,0,0,0,0,0.0026,0.0019,0,0,0.11,0,0,0,0,0.0158,0,0.1074,0.6174,0.01,0,0,0,0.1605,0,0,0,0,9,0,0,0,0,0,0,0,0,4.17,0,9,0.01,0,0,0,0,1.23,19.489,0.13,3.882,0,21,0.08,0,0.013,0.27,0.088,0.17,22.13,0.2182,0,0,0.12,0,0,0.51,0.04,0,209.01,0,17.74,1.06,82.15,304.39,4.6646,0,3.3,0.16,0,0.0909,0,0,0.0041,0,0,0,0.59,10.39,0.0005,11.84,2.5,14.3,0,29.64,0,0,0.0013,0.01
"Brazil",6278.8308,534.9853,6.32,25.509,3.571,30.2873,32.095,31.293,10.156,0.5243,1.1151,0.858,1.169,10.77,6.138,213.3032,0.525,53.6773,20.689,12.1088,16.548,55.581,51.43,210.706,439.5237,2.376,24.0296,96.346,63.101,0,100.2242,36.1603,151.09,158.494,40.776,841.8339,43.3396,800.026,342.5854,18.9446,924.504,216.228,830.45,259.338,0,47.819,71.524,172.567,140.231,40.5289,1320.888,11.44,0,101.27,151.4636,14.9581,132.253,23.7605,221.584,64.268,79.97,66.031,161.709,4.268,0,0,0.132,0,2.134,0.693,6.3592,3.5764,2.2874,1.3195,30.5727,6.963,10.0307,0.428,0.8897,3.4489,1.275,8.9739,3.6661,80.003,0.638,0.022,9.042,14.8397,2.893,6.8268,1.66,1.29,1.81,3.63,0.08,3.321,56.122,10.021,0.7334,1.2125,0.63,82.53,0,9,9,1.313,0.088,6.9208,0.0297,38.4711,34.608,25.31,12.332,6.9902,109.25,163.829,1166.803,133.395,18.2198,47.421,77.623,9.175,922.3995,1.4683,0.286,25.3039,12.507,109.5399,132.763,126.5935,0.957,692.587,0,370.598,0.616,410.789,1788.5149,269.1939,0,51.193,24,0.0033,19.2188,9,0,243.6583,0,0,0.08,74.877,130.474,1.6156,141.224,90.108,194.13,1.4488,29.488,0,0.02,0.2137,9
"Bolivia",7.1282,17.7894,0.009,0.0169,0,0,0.0213,0.0104,0.0198,9,0,0,0,0,9,4.935,0,0.1165,0.0206,0.0055,0.0048,0.0584,7.3788,2.2591,0.6873,0,0,0.4775,1.0626,100.2242,0,0.0995,24.8364,137.6308,0.946,14.5016,1.0002,0.8694,18.4971,1.0229,34.4682,3.2949,0.303,0.8805,0,0.2229,0.6426,5.4633,0.0673,1.1838,11.0571,0,9,2.6023,0,0.0212,9.0107,9.7803,1.9742,0.5048,9.3956,0.2678,2.9144,0,0,9,0,0.0007,0,9,0,0,9,9,9,0.0007,9,0,9,0.0183,9.004,0,0.1014,0,9,0,9,0,9,0.0001,0,0,0,0,0,0.0066,0,0,0,9,0,0.6393,0.02,9,0,9,9,0,0,0.0589,0,0,0,0,0,0.2398,0,0.0124,0.0009,0,0,0.9895,0.3533,0.0025,0,0,0,9,0,9.1248,9,3.3029,9,5.7657,1.1547,4.3304,52.1044,0.293,0,0.0478,0.0025,0,0.4764,0,9,0.0277,9,9,0,13.5255,0.0719,9,0,0.4543,0.0458,0,0.0269,9.0269,0,9,0
"Paraguay",16.7548,0.7511,0.005,0,0,1.1524,0,0.17,0.049,0,9,9,0,0,9,1.5367,0,0.1066,0.0088,0.044,0.0011,0.1775,15.9864,0.8385,0.6655,0,9,0.0747,10.1698,36.1603,0.0995,0,40.9388,3.0453,7.7369,34.8538,0.1032,67.4034,70.6814,3.9086,19.6964,3.8962,117.9193,32.9249,0,0.023,0.3289,6.7016,0.0319,0.6516,31.8993,0.01,0,1.9003,0.3174,0.0935,0.0561,0.22,9,0.0043,1.2231,7.1489,3.1807,0,0,9,0,0,9,9,0.1495,0,0.1452,9,0.103,0,9,0,0,0,0,0,0.0887,0.011,0,0,0,0,9,9,0,0,0,9,9,0.151,3.952,0,0,9,9,0.8364,0,0,0,0.279,9,0,0,0.159,40.4444,5.87,0,0,0,0.57,0.19,0.128,0,0.0011,0,0.5395,0.1733,9,0,0.099,0,0,0,10.8986,0,0.0402,9,3.2184,0.2994,7.8221,10.6551,0.348,0,0.022,0.01,0,0.0077,0,0,0.04,0,0,0,0.3757,1.4804,0,0.0613,0.3758,0.02,0,0.24,0,0,9,0
"Chile",327,32.7584,2.166,0,0.0293,5.082,0.113,1.69,0.364,0.0106,0.0085,0,9.0064,0,9,46.3136,0.0105,3.5769,0,0.943,5.175,8.683,1.876,59.019,61.039,0.2452,0,22.0576,39.16,151.09,24.8364,40.9388,0,131.81,11.526,196.226,0.1178,125,23.3109,1.2891,377.7,77.2,108.61,43.06,0,21.238,0,10.4815,22,2.1583,356.2,0.33,0,36.55,34.0775,0.0719,0,2.9,0,38.93,41.7,4.82,13.08,0.229,0,0,0,0,0,9,0.0662,0,0.0006,0,0,0,9,1.214,0,0.0379,0,0,100.3565,33.3,9,0,12.0579,0,0,0,0.012,0,0,0,9.6021,9,0,0,0,0.0904,0,17.9,9,9,0,0,9,0,9,0,0,5.93,3.41,0,0,92.24,0,0.148,0,0,0.12,42.4,54.917,0.0884,9,12.5256,3.306,0,36,12.2952,0,96.2,9,178.3,0,100.2,630.6,2.6038,0,0.41,0.06,0,3.3907,9,9,12.5066,0,9,0,0.01,46.7,0.2578,7.68,39.2,6.96,5.1863,6.66,0,0,0.0443,9
"Argentina",650.9,72.4265,0.969,214.256,1.0154,7.6984,2.512,7.05,1.337,0.0578,0.6181,0.363,0.9454,0.23,0.187,43.4966,0.132,8.697,2.5,5.5678,24.027,3.812,12.407,49.245,90.0434,0.0094,2.95,4.2863,148.21,158.494,137.6308,3.0453,131.81,0,48.112,116.3323,5.2702,426.86,60.3242,3.3359,91.73,23.39,171.75,139.9,0,8.121,11.49,3.0653,4.97,92.3294,139.62,6.68,0.176,26.95,19.7684,4.1064,67.555,19.1927,928.211,25.19,18.02,21.36,105.45,0.385,0,0,0,0,1.188,0,0.2008,0.0995,0.001,0,2.54,0,0,3.86,0.0028,0.0266,1.846,0.5878,6.2205,5.357,0,0,1.2235,0.3209,0.001,0.0956,3.224,0.03,0.03,0,9,0.23,17.974,3.674,0.247,0.2105,0,26.78,0.11,0.13,9,0,0,2.679,0,23.898,19.659,30.14,18.459,0.2725,159,14.53,0.022,48.053,5.1637,2.72,8.53,29.75,0.8516,0.0264,0,2.1953,0.65,0,3.45,0.2237,0,403.82,0.209,46.64,0.364,5.07,146.69,36.9976,0,2.82,12.14,0,1.0922,0,0.011,53.7595,0.11,0,0,81.62,4.69,0.3005,1.63,50.77,5.47,0.0761,9.51,0,0,0.0005,0
"Uruguay",187.197,4.2418,0.011,5.345,0,0.1828,0.546,2.537,0.666,0.0508,0,9,9.0408,9,0,36.8289,0.0345,0.0046,0.027,0.0286,0,0.315,3.473,4.274,0.9973,0,0,0.4376,14.868,40.776,0.946,7.7369,11.526,48.112,0,27.178,0.6457,23.024,4.5769,0.2531,7.156,0.7,2.458,13.627,0,3.741,11.962,9.9892,7.905,13.9365,33.329,0.468,9,1.031,4.7665,0.3908,1.2896,4.922,68.1732,8.256,39.315,1.731,2.761,0.064,0,0,9,9,9,9,0.0884,10.9647,0.0078,0,3.95,9,0,0,0,0.019,2.095,0.8249,14.486,2.0482,9,9,0.5561,0.621,0,0.0343,0.006,9,0,9,0,9,0,0,0,0.0771,0,1.927,0,0,0,0,0,0,9,0.185,0.308,1.393,12.705,0.5725,18.676,0.473,35.2462,12.169,9,0.0957,1.09,30.853,5.1678,0,0,1.5841,0,9,11.584,9,0,120.636,9,10.102,0.4418,1.001,9.127,0.9968,0,0.097,1.643,9,0.586,0,0,0.5562,9,0,0,2.834,0.199,0.0283,0.526,0.03,6.315,9,0.373,0,0,9,0
"United Kingdom",581.528,507.8176,50.2906,16.7129,2.1796,3.2896,57.0254,49.2481,31.8049,41.5502,4.2204,65.2447,31.4882,17.6263,10.8717,149.7995,25.0583,12.558,0.6535,9.4111,10.4261,6.0606,7.3148,9.7063,223.4197,58.3533,9.7405,11.9965,91.8834,841.8339,14.5016,34.8538,196.226,116.3323,27.178,0,407.686,7115.563,1672.3212,92.4774,3807.149,3766.5288,251.9888,230.9979,0,77.5443,24.7778,649.8553,5.181,85.3159,3294.8679,170.6327,2.6049,54.8077,22.8605,41.0259,111.222,103.8023,280.9549,1806.2467,2074.1079,3684.302,1664.5737,222.548,0,0.6262,1.65,1.98,32.6352,20.7672,5.1347,9.1127,10.2094,6.6342,40.1716,6.3838,6.7273,4.3287,7.883,11.2461,29.2506,9.0318,388.0081,27.244,0.9564,2.0378,13.6958,33.9221,14.9701,114.1953,108.9636,1.539,4.2421,18.4144,5.6937,72.6182,33.6278,37.6049,24.6644,36.0648,38.0301,487.3258,0.5034,35.258,54.005,2.2755,0.6031,262.617,19.5246,0.3386,110.8101,1.7961,304.288,112.637,306.5969,168.4942,732.3301,74.8901,9.8106,83.1423,134.7133,391.0323,495.4795,107.7466,37.3401,248.7856,165.1163,168.3604,534.3353,31.2237,3.3018,108.9159,0.3315,1417.8093,4.806,1119.3395,7427.705,653.3894,21.8617,106.3869,31.276,14.221,23.435,0.005,6.5725,27.7638,0.5639,2.5282,0.0414,121.5676,242.4743,195.1085,227.4441,73.7624,1394.1327,38.295,139.8838,2.8562,3.5116,99.2967,0.5148
"Ireland",1054.2435,49.0568,0.2908,0.323,0.209,1.3084,1.458,6.7377,3.8535,0.0157,0.4119,0.4179,0.2632,0.1891,0.0086,30.1855,0.3012,2.9546,3.5078,0.1926,0.7766,2.0549,0.0183,21.2249,25.7571,0.0128,0.0594,0.0252,5.402,43.3396,1.0002,0.1032,0.1178,5.2702,0.6457,407.686,0,308.4753,327.4144,18.1056,782.3417,136.8402,237.6062,18.8543,0,11.508,66.3451,48.1022,10.5553,7.1491,426.1792,6.7718,0.0414,6.2469,54.9201,3.5415,10.1654,6.0221,24.0897,61.021,31.6403,150.8318,18.295,3.8451,0,0,0.0012,0,0.0448,1.0869,2.9438,0.2076,0.2139,0.366,5.1646,55.8367,0.2014,0.0848,0.2669,24.1172,0.9729,6.9014,15.5553,1.3118,0.3666,0.1309,0.8728,11.8473,1.9868,3.9272,1.0425,0.2108,2.5489,0.8141,1.1422,4.5227,3.8513,0.5004,2.2181,2.9651,0.6199,70.8623,9.08,0.4774,1.0233,0.2788,0.1453,1.8722,0.0369,8.793,18.8567,1.2304,44.6163,0.738,15.7388,9.4676,112.7017,94.1517,1.3501,9.401,0.856,2.2894,82.8082,2.0222,1.4631,18.4177,4.77,4.299,17.1701,6.004,1.4153,41.9345,0,46.4674,0.1002,6.9386,246.7045,15.4292,0,2.8987,1.0286,0.0429,2.0285,0,0.7053,4.7669,0.011,0,0.1272,20.9414,4.5204,0.0363,3.5389,14.3654,153.9354,0.9814,10.0032,0.0084,0.0258,0.0111,0
"Netherlands",2712,129.6724,10.414,21,10.0725,13.5161,23.372,26.08,5.372,1.736,0.1181,3.75,1.5329,2.2,0.33,1.4648,7.8665,13.6275,34.4,9.725,6.149,27.852,51.941,104.401,129.9863,8.73,19.6636,4.0039,2.48,800.026,0.8694,67.4034,125,426.86,23.024,7115.563,308.4753,0,1726.81,95.4906,1786.6006,1021.2092,681.53,249.86,0,359.166,57,90.2675,46.54,33.6572,4188.1001,24.51,2.78,0.62,611.2303,32.1371,57.71,73.4718,611.2,269.75,364.1001,324.6,390.45,113.501,0,0.57,6.01,0.98,7.57,14.47,18.5549,16.5354,39.8382,13.2218,45.5927,17.97,22.8744,2.8,4.2567,26.1153,35.835,253.9495,317.255,108.42,2.1,5.31,8.9282,2.444,31.67,53.2633,14.512,4.8508,7.49,3.32,8.7678,51.684,30.97,16.8,4.9405,1.8268,21.1814,120,10,10,3.5,2.7452,1.44,6.1955,2.45,22.775,386.277,32.39,103.999,46.3883,764,111.34,96.25,288.203,37.4607,54.32,77.8,57,351.1346,120.9336,21.12,853.818,24.349,29.0308,144.4,57.1125,2.23,99.2,0.25,241.9,12.02,127,2176.3,211.8223,0,40.28,76.27,3.1617,7.8735,0.848,1.88,367.9609,0.11,0.88,0.874,260.67,29.97,15.413,67.32,144.2,162.33,8.0071,15.04,0.316,0.044,0.2041,0.0141
"Belgium",781.0098,80.47,2.3879,21.2073,7.7798,25.4809,5.7614,7.903,2.1605,0.1421,0.0663,0.2085,1.4498,0.0948,0.5212,10.5847,0.1516,5.6666,10.3288,7.3723,13.6075,2.6438,14.6973,5.2213,39.0316,2.9755,1.4688,5.5908,51.4641,342.5854,18.4971,70.6814,23.3109,60.3242,4.5769,1672.3212,327.4144,1726.81,0,0,1827.91,177.58,548.641,344.3101,4561.369,68.9758,14.195,249.1996,55.1218,33.8862,2707.6689,0.9665,0.5875,36.6815,171.269,15.8818,64.0482,27.215,630.4567,74.3202,499.385,52.0705,295.1202,20.0417,1.791,0.4169,0.4738,1.6109,20.2502,2.9186,3.4872,7.2776,47.8443,6.8322,66.114,9.1443,7.6661,272.9085,38.9653,25.2914,0.9855,14.8868,9.5328,3.1745,43.9875,2.0279,39.657,563.0728,2.369,22.894,0.5875,9.1348,57.8604,2.7101,4.2452,7.505,165.4887,3.7714,28.4469,9.2201,1.5825,183.4552,0.5686,16.3913,4.0747,5.4961,2.189,3.2218,1.3551,20.1176,34.142,38.9084,67.5069,7.6187,178.5276,253.9755,70.0371,89.207,39.3633,71.5721,51.9284,1274.5201,99.8959,30.2,10.4236,55.065,14.6594,13.5791,33.0712,11.7123,16.7251,133.0429,0.8528,0,3.2313,163.2713,878.6131,656.2032,0,26.438,25.7557,1.3361,28.6554,0,4.1884,129.1766,0.1042,0.2085,3.4114,20.8567,65.4507,0.8907,33.943,20.5629,102.9187,0.8813,88.9038,0.1137,0.019,2.0279,0.4548
"Luxembourg",43.189,4.4499,0.1321,1.1727,0.4302,1.4091,0.3186,0.437,0.1195,0.0079,0.0037,0.0115,0.0802,0.0052,0.0288,0.5853,0.0084,0.3134,0.5712,0.4077,0.7525,0.1462,0.8127,0.2887,2.1584,0.1645,0.0812,0.3092,2.8459,18.9446,1.0229,3.9086,1.2891,3.3359,0.2531,92.4774,18.1056,95.4906,0,0,101.0818,9.82,30.3392,19.0399,252.2376,3.8143,0.785,13.7804,3.0482,1.8739,149.7309,0.0534,0.0325,2.0284,9.471,0.8782,3.5418,1.505,34.8635,4.1098,27.6154,2.8794,16.3198,1.1083,0.099,0.0231,0.0262,0.0891,1.1198,0.1614,0.1928,0.4024,2.6457,0.3778,3.656,0.5057,0.4239,15.0915,2.1547,1.3986,0.0545,0.8232,0.5272,0.1755,2.4325,0.1121,2.193,31.1373,0.131,1.266,0.0325,0.5051,3.1996,0.1499,0.2348,0.415,9.1513,0.2086,1.5731,0.5099,0.0875,10.1449,0.0314,9.4087,0.2253,0.3039,0.121,0.1782,0.0749,1.1125,1.888,2.1516,3.7331,0.4213,9.8724,14.0445,3.873,4.933,2.1767,3.9579,2.8716,70.4795,5.5241,1.67,0.5764,3.045,0.8106,0.7509,1.8288,0.6477,0.9249,7.3571,0.0472,0,0.1787,9.0287,48.5863,36.2872,0,1.462,1.4243,0.0739,1.5846,0,0.2316,7.1433,0.0058,0.0115,0.1886,1.1533,3.6193,0.0493,1.877,1.1371,5.6913,0.0487,4.9163,0.0063,0.001,0.1121,0.0252
"France",831.7,1254.9631,2.656,16.31,4.6744,1.2323,34.394,16.4,7.972,0.3786,0.6381,3.75,1.0933,1.9,1.88,113.8597,0.51,6.8702,0.4,3.0832,3.379,14.156,12.551,41.056,316.7241,8.38,13.4796,15.5677,70.45,924.504,34.4682,19.6964,377.7,91.73,7.156,3807.149,782.3417,1786.6006,1827.91,101.0818,0,1538,720.4702,314.6899,0,31.626,44.1,82.5594,107.27,11.2213,32.801,36.26,1.71,34.28,288.4517,69.1857,105.07,384.9433,677.9,493.96,752.3001,1197.13,190.28,31.25,0,3.22,3.58,6.68,8.54,109.77,72.0222,59.9715,99.5191,215.7198,68.6978,108.55,82.6045,80.9,7.6339,3.0789,115.398,79.0505,140.9886,55.26,46.21,49.09,4.1407,5.7103,36.52,78.8888,3.963,12.1827,18.65,2.28,56.8478,6.39,81.94,37.67,62.4011,1.3497,0.2142,126.4,8.3,24.2,34.1,8.2512,30.36,79.3678,5.74,166.1056,58.2389,330.09,271.556,26.2505,115.6,199.19,316,484.735,143.9957,157.98,95.62,56.7,422.8255,61.6112,7.84,83.6654,47.516,29.667,135.6,74.056,8.68,454.5,1.67,894.9,6.22,305.9,3075.7002,209.4643,0,115.61,14.33,2.7154,1.0486,0.281,9.99,43.9431,0.46,0.8,81.379,273.42,122.33,11.1691,106,94.7,125.92,1.5078,80.82,2.2942,1.3,19.9182,0.0264
"Switzerland",1618.4001,420.642,6.152,20.08,1.1093,4.6325,6.027,7.41,5.726,0.2599,0.0962,0.11,0.1875,0.9,0,209.5608,0.2275,0.5609,4.7,4.0746,13.676,17.006,94.43,65.368,209.5858,0.0021,4.1922,25.6375,58.8,216.228,3.2949,3.8962,77.2,23.39,0.7,3766.5288,136.8402,1021.2092,177.58,9.82,1538,0,199.65,217.28,0,778.276,545.84,587.0591,80.15,455.2525,428.5,12.08,1.64,167.12,162.0853,26.9201,123.54,23.5666,412.9,38.97,264,121.22,7.58,54.656,0,0.2,0,0.1,3.68,0.48,4.6585,2.1365,1.3465,1.0399,7.49,0.82,1.5017,3.021,0.5146,7.9571,3.568,9.8103,74.6282,1.72,0.58,0.39,1.3373,41.1728,2,17.1601,11.895,1.1985,6.1,1.21,0.4276,10.516,8.3,6.71,7.7422,8.8936,0.5179,200.2,0,0.5,5.5,1.5245,0,19.4601,0.11,56.5057,59.035,11.15,18.187,23.6638,163,207.26,198.57,256.12,32.8272,29.62,56.37,996.2,310.2841,3.4796,4.73,224.0657,1.51,14.3956,87.5,34.8978,5.35,294,1.12,21.7,4.22,137.2,731.8,67.4822,0,88.88,43.04,1.832,1.5741,0.459,6.07,159.1443,0.22,0,5.339,81.5,364.61,42.5763,54.09,142,373.14,0.4459,47.05,0.3713,0,1.3358,0.1
"Spain",1927.8,370.4759,5.565,149.097,0.8523,19.3529,0.05,18.62,2,0.1555,1.0528,0.275,1.9895,0.24,0.061,864.9898,0.099,13.3751,25.79,5.6922,16.507,11.058,27.17,31.544,269.8247,3.279,0.0469,35.4552,0.67,830.45,0.303,117.9193,108.61,171.75,2.458,251.9888,237.6062,681.53,548.641,30.3392,720.4702,199.65,0,1076.6,0,6.372,39.25,201.7687,7.19,34.6467,2443.6699,25.72,10.872,91.86,102.1634,33.8816,12.988,104.4856,813.7949,154.36,622.6,49.65,160.47,34.753,0,0.776,1.63,7.221,0.289,13.805,13.875,1.5409,26.0159,4.6546,60.1552,35.571,0.5753,23.94,4.6771,19.7857,24.088,93.3212,890.7256,50.852,5.577,4.176,8.8014,13.8892,27.849,1.0424,4.027,8.2473,1,1.411,0.6696,3.517,20.033,26.967,0.6092,15.8306,4.5324,240.25,5.41,8.71,0.5,7.91,0.029,0.399,28.01,92.7594,114.969,76.62,552.338,2.3689,375.35,94.03,239.325,45.919,35.9589,70.061,25.46,16.58,131.4618,11.9283,5.269,87.2136,4.852,10.5451,73.43,12.484,0.513,65.34,0.09,421.66,0.201,406.66,2471.6499,19.6084,0,25.74,6.36,1.2303,4.5168,0,0.37,100.622,0.05,0,2.91,144.09,38.78,0.6892,7.13,21.77,51.36,38.5597,82.88,0.2704,0.01,0.1858,0
"Portugal",8.44,60.7691,1.103,8.753,0.1369,4.6896,1.666,0.74,0.081,0.0218,0.0417,0.033,0.0088,0.13,0.231,78.8113,0.0235,2.1939,2.65,0.6776,5.34,4.999,9.65,15.915,3.7545,0.9907,0.2577,1.407,19,259.338,0.8805,32.9249,43.06,139.9,13.627,230.9979,18.8543,249.86,344.3101,19.0399,314.6899,217.28,1076.6,0,0,13.336,7.31,62.4978,1.92,11.0679,1157.94,3.58,0.341,1.46,13.1559,8.2174,0.817,9.1696,28.05,74.54,182.42,43.17,109.39,108.544,0,4.855,16.21,0.077,0.324,5.241,7.1799,12.9096,7.0784,1.36,40.8698,1.083,15.7342,24.32,0.4204,4.0864,22.727,34.1985,200.9932,8.549,0.868,18.84,28.5229,21.2686,6.141,2.8878,18.807,0.5851,0.83,0.43,0.09,0.55,176.445,25.651,2.0144,31.8744,2.7359,83.1,9,0.09,9.01,3.72,0.034,8.3102,0.308,1.044,77.363,0.84,56.632,9.6044,3.79,21.72,140.048,75.186,2.1569,3.099,0.42,7.39,185.9036,0.1173,0.754,11.6071,1.202,0.12,26.66,0.9755,0.077,33.75,0,46.59,0.007,21.97,526.7,11.5504,0,77.09,2.58,0.0021,2.3215,0,0,89.8562,0,0,0.49,23.81,1.14,0.3974,0.04,46.22,6.81,1.2666,2.3,0.09,0.07,0.0338,0
"German Federal Republic",0,0,0,0,0,0,0,0,0,0,0,0,0,0,0,0,0,0,0,0,0,0,0,0,0,0,0,0,0,0,0,0,0,0,0,0,0,0,4561.369,252.2376,0,0,0,0,0,0,0,0,0,0,0,0,0,0,0,0,0,0,0,0,0,0,0,0,0,0,0,0,0,0,0,0,0,0,0,0,0,0,0,0,0,0,0,0,0,0,0,0,0,0,0,0,0,0,0,0,0,0,0,0,0,0,0,0,0,0,0,0,0,0,0,0,0,0,0,0,0,0,0,0,0,0,0,0,0,0,0,0,0,0,0,0,0,0,0,0,0,0,0,0,0,0,0,0,0,0,0,0,0,0,0,0,0,0,0,0,0,0,0,0,0
"German Democratic Republic",91.001,21.4345,0,77.5584,0,4.7861,2.326,0.21,0.223,0.0007,0.5014,0,0.0665,0,0,9.924,0.493,0,0.002,0.165,7.567,15.314,1.238,5.882,0.038,1.735,0.01,9.0007,10.235,47.819,0.2229,0.023,21.238,8.121,3.741,77.5443,11.508,359.166,68.9758,3.8143,31.626,778.276,6.372,13.336,0,0,915.982,544.7491,660.629,321.3511,72.002,0.382,8.3179,137.423,0.3911,0.8184,156.0408,56.7413,932.3252,41.425,107.051,100.403,23.333,0.482,0,0.912,0,0,0.0825,0.055,2.2862,3.9674,5.1749,0.002,2.001,0.6193,9,9.898,0.1377,10.3169,0.232,10.2837,3.7017,0,0,0,0.5902,0.045,8.365,0.3788,0.446,0.1396,0.62,0,9.022,5.297,6.394,1.6092,9.14,8.436,9,0,9.046,9.168,9.842,4.1703,0,0.004,9,15.8383,57.765,11.945,7.479,0.4879,14.885,3.822,98.0329,20.132,4.7688,41.3151,11.174,0,8.7585,0.0919,7.3817,4.917,0.124,0.056,13.999,9.3979,4.194,77.331,5.1728,7.37,4.994,1.139,169.12,1.1009,0,2.858,65.792,0.2659,2.8829,9,0.3248,71.2617,7.137,1.1075,11.14,0.714,19.583,0.0129,9.42,8.091,17.182,1.8745,1.03,9,0,0.0692,9
