"","United States of America","Canada","Bahamas","Cuba","Haiti","Dominican Republic","Jamaica","Trinidad and Tobago","Barbados","Dominica","Grenada","St. Lucia","St. Vincent and the Grenadines","Antigua & Barbuda","St. Kitts and Nevis","Mexico","Belize","Guatemala","Honduras","El Salvador","Nicaragua","Costa Rica","Panama","Colombia","Venezuela","Guyana","Suriname","Ecuador","Peru","Brazil","Bolivia","Paraguay","Chile","Argentina","Uruguay","United Kingdom","Ireland","Netherlands","Belgium","Luxembourg","France","Switzerland","Spain","Portugal","German Federal Republic","German Democratic Republic","Poland","Austria","Hungary","Czechoslovakia","Italy","Malta","Albania","Yugoslavia","Greece","Cyprus","Bulgaria","Romania","Russia","Finland","Sweden","Norway","Denmark","Iceland","Cape Verde","Sao Tome and Principe","Guinea-Bissau","Equatorial Guinea","Gambia","Mali","Senegal","Benin","Mauritania","Niger","Ivory Coast","Guinea","Burkina Faso","Liberia","Sierra Leone","Ghana","Togo","Cameroon","Nigeria","Gabon","Central African Republic","Chad","Congo","Democratic Republic of the Congo","Uganda","Kenya","Tanzania","Burundi","Rwanda","Somalia","Djibouti","Ethiopia","Angola","Mozambique","Zambia","Zimbabwe","Malawi","South Africa","Lesotho","Botswana","Swaziland","Madagascar","Comoros","Mauritius","Seychelles","Morocco","Algeria","Tunisia","Libya","Sudan","Iran","Turkey","Iraq","Egypt","Syria","Lebanon","Jordan","Israel","Saudi Arabia","Yemen Arab Republic","Yemen People's Republic","Kuwait","Bahrain","Qatar","United Arab Emirates","Oman","Afghanistan","China","Mongolia","Taiwan","North Korea","South Korea","Japan","India","Bhutan","Pakistan","Bangladesh","Myanmar","Sri Lanka","Maldives","Nepal","Thailand","Cambodia","Laos","Vietnam","Malaysia","Singapore","Brunei","Philippines","Indonesia","Australia","Papua New Guinea","New Zealand","Vanuatu","Solomon Islands","Fiji","Samoa"
"United States of America",0,9962.5,214.996,1.1,32.5965,512.33,191.285,704.82,46.13,13.7309,16.445,0,0,0,0,9542.0012,14.236,5.2829,111.9703,87.364,21.524,189.866,28.864,0.42,3014.3003,16.848,36.43,1408.83,710.57,5039.1123,39.168,13.21,202.9,472.81,516.984,2806.4,747.6,990.7002,377.979,19.0209,1798.3999,1779.3,491.3001,143.81,0,49.011,94.8099,116.9,3.78,35.7834,4984.5998,7.84,9.39,177.11,106.83,39.612,75.4,659.14,2222.3801,257.95,1948.0999,114.95,721.55,201.444,0,0,0,0.4,12.23,5.1923,57.3005,17.0439,16.807,29.3226,439.7642,83.81,48.038,39.3699,10.138,44.662,0.9526,255.4061,2277.1558,422.88,2.61,27.32,607.2651,313.1822,113.73,34.8768,25.627,9.423,14.23,31.774,4.86,113.547,943.91,43.98,12.4053,45.206,15.139,974.5,15.8,13.4,15.5,32.231,4.85,63.011,4.7,192.07,1783.63,144.65,295.01,101.9684,688.7,491.4399,21.51,630.495,241.17,135.19,312.04,495.1,1984.5999,74.4829,9.01,346.2801,144.648,56.32,10.5,128.3805,3.25,974.5,3.7,13061.199,9,4158.7002,46281.102,708.6122,0,522.98,29.56,2.396,183.569,5.59,44.27,490.61,0.3,0.28,0.9,518.2399,424.7998,92.3,990.3401,3212.3002,2707.0698,37.315,11.5,0.4395,0.09,6.775,21.768
"Canada",9962.5,0,3.121,235.82,15.4662,5.34,83.286,90.5,25.447,2.2898,3.564,0,0,0,0,814.6,1.061,9.7975,6.1798,19.362,10.241,14.702,3.667,85.8,553.9,15.176,1.51,10.48,23.15,157.345,1.39,1.719,47.3,38.13,2.493,539,83.68,148.7,103.8729,5.2271,324.3,281,167.44,15.04,0,68.363,30.0077,63,2.92,17.4114,543.6,3.9,0.11,8.8,7.75,0.441,16.35,0.48,1257.26,68.98,359.4,145.24,111.37,0.667,0,0,0,0,0,2.6938,19.2343,0.3584,0.611,7.5771,3.3622,7.15,1.8831,0.6056,0.028,6.675,1.4344,8.353,128.0855,26.61,0.016,0,1.0584,9.6639,1.07,0.589,16.341,0.277,5.027,0.085,0,30.101,2.39,5.52,5.3917,6.983,0.215,71.1,0,0,0,0.453,0,4.998,0,129.19,144.69,29.73,46.55,9.9602,44.7,136.17,57.01,35.395,35.1,8.09,7.62,28.8,79.2,4.4081,1.91,26.6564,4.3726,5.51,20.4,5.5235,0.01,824.8,0,732.2,0.8,661.6,120.5,309.3256,0,57.8,83.98,0.3643,7.99,1.822,0.52,26.03,0,0.2,1.78,24.48,82.5,0,51.93,132.2,220.42,37.48,26.97,0.0566,0,3.595,0.766
"Bahamas",214.996,3.121,0,5.598,0.1756,0.018,9.938,8.76,0.696,0.3929,0.003,0.0143,0,0.059,0.0088,233.113,0.008,0.349,0.102,0.008,0,0.053,20.362,40.529,21.175,0.035,0.02,14.759,21.236,8.794,0.037,0.017,0.052,6.055,0.013,20.43,0.418,18.075,4.1321,0.2079,21.365,1.521,9.04,0.718,0,0,0,0.788,0.256,0.008,8.975,0.06,0,0.161,1.281,0.002,0.493,0,0.019,0.001,12.366,0.067,2.022,0.013,0,0,9,0,9,9,9.86,0,0,0,18.985,0,0,14.097,0,3.991,0,9,1081.1816,148.06,0,0,0,0,0,7.156,0,0,0,0,0,9,171.048,0,0.0245,0.007,0.001,0.322,0,0,0,9,0,0,9,0,0.005,0.01,12.3523,0,0,8.672,18.49,0.087,0,0,0,0.153,51.69,9,0,0,0,17.6309,105.4256,9,0,0.871,0,1.529,0.082,0.686,18.515,0.0624,0,0.891,0,0,0.001,0,0,0.239,0,0,0.003,0.034,0.094,0,0.603,88.773,12.542,9,1.658,9,0,0,0.014
"Cuba",1.1,235.82,5.598,0,0,0,0.2667,0,0.125,0.0001,0,0,9,0,0,74.37,0,0,0,0,40.9738,0.03,1.0561,1.272,449.9,1.1267,0,0,0.058,0,0,0,0,311.432,0,74.09,0.77,29.92,26.3729,1.3272,75.71,25.23,196.365,3.588,0,44.6259,1.9661,15.84,61.174,8.9848,31.2,0.04,0,75.107,0.33,0.604,0,45.705,0,12.018,26.59,0.095,7.983,0.0044,0,0,0.3573,0,9,0,0.549,9,0.274,0,0,9,9,0,9.0018,0,0.0055,0,0.0006,0.0153,0,0,0.2258,9,0,0,0,0,9,0,0,0.917,9,9,0,0,0,0,0,0,0,9,9,0,0,0,0,1.881,26.3169,0,0,1.333,0,15.589,19.39,0,0.11,0,1.6,0.5517,0,0.2228,0,0,0,9,0,20.98,0,0,0,0,240.31,15.3492,0,0,9,9,0.9179,0,0,14.256,9,0,0.9,4.059,0.903,9,0,0,3.745,9,20.813,0,0,0,0
"Haiti",32.5965,15.4662,0.1756,0,0,0.46,1.2511,5.1804,0.0703,0.0007,9,0,0,0.0198,9,1.3034,0,0.1032,0,0.2667,0,0.1088,0.5967,1.6148,9.981,0,0.0979,0.0011,0.1389,7.0164,0,0,0.0104,5.9038,0,3.9702,0.326,9.5574,7.9595,0.4005,5.0226,2.4489,1.0561,0.055,0,0.0016,0.0648,0.4769,0.0253,0.7357,5.4898,0,0,0,0.0493,0.0077,9,0.0746,0,0.4843,0.4905,2.0282,0.234,0.0055,0,0,0,0,0,9.1589,0,9,0,9,0,9,0,0,0,0,0,0,0,0,9,0,0.0009,0,0,9,0,9,9,0,9,9,0,9,0.2006,9,0,0,0,0,0,0,9,0,0,0,0,0,0,0,0,0.0774,0,0.0022,0,0,0,0.6271,9.1,9,0,9,0,0,0,0,0,1.5311,0,11.22,0,5.4258,34.8999,0.0262,0,0,0,0,0,0,0,0.0994,0,0,0,0,0.0604,0,0,0.2101,0.29,0,1.3052,0,0,0,0
"Dominican Republic",512.33,5.34,0.018,0,0.46,0,0.65,4.86,0.254,0.3083,0.928,0.22,0.33,0.1,0.22,111.99,0.928,5.568,0.2884,1.524,0,2.342,14.507,15.62,361.1,0.216,1.68,0.007,0.696,24.633,0,0.15,5.78,18.09,0.009,5.67,0.27,11.3,12.1296,0.6104,2.38,2.58,0.28,0.56,0,0.27,0.02,0.46,0.03,0.12,10.479,0.47,9,0.07,0.39,0.046,0,0,24.071,8.03,2.92,6.01,0.23,0.008,0,9,0,0,0,0,9,9,0,0,9,0,0,0.01,9,0,9,0,0,0,0,0,9,9,0,0,9,0,0,0,9,9,9,0,0,0,9,3.03,0,0.11,0,0,0,0,0,1.36,0,0,0,9,0,0.06,0.05,0,9,0,0,1.03,0.22,0,9,9,0,9,0,0,0.03,0.13,9,16.81,0.008,9.46,70.15,3.8703,0,0.02,0,0.3,0,0,0,0.03,0,9,0,0.01,0.41,0,1.77,0.11,0.03,0,10.14,0,0,0,0
"Jamaica",191.285,83.286,9.938,0.2667,1.2511,0.65,0,14.02,14.956,2.9312,1.26,1.3034,0.4751,2.491,0.9197,50.064,1.576,1.507,0.1709,1.401,0,0.066,6.946,5.039,139.013,3.682,1.481,8.856,0.019,3.378,0.014,0.011,0.068,0.341,0.186,59.6,0.615,0.006,3.2561,0.1639,9.412,3.683,2.751,0.233,0,0.116,1.4,3.746,0.116,0.2966,7.582,0.058,0,3.382,0.422,0.039,0,0.008,27.5351,0.147,1.997,5.695,0.906,0.033,0,0,9,0,0,0,0,0,0,9,0,0,0,0,0,26.479,0,0.95,0.0085,0,0,0,0,0.012,0,0.164,0.009,0,9.015,0.002,0,0,0,0,0,0.01,0,0,0,0.019,0,0,0,0.001,0.055,0.008,0,0.01,0,0,0.001,0,0.015,12.587,0,0.0176,0,1.183,0.002,0,0,0,0.003,0,0.005,0.0146,0,1.172,0,3.829,0.101,3.453,72.887,0.467,0,0.064,0.036,0,0.373,9,9,0.858,0,0,0,0.2,0.432,0,0.025,0.413,0.391,0.012,0.473,0,0,0.006,0
"Trinidad and Tobago",704.82,90.5,8.76,0,5.1804,4.86,14.02,0,41.989,4.2053,4.794,0,0,0,0,2.48,4.866,0.6895,23.2606,0.47,0.03,0.109,5.549,3.18,6.5,55.241,52.6,17.53,0.02,32.374,0,0,0.77,70.31,0.424,47.08,7.84,3.97,1.39,0.07,15.81,4.83,4.39,0.29,0,0.12,0.23,1.39,0.09,1.04,40.6,0.11,0,2.47,1.93,0.003,0,0.07,0.18,2.32,8.84,13.78,4.06,0.001,0,0,0,0,0,9,3.507,0,0,0,0.13,0,0,6.29,0.05,0.01,0,0.3383,0.0312,0,0,0,0,0,0,0.02,0.049,9,0.01,0.005,0,0,0,0,0.02,0,0,0.03,0,0,0,0,0,0,0,2.94,0,2.22,0,0,0,9.23,0.03,0.03,0.01,0,0,1.04,0,0,0,0.02,0,9,0.0834,0,0,2.04,0,30.85,9.26,11.02,147.99,7.5161,0,0.05,0.05,0,0.12,0,0,2.02,0,9,0,0.51,2.49,0,0.82,0.04,18.95,0.01,14.23,0,0,0.019,0
"Barbados",46.13,25.447,0.696,0.125,0.0703,0.254,14.956,41.989,0,0.1292,2.702,0,0,0,0,0.308,0.01,0.646,2.997,1.905,0,0.217,0.11,0.562,27.627,1.629,0.361,0.073,0.094,6.927,0.02,0.01,0.916,2.159,0.225,36.718,3.183,8.113,1.7614,0.0886,3.861,3.142,2.356,0.347,0,0.025,0.108,1.01,0.022,0.198,3.95,0.031,0,0.05,0.047,0.067,0.011,0.08,0.0185,2.442,1.037,2.571,1.162,0.028,0,0,0.0011,0,0,0.004,2.875,0,0,0,0,0,0,0,0,0,0,0,0,9,0,0,0,0,0,0.04,0.001,9,0,0,0,0,0,0,0.001,0.01,0.002,0,0,0,0,0,0,0.001,0,0.001,0,0.2,0,0,0,0.013,0,0.01,0,0,9,0.14,0,0,0.001,0,0,0,0,0,0,0.785,0,6.565,9.005,3.096,27.149,0.659,0,0.037,0,0.096,0.318,9,0,0.928,0,0,0,0.239,0.54,0,1.611,3.859,2.435,0,7.141,0,0,0,9
"Dominica",13.7309,2.2898,0.3929,0.0001,0.0007,0.3083,2.9312,4.2053,0.1292,0,0.3274,2.3676,0.8917,0.2754,0.1808,0.0076,0.009,0,0,0,0,0.0663,0.0105,0.0109,0.0559,1.1853,0.2463,0,0,0.3247,9,9,0,0.0955,0.072,14.4907,0.0074,1.8026,0.1904,0.0096,0.4074,0.5864,0.0224,0.0249,0,0.0099,0,0.0125,0.0048,0.0262,0.0295,0,0,0.0003,0.0078,0.0011,0,0,0.0011,0.009,0.0642,0.1169,0.2087,0,0,0,0,0,0,0,0,0,0,0,0,0,0,0,0,0.0065,0,0,0,0,0,0,0,0,0,0.0017,0.0269,0,0,0.0007,0,0,0,0.01,0,0.0431,0,0,0,0,0,0,0,0,9,0,0,0,0,0,0,0,0,0,0,0,0,0.0041,0,9,0.0008,0,0,0,0,0,0,0.4654,0,0.2945,0.0073,0.0478,1.6666,0.0148,0,0.0005,0.0005,0,0.0024,0,0,0.0003,0,0,0,0.0034,0.0885,0,0,0,0.0118,0,0.068,0,0,0,0
"Grenada",16.445,3.564,0.003,0,9,0.928,1.26,4.794,2.702,0.3274,0,0.7713,0.2268,0.121,0.0891,0,0.003,9.189,0,0,9,0.002,0,0.41,0,0.401,0.85,9,0,0.23,0,9,9,0.02,9,3.542,0.272,0.346,0.0476,0.0024,0.552,0,0.175,0.122,0,0.09,0,0,9,0,0.555,0,0,0,0.011,0.002,9,0,0,0.09,0,0,0.706,9,0,0,0,0,0,0,9,0,0,0,0,0,0,0,0,0,0,0,0,0,9,0,0,0,9,9,9,0,0,0,0,0,9,9,0,0,9,0,0,0,0,9,0,0,0,9,0,0,9,9,9,9,9,0,0,9,9,0,9,9,9,0,0,0,0,9,9,0,0,0,9,0.3,5.483,0,0,9,9,0,0,0,0,0.03,0,0,9,9,0,0,9,9,0.045,0,0.669,0,0,0,0
"St. Lucia",0,0,0.0143,0,0,0.22,1.3034,0,0,2.3676,0.7713,0,0,0,0,0,0.0308,9.9251,0.3484,0,0,9.3553,0,0.594,0,0.2998,0.396,0,0,9.297,0,9,0,0.22,0,40.7,0.198,1.43,0.1047,0.0053,2.53,0,0.041,0,0,0,0,0,0,0,0.23,0,0,9,0,0,0,0,0,0,0,0,0.529,0,0,0,0,0,0,0,0,0,0,0,0,0,0,0,0,0,0,0,0,0,0,0,0,0,0,0,0,0,0,0,0,0,0,0,0,9.001,0,0,0,0,0,0,0,0,0,0,0,0,0,0,0,9,0,0,0,0,0,0,0,0,0,0,0,0,0,0,0,0,0,0.55,0,0,6.93,0,0,0,0,0,0,0,0,0,0,0,0,0,0,0,0,0,0.023,0,0.154,0,0,0,0
"St. Vincent and the Grenadines",0,0,0,9,0,0.33,0.4751,0,0,0.8917,0.2268,0,0,0,0,9,0,9,0.5629,0,0,0,0,0.484,0,0.1402,0.187,0,9,9.231,0,0,9,0.176,9,19.74,0.077,1.76,0.2095,0.0105,5.72,0.11,0.046,0,0,9,0,0,9,9,0,0,0,9,0,9,9,9,9,0,0,0,0.385,0,0,0,0,0,0,0,0,0,0,0,0,0,0,9,0,0,0,0,0,0,0,0,0,0,0,9,9,0,0,9,0,9,9,9,0,0,0,9,0,0,0,0,0,0,0,9,0,0,0,9,9,0,0,0,9,0,0,9,9,9,9,0,9,0,0,0,9,9,0,0.66,9,0.11,2.53,0,0,9,0,0,0,0,0,9,0,0,0,9,0,0,9,0,0.011,9,0,0,9,0,0
"Antigua & Barbuda",0,0,0.059,0,0.0198,0.1,2.491,0,0,0.2754,0.121,0,0,0,0,0,0,9,0.6216,0,0,0.007,0,0.01,0,0.768,0.24,0,0,9.47,0,9,0,0.09,9.002,34.2,0.09,1.3,0.0952,0.0048,1.5,0.1,0.03,0,0,0,0,0,0,0,0.8,0,0,0,0,0,0,0,0,0,0,0,0.77,0,0,0,0,0,0,0,0,0,0,0,0,0,0,0,0,0,0,0,0.0016,0,0,0,0,0,0,0,0,0,0,0,0,0,0,0,0,0.022,0,0,0,0,0,0,0,0,0,0,0,0,0,0,0,9,0,0,0,0,0,0,9,0,0,0,0,0,0,0,0,4.4,0,0,0,0.5,0,0,0,0,0,0,0.078,0,0,0,0,0,0,0,0,0,0,0,0.02,0,0.24,0,0,0,0
"St. Kitts and Nevis",0,0,0.0088,0,9,0.22,0.9197,0,0,0.1808,0.0891,0,0,0,0,0,0.006,0,0,0,0,9.0539,0,9,0,0.2135,0,0,0,16.491,0,9,0,0.275,0,2.82,0,0,9,9,0,0,0,0,0,0,0,0,0,0,0,0,0,0,0,0,0,0,0,0,0,0,0,0,0,0,0,0,0,0,0,0,0,0,0,0,0,0,0,0,0,0,0,0,0,0,0,0,0,0,0,0,0,0,0,0,0,0,0,0,0,0,0,0,0,0,0,0,0,0,0,0,0,0,0,0,0,9,0,0,0,0,0,0,0,0,0,0,0,0,0,0,0,9.66,0,9,4.4,0,0,0,9,0,0.0011,0,0,0,0,0,0,0,0,0,0,0,0,0,0,0,0,0,0
"Mexico",9542.0012,814.6,233.113,74.37,1.3034,111.99,50.064,2.48,0.308,0.0076,0,0,9,0,0,0,6.782,106.6726,31.6657,89.145,144.034,22.784,88.545,142.37,45.7,1.421,1.49,26.2,7.14,231.302,2.408,0.4358,42.5,235.86,8.91,15.2,42.27,620.4,23.707,1.193,282,145.2,1490.55,104.63,0,2.445,2.1364,62.5,3.88,15.4186,118.3,0.04,0,4.79,0.39,0.063,0,0.81,0.96,11.36,124.5,6.6,5.89,0.035,0,0,9,0,0,0.0669,0.027,0,0,0,0.6,9,0,14.1843,0,0,0,0.2448,1.9229,0,0.036,9,8.482,0.7,0,0.1,0,0.019,9.014,0,9,0.041,0,0.5,0.0092,0.351,9,0,0,0,0,9,9,0.003,0,14.89,17.22,3.53,0.11,0,0.7,5.34,0.01,0.257,9,0.22,0.05,6.1,2.6,0.0447,0,1.8088,0,8.2299,0,9.8234,0,6.6,0,0,9,127.3,1088.2,13.5875,0,1.47,0.1,0,9.747,9,9,18.49,9,0,0,1.29,15.6,0,3.09,4.3,34.38,0.022,29,0,0,0.132,9
"Belize",14.236,1.061,0.008,0,0,0.928,1.576,4.866,0.01,0.009,0.003,0.0308,0,0,0.006,6.782,0,4.1895,1.065,0.593,0,0.615,0.666,0.064,0.558,0.004,0,0.015,0.027,0.347,0,0,0,0.016,0,9.168,0.398,7.33,0.1714,0.0086,0.425,0.32,0.397,0.944,0,0.066,0.011,0.042,0.025,0.089,0.224,0,0,0.002,0.198,0.001,9,0.003,0.012,0,0.111,0.585,2.691,0,0,0,0,0,9,9,9,9,0,0,0,9,0,0,0,9,9,0.0022,0,0,9,0,0.0007,0,0,0,0,0,0,0,9,0,0,0,0,0,0.002,0,0,0,0,9,0,0.049,9,0,0,0.05,0,9,0,0,9,0,0,0,0,0,0,9,0,0,0,0,0,0,0.126,0.8,0,4.416,0,0.37,4.811,0.266,0,0,0.001,9,0.007,0,9,0,9,0,0,0.045,0.183,9,0.007,0,0.638,9,0.12,0,0,0,0
"Guatemala",5.2829,9.7975,0.349,0,0.1032,5.568,1.507,0.6895,0.646,0,9.189,9.9251,9,9,0,106.6726,4.1895,0,59.3944,101.9286,18.5642,15.2786,6.2385,3.7368,77.6262,0.003,0.45,1.4927,0.1305,18.4708,0.0004,0.0096,1.9702,4.3559,0.0126,15.3756,3.5767,0.4245,1.9232,0.0968,10.979,3.0742,15.449,6.0574,0,1.001,8.993,6.1643,20.955,10.1801,66.1161,0.429,9,0.02,0.1623,1.694,1.0705,4.078,0.7213,14.3445,2.7837,2.7476,0.2036,0.739,0,0,0,0,0,0,9,0,9,0,0,0,0,0,0,0,9,0,0.0206,9.041,0,0,9,0,9,0.002,0,9,0,0,0,0,0,9,0.006,0,0,0.2101,9,0,0,0,0,0,0,0.68,0,1.757,0,0,0.0255,0.1135,9,0.735,0.861,1.1,0.323,4.6945,65.7424,0,9,11.0323,1.4019,9.158,0,10.7424,9,0.1768,9,11.1778,0,4.443,28.0348,0.2257,0,0.0613,0.698,9,5.2807,0,0,1.8075,0,0,0,0.6825,0.6825,0,0.0322,0.0164,2.3001,9,1.2466,0,0,0.019,0
"Honduras",111.9703,6.1798,0.102,0,0,0.2884,0.1709,23.2606,2.997,0,0,0.3484,0.5629,0.6216,0,31.6657,1.065,59.3944,0,1.6651,3.155,29.8653,38.7986,4.625,90.3558,0.007,1.9216,0.8751,0.6303,10.8804,0,0,0.0975,1.3517,0.011,2.2485,2.2722,2.1627,10.5111,0.5289,14.0794,7.1487,15.8073,0.3648,0,0.3856,5.0891,7.2508,2.1365,4.844,45.6829,0,2.1644,0.0294,0.23,0,0,0.3932,0.3152,4.1257,8.7025,2.6746,0.9571,1.242,0,0,0,0,0,9.1323,0,0,0,0,9,0,0,0,9,0,0,0,0,0,9,0,0,0,9,0,9,9,0,0.153,0,9,0,0,0.0029,0,0,0.6303,0,0,0,0,0,0.03,0,0,0,0.42,0,0,0,0.12,0,0,0.6275,1.5652,5.9645,0.3347,1.8,9,0,0,0,9,1.8152,9.1314,0,1.7741,9,0,0,4.2568,9.9515,0.1863,0,0.02,0,0,0.143,0,0,0.02,0,0,9,0.0899,0,9,0.02,0,0.1335,9.004,0.21,0,0,9,0
"El Salvador",87.364,19.362,0.008,0,0.2667,1.524,1.401,0.47,1.905,0,0,0,0,0,0,89.145,0.593,101.9286,1.6651,0,6.677,24.04,24.903,6.241,72.683,0,0.25,0.04,2.817,5.658,0.002,0.0814,0.249,1.97,0.018,9.149,0.041,14.64,1.8375,0.0925,10.645,4.209,3.115,0.872,0,0.007,0.023,13.926,0.008,0.34,0.476,0,0,0,0,0,0,0,0,3.054,1.583,1.874,0.871,0.042,0,0,0,0,0,0,0.001,0,0,0,9,0,0,0,0,0,0,0,0,0,0,0,0,0,0,0,0,0,9,0,0,0,0,0,0,0.007,0,0.18,0,0,0,0,0,0,0,0.036,0,0.15,0,0,0,0.01,0,0.016,0,0,0,0.5,0,9,0,0,0,0,0,9,0,0.4,0,7.657,0,6.1,10.119,0.016,0,0.01,14.71,0,0.186,0,0,0,0,0,9,0,3.03,0,0.17,0,0.083,0,3.1,0,0,0,0
"Nicaragua",21.524,10.241,0,40.9738,0,0,0,0.03,0,0,9,0,0,0,0,144.034,0,18.5642,3.155,6.677,0,6.221,17.758,7.853,6.282,0,0,0.41,5.834,13.183,0,0,0.014,32.12,0,8.886,4.595,5.147,0.4094,0.0206,19.104,13.797,15.489,0.41,0,24.149,4.119,0.125,0.634,19.1697,2.669,0.038,9,5.356,0.37,0,29.2585,7.686,291.9165,0.061,11.922,2.406,0.316,0,0,0,0,0,0,9,0,9,0,0,0,0,0,0,0,0,0,0,0,0,0,0,9.0004,0,0,0,0,9,0,0,0,0,0,0,0,0,0,0,0,0,0,0,0,0,0,0,7.441,0,5.268,0,0,0,0,0.004,0,0.29,0,0.002,0,9,0,0,0,0,0,0,0,0.352,0,0,7.8,2.3,29.181,1.9238,0,0.07,9,0,2.53,0,0,3.528,0,0,9,0.064,0,0,0,0.6,0.091,0,0,0,0,0,9
"Costa Rica",189.866,14.702,0.053,0.03,0.1088,2.342,0.066,0.109,0.217,0.0663,0.002,9.3553,0,0.007,9.0539,22.784,0.615,15.2786,29.8653,24.04,6.221,0,14.132,6.333,118.179,0,0.3,8.926,13.846,23.813,0.001,0.2921,3.559,4.517,0.056,8.994,3.413,10.814,1.39,0.07,0.253,17.897,15.404,0.366,0,31.718,10.8078,13.378,8.326,29.6488,15.829,0.04,0.003,0.29,0.039,0,0.3537,0.141,0.592,27.586,20.596,9.622,4.001,0.978,0,9,0,9,0,0,0.012,0,0,0,0,0,9,0,0,0,0,0,0.02,0,0,0,0,0,9,0,0.115,9,0,0,9,0,0,0.2233,0,0.471,9,0.388,9.558,0.045,0,0.004,0,0,0,0.025,0,0.853,0,0.0125,0.245,0.222,0,0.001,0.536,0.4199,1.756,1.546,1.027,9.0403,0,1.6193,0.097,0.135,9,9.5625,9.176,0.868,9,19.106,0.076,6.924,98.333,0.0299,0,0.042,9,0,0.017,9,0,1.054,9,0,9.002,0.105,0.868,0,0.326,0.001,2.038,0,0.352,9,0,9,9
"Panama",28.864,3.667,20.362,1.0561,0.5967,14.507,6.946,5.549,0.11,0.0105,0,0,0,0,0,88.545,0.666,6.2385,38.7986,24.903,17.758,14.132,0,59.233,28.339,0.002,2.043,74.843,3.924,6.934,9.554,3.5402,2.286,13.45,1.606,3.395,4.241,57.974,15.8999,0.8001,9.669,53.592,8.891,0.593,0,27.521,1.799,11.242,0.423,1.2691,41.108,0.017,9,0.138,4.106,0,0,0.084,0.338,6.854,8.867,9.209,1.258,0.532,0,0,9,9,0,0,0,0,0,0,0.59,0,0,9.2662,0,0,0,0.0156,2.8394,0,0,0,0.0151,0.1668,0,0,9,0,9,9,0,0,0,9,0.0116,0.001,0,0.183,0,0,0,9,0,0.031,0,0,0,1.47,0,0,0,0.037,0,0,0.004,0,0.065,2.425,2.7,0,0,0.0665,0,9,3.52,9,0,1.116,0,24.257,0,513.077,39.244,0.367,0,0.009,0,0,0.045,0,0,3.53,0.002,9,9,4.087,10.999,0,0.213,42.64,1.593,0,6.265,9,0,0,9
"Colombia",0.42,85.8,40.529,1.272,1.6148,15.62,5.039,3.18,0.562,0.0109,0.41,0.594,0.484,0.01,9,142.37,0.064,3.7368,4.625,6.241,7.853,6.333,59.233,0,116.38,0.64,5.43,29.81,81.82,123.326,3.475,1.7024,30.77,82.99,9.34,43.93,2.16,71.2,35.2082,1.7718,40.42,14.34,34.86,6.78,0,5.047,4.1511,17.54,22.79,20.235,47.09,0.09,0,5.07,3.36,0,2.658,3.07,19.209,53.3,66.63,35.21,26.87,0.272,0,0,9,0,0,0.1774,0.007,0.13,9,0,0,0.011,0,0.08,0,0.03,0,0.07,0.03,0,0,0,0.0539,0.01,0,0,0,0.041,9.003,0,0,0.01,0,0,0,0.025,9,2.06,9,9,0,0.02,9,0,9,6.14,32.36,0.52,0.495,0.0211,0,0.07,0.02,0.014,0,0.275,0,7.12,0.3,0.6895,0,1.0374,0.19,0.05,0.12,0,9,0.91,9,2.41,0.11,9.82,276.5,9.5167,0,0.16,0.02,0,0.01,9,0.011,6.67,0,9,0,0.3,15.52,0.01,0.08,0.2,2.36,0.1,1.23,9,0,9,0
"Venezuela",3014.3003,553.9,21.175,449.9,9.981,361.1,139.013,6.5,27.627,0.0559,0,0,0,0,0,45.7,0.558,77.6262,90.3558,72.683,6.282,118.179,28.339,116.38,0,4.898,27.26,1.1,23.1,35.068,0.001,7.6065,230.3,90.84,2.693,44.4,7.27,77.1,8.7592,0.4408,48.2,75.7,49.81,13.99,0,2.519,1.7893,30.9,1.1,7.7,305.7,0,9,0.8,4.69,0.039,0,15.22,2.2,29.52,128.3,48.46,28.4,0.058,0,0,0,0,0,0.0024,0.025,0,0,0.0812,6.31,0,9,0,1.7736,0,0,0.0601,0.0733,0,0,9,4.2214,0,0,0,0,0,0,0.079,0,0,0,0,0,2.761,0,33,0,0,0,0,0,0,0,2.2,8.54,2.21,0,0,0,3.63,0,0.001,0,0,3.3,13.3,0.3,11.6781,9,0,0,0,0,0,0,111.7,0,66.4,0,19.5,86.4,14.3179,0,0.07,0,0,0.186,0,0,17.96,0,0,0,1.48,4.24,0,0.91,6.6,4.75,0.002,27.79,0,0,0,9
"Guyana",16.848,15.176,0.035,1.1267,0,0.216,3.682,55.241,1.629,1.1853,0.401,0.2998,0.1402,0.768,0.2135,1.421,0.004,0.003,0.007,0,0,0,0.002,0.64,4.898,0,0.262,0.096,0.23,1.603,0,0,0.315,0.301,0,46.195,0.028,4.036,0.9235,0.0465,12.349,0.059,3.766,0.703,0,4.576,0,0.578,0.001,0,6.515,0,0,0.205,0.02,0.282,0.812,0.191,4.1964,0.001,1.499,0.075,0.147,0,0,0,0,0,0,9,0,0,0,0,0,0,9,0,0,0,9,0,0.117,0,0.091,0,0,0,0,0,0,9,0,0,0,0,0,0,0,0,0,0,0,0,0,0,0,0,9,0.451,0,0,0,0.001,0,0.045,0,0,0,0,0.027,0.007,0.002,0,0,0,0,0,0,0,9,2.212,0,0.219,0.6122,0.379,5.122,0.818,0,0.004,0.01,0,0.003,0,0,0.02,0,0,0,0.012,0.013,0,0.002,0,0.22,0.031,0.049,0,0,0,0
"Suriname",36.43,1.51,0.02,0,0.0979,1.68,1.481,52.6,0.361,0.2463,0.85,0.396,0.187,0.24,0,1.49,0,0.45,1.9216,0.25,0,0.3,2.043,5.43,27.26,0.262,0,0,0,7.544,9,9,0.02,0.07,0,12.15,0.02,26.95,5.0842,0.2558,8.89,0.78,0.41,0.03,0,0.14,0.02,0.2,0,0.07,2.03,0.02,0,0.01,0.18,0.002,0,0,0,0.08,10.78,51.48,0.89,0,0,0,0,0,0,0,0,0,0,0,0,0,9,9,0,0,0,0,0,0,0,0,9,0,0,0,0,0,0,0,0,0,9,0,0,0.003,0,0,0,0,0,9,0,0,0,2.96,0,0,0,0,5.6,0.38,9,0,0,0,0,0,0,0,0,0,0,0,0,0,0,1.22,9,2.72,0,1.16,1.69,0.06,0,0.16,0,0,0.27,0,0,0.04,0,0,0,0.06,0.52,9,0.09,0,0.1,0,0,0,0,0,0
"Ecuador",1408.83,10.48,14.759,0,0.0011,0.007,8.856,17.53,0.073,0,9,0,0,0,0,26.2,0.015,1.4927,0.8751,0.04,0.41,8.926,74.843,29.81,1.1,0.096,0,0,66.89,114.419,0,0.3022,18.06,25.82,0.617,25.35,4.81,4.45,4.2273,0.2127,4.98,30.7,42.93,1.41,0,5.701,1.9226,6.84,18.82,0.3257,10.95,0.01,9,8.34,0.55,1.006,0.22,3.17,2.33,3.62,11.27,7.44,4.03,0,0,0,0,0,9,9,0.001,9,0,0,0,0,0,0,0,0,0,0,0,0,9,0,0,9,9,0,9,0,9,9,0,0,0,0,0,0.028,9,17.88,0,0,0,9,0,0,0,1.79,0,0.48,1.043,0,0,0.07,0,0,0,0,0,21.1,0.9,0,0,0.0233,0,9,0,0,0,4.38,0,93.91,9,601.1,196.61,0,0,0.02,9,0,0.003,0,9,0.1,0,0,9,0.46,8.42,0,0.06,0.7,4.38,0.001,5.52,0,0,0,9
"Peru",710.57,23.15,21.236,0.058,0.1389,0.696,0.019,0.02,0.094,0,0,0,9,0,0,7.14,0.027,0.1305,0.6303,2.817,5.834,13.846,3.924,81.82,23.1,0.23,0,66.89,0,27.823,14.389,2.3518,10.63,122.58,0.418,98.62,5.25,6.38,106.5863,5.3637,58.23,13.62,22.61,13.12,0,12.304,9.84,0.73,10.26,7.4265,79.28,1.03,1.21,38.98,2.99,0.01,16.754,11.9,150.852,4.47,12.48,0.11,2.82,0.004,0,0,0,0,0.01,0.01,0,0,0,0,0,0,0,12.31,0,0,0,0,0.01,0,3.04,0,0,0.1668,0,0,0,0,9,9,0,0,0,0,0,0.119,0,9.11,0,9,0,0,0,0,0,0.22,0.07,0.3,0.01,0,8,1.65,0,0.451,0.45,0,0,1.2,0.1,0,0,0.05,0,0,0.05,0,0,75.65,0,15.11,4.93,102.83,177.47,3.2705,0,1.25,0.4,0,0.574,0,0,0.01,0,0,0,0.18,4.95,0.02,4.59,4.39,4.21,0.085,13.25,0,0,0,0
"Brazil",5039.1123,157.345,8.794,0,7.0164,24.633,3.378,32.374,6.927,0.3247,0.23,9.297,9.231,9.47,16.491,231.302,0.347,18.4708,10.8804,5.658,13.183,23.813,6.934,123.326,35.068,1.603,7.544,114.419,27.823,0,123.507,92.3263,2.406,69.11,30.391,489.219,25.846,649.796,390.6228,19.6572,769.634,86.014,558.498,129.894,0,30.017,21.1133,166.569,116.559,72.4186,1185.966,10.16,9.902,80.075,69.416,9.895,49.225,53.891,413.105,62.215,137.81,86.931,209.647,2.961,0,0,0.165,9.04,0.297,0.7628,40.1538,9.3798,0.052,6.3426,10.6707,35.486,10.5626,4.9808,0.5964,6.23,1.0929,4.6947,1141.1113,21.846,0.283,9.11,15.5664,0.779,0.33,2.2574,3.056,0.073,0.116,2.243,0,0.397,31.636,4.675,0.9328,5.924,0.34,29.269,0,9,9.07,1.62,0,1.642,0.038,52.412,56.004,18.972,213.7486,1.9441,120.42,83.848,1471.3269,68.326,25.55,13.145,13.617,5.812,841.115,5.2351,0,33.2233,6.7602,115.1786,273.3531,14.4658,0.011,420.342,9,70.426,0,208.832,1190.089,319.9583,0,14.39,8.467,0.0038,9.523,0,0,26.013,0,9,0.26,9.977,25.375,0.48,50.745,68.93,112.91,2.527,30.307,9,9,0.265,9
"Bolivia",39.168,1.39,0.037,0,0,0,0.014,0,0.02,9,0,0,0,0,0,2.408,0,0.0004,0,0.002,0,0.001,9.554,3.475,0.001,0,9,0,14.389,123.507,0,1.7747,19.295,265.492,1.571,11.989,0.41,9.492,6.5218,0.3282,11.681,3.853,2.76,0.16,0,0.107,0.587,3.1,0,6.286,4.888,0,0,1.3,1.02,0,9,0,1.99,0.53,5.688,0.13,1.729,0.001,0,0,0,0,0,0,9,0,0,0,0,9,0,1.0407,9,0,9,0,0,0,9,0,0,0,0,9,9,0,0,0,0,9,9,0,0,9,0,0.001,9,9,0,9,0,0,0,0,0,0,0,0,0,1.07,0,0.001,0,0.0011,0,2.015,0,0,0,0.0033,0,9,0,9,9,1,0,1.655,0,3.049,56.808,0,0,0,0,0,0.021,0,0,0.03,0,9,0,0.04,0,9,0,0,0.27,9,0.01,0,0,0,0
"Paraguay",13.21,1.719,0.017,0,0,0.15,0.011,0,0.01,9,9,9,0,9,9,0.4358,0,0.0096,0,0.0814,0,0.2921,3.5402,1.7024,7.6065,0,9,0.3022,2.3518,92.3263,1.7747,0,22.2623,62.2458,1.8438,17.4225,0.0513,16.5546,40.559,2.041,25.8374,3.0255,33.3556,23.9492,0,0.015,0.132,2.0819,0.3572,0.6413,16.8093,0,0,0.74,2.65,0.029,0.0792,0.0583,9.0033,1.6123,1.9085,0.0953,0.4612,0,0,9,9,9,9,9.0034,0.311,9,0,9,0.123,0,9.038,0,0,0,0,0,0,0.002,0,0,0.132,0,0,9,0,0,9,9,9,0,9.367,0,0,9,0,0.9857,0,0,0,0.098,9,0,9,0,45.4597,0.57,0,0,0,0.02,0,0,0,0,0,0.4837,0,9,0,0,0,0,9,9,0.1595,1.5,9,4.5293,0,2.6299,13.6255,0.0574,0,0.0022,0.01,0,0.31,0,0,0.07,0,0,0,0.8125,1.9502,0,0.2,0.4,0.0033,0,0,0,0,9,0
"Chile",202.9,47.3,0.052,0,0.0104,5.78,0.068,0.77,0.916,0,9,0,9,0,0,42.5,0,1.9702,0.0975,0.249,0.014,3.559,2.286,30.77,230.3,0.315,0.02,18.06,10.63,2.406,19.295,22.2623,0,20.49,4.961,90.6,1.49,60.2,25.7064,1.2936,166.3,25.8,10.7,16.73,0,11.651,0,0.6,0,0,158.1,0.05,0,25.2,19.13,0.002,0,0.48,0,9.79,11.8,7.05,8.96,0.795,0,0,0,0,0,0,0.002,9,0,0,0,0,9,0.0133,9,0,9,0,50.5,27.1,0,0,0.0033,0,0,0,0,0,9,0,9,0,9,0,0,0.281,0,4.9,0,0,0,0,0,0.001,0,0,0,1.76,0,0,0,34.56,0,70.786,0,0,0,5.6,28.9,0,9,4.1429,0,0,27.9166,13.9405,0,157.5,0,15.1,0,124.5,349.6,0,0,0.14,0.03,0,3.721,0,0,6.19,0,0,0,7.08,4.28,0,1.48,19.4,0.83,0.109,3.38,0,0,0.009,0
"Argentina",472.81,38.13,6.055,311.432,5.9038,18.09,0.341,70.31,2.159,0.0955,0.02,0.22,0.176,0.09,0.275,235.86,0.016,4.3559,1.3517,1.97,32.12,4.517,13.45,82.99,90.84,0.301,0.07,25.82,122.58,69.11,265.492,62.2458,20.49,0,20.473,1.19,7.78,398.97,121.4579,6.1121,80.64,49.18,212.51,96.25,0,9.843,77.6727,16.45,8.82,60.1826,272,4.88,9,18.55,11.88,2.155,51.86,21.98,1292.09,3,7.56,30.71,95.54,0.299,0,0,0,0,0,0.2947,10.302,5.16,0.012,0,6.53,9.581,0,0.0008,0,0,5.36,1.0907,45.3681,3.443,0.018,0,0.0602,0.3336,0.033,0.11,2.374,0,0,0,9,0.83,39.787,1.012,0.0013,1.867,0,62.97,0,0,9,0,0,0.005,0,23.82,50.2,18.91,0.341,0.0024,472,74.86,0.462,22.654,3.92,43.846,10.9,27.01,11.2,0,0,1.7622,0.37,4.52,3.33,0.0114,0,325.86,0.088,11.94,0.01,20.98,182.3,24.821,0,21.25,3.18,0,6.725,0,0,14.6,0,0,0,36.84,10.85,0,0.43,40.8,28.59,0.017,3.27,0.01,0,0,0
"Uruguay",516.984,2.493,0.013,0,0,0.009,0.186,0.424,0.225,0.072,9,0,9,9.002,0,8.91,0,0.0126,0.011,0.018,0,0.056,1.606,9.34,2.693,0,0,0.617,0.418,30.391,1.571,1.8438,4.961,20.473,0,20.326,0.773,14.863,2.9324,0.1476,10.135,3.093,4.195,6.52,0,3.519,1.4245,4.247,6.585,19.832,14.867,1.293,0,0.51,4.85,0.067,0.3861,0.024,5.1221,4.13,2.244,0.448,0.861,0.079,0,0,0,0,0,9,0.527,9,9,0,0.404,0,9,0,0,0.755,1.056,1.0039,69.376,0.1925,0,0,0.0427,0.33,0,0,0.01,9,0,9,0,9.05,0,0,0,0.16,9,2.87,0,0,0,0,0,0.032,9,0.389,0.229,0.265,0,0,39.439,0.155,0,2.052,9,0.0143,0.05,15.897,4.6,9,0,1.5594,0,9,0.58,9,0,36.179,9,12.441,11.6846,4.92,10.438,0.8905,0,0.016,1.305,9,0.46,0,9,0.025,0,0,0,0.821,1.26,0,0.257,0.071,1.837,9,0.135,0,0,9,0
"United Kingdom",2806.4,539,20.43,74.09,3.9702,5.67,59.6,47.08,36.718,14.4907,3.542,40.7,19.74,34.2,2.82,15.2,9.168,15.3756,2.2485,9.149,8.886,8.994,3.395,43.93,44.4,46.195,12.15,25.35,98.62,489.219,11.989,17.4225,90.6,1.19,20.326,0,633.3101,1959,165.378,8.3223,236.1992,846,422.49,330.21,0,65.616,10.568,339,45.16,102.2408,1068.2998,72.59,7.07,72.51,25.38,47.76,132.92,43.61,180.6,771.24,801.3001,3936.5998,516.93,80.889,0,1.22,1.54,5.0679,13.66,4.6054,6.8348,30.704,5.823,6.6214,112.4996,3.15,5.6996,10.7234,0.491,92.358,12.4364,43.5236,409.8668,15.44,0.638,1.14,16.4717,2.3077,6.99,45.6558,75.932,0.874,2.6,7.129,28.3,68.135,119.98,6.76,72.7987,5.347,65.48,37.7,3.8,19.1,48.5,9.961,0.46,115.227,12.5,7.06,22.72,0.17,57.53,69.4192,597,202.62,571.92,51.42,11.55,64.16,52.16,238.9,832.3,104.8795,40.63,271.1345,167.6926,142.89,596.2,426.8057,46.71,357.7,3.69,537.8,0.84,113.9,3499.2999,373.4511,0,206.27,43.05,12.8939,3.679,1.94,0.34,63.77,0.44,0.55,0.7,7.36,203.24,24.01,121.9,97.3,855.23,50.426,129.42,1.3713,7.048,18.912,0.643
"Ireland",747.6,83.68,0.418,0.77,0.326,0.27,0.615,7.84,3.183,0.0074,0.272,0.198,0.077,0.09,0,42.27,0.398,3.5767,2.2722,0.041,4.595,3.413,4.241,2.16,7.27,0.028,0.02,4.81,5.25,25.846,0.41,0.0513,1.49,7.78,0.773,633.3101,0,145.96,82.7556,4.1645,281.66,45.33,42.72,22.46,0,9.967,60.738,12.29,3.82,5.8388,146.55,7.31,0,9.95,24.12,2.094,4.914,3.38,11.298,21.12,14.7,47.12,12.51,1.66,0,0,0,0,0.726,1.6669,1.5891,0.4086,0.201,0.146,9.8926,57.723,0.0223,0.4375,0.3,7.24,0.2498,2.4981,38.4197,1.459,0.087,0.066,0.3365,2.46,0.69,11.4149,0.221,0.121,2.976,0.004,0.781,5.763,0.407,0.718,1.6104,4.373,2.523,9.26,9,0.07,0.57,0.05,0.02,2.085,0.15,2.17,37.56,6.29,29.937,0.4271,22.89,4.53,35.294,54.779,10.67,6.954,3.1,3.47,66.79,2.4249,3.091,15.5875,5.21,3.17,12.57,9.5774,0.4,10.66,0,27.5,0.022,14.84,142.73,4.1493,0,1.18,0.24,0.0108,2.282,0,0.143,2.19,0,0,0.03,12.57,16.47,0.07,3.41,1.54,109.13,0.063,7.64,0.0089,0,0.242,0.02
"Netherlands",990.7002,148.7,18.075,29.92,9.5574,11.3,0.006,3.97,8.113,1.8026,0.346,1.43,1.76,1.3,0,620.4,7.33,0.4245,2.1627,14.64,5.147,10.814,57.974,71.2,77.1,4.036,26.95,4.45,6.38,649.796,9.492,16.5546,60.2,398.97,14.863,1959,145.96,0,2308.8149,116.1856,2156.8999,537.3,229.82,84.93,0,62.142,2.2034,144.9,26.39,27.2602,2655.7002,8.2,1.42,35.13,417.61,12.764,14.41,76.78,1932.5299,250.24,133.6,380.96,344.17,71.964,0,0.25,3.19,10.2,6.93,12.3587,15.9881,13.6655,4.318,6.1248,129.2742,7.39,12.6063,2.4081,6.341,11.921,6.3814,241.6235,426.5366,0.15,2.042,8.4,3.4971,18.856,8.3,12.0274,14.924,3.086,3.836,2.791,6.71,15.016,3.81,16.26,13.0523,6.774,19.762,51.2,9.8,9.1,0.6,11.061,0.09,0.225,5.4,22.58,757.52,25.57,301.91,49.4142,590.7,60.15,93.59,97.766,104.95,56.09,64.63,22.6,125.9,37.441,33.74,807.8562,56.4802,47.54,16.2,96.2402,0.93,85.3,0.89,167.1,0.36,36.6,1127.3,171.3748,0,15.92,74.04,4.8524,7.617,0,3.21,296.97,0.22,0.55,4.8,163.95,83.51,10.56,66.33,25.1,51.02,16.02,51.51,8.7116,2.601,3.8,0.072
"Belgium",377.979,103.8729,4.1321,26.3729,7.9595,12.1296,3.2561,1.39,1.7614,0.1904,0.0476,0.1047,0.2095,0.0952,9,23.707,0.1714,1.9232,10.5111,1.8375,0.4094,1.39,15.8999,35.2082,8.7592,0.9235,5.0842,4.2273,106.5863,390.6228,6.5218,40.559,25.7064,121.4579,2.9324,165.378,82.7556,2308.8149,0,0,737.2973,80.547,131.5501,58.8581,1728.7093,75.4626,34.7131,48.747,52.6219,32.7138,1315.31,8.2641,0.4475,60.2291,181.0872,13.7101,45.9002,21.8409,542.6813,42.0728,267.5366,21.1173,302.0596,13.2721,1.0473,0.4189,5.227,0.9521,2.3802,17.985,4.77,2.9039,43.977,4.5605,51.6794,17.7755,2.4278,61.9048,38.8071,3.3799,11.7869,79.6041,508.301,22.4883,32.5424,3.4275,24.9162,274.9441,3.8179,8.4831,24.64,16.4235,32.5424,5.2174,3.2466,2.4373,6.0743,5.8649,17.5565,4.2749,4.094,156.1425,1.9042,13.7604,0.9521,3.9702,0.4189,1.4091,2.3802,34.0562,332.2408,29.6575,16.9281,14.3384,66.6462,86.1355,42.844,70.407,80.5276,66.6747,50.7939,669.2229,14.2813,20.3366,8.0642,36.5221,6.5313,24.9923,93.3046,20.9364,0.5141,175.7555,9,0,1.0473,146.336,665.6051,564.0457,0,19.4892,34.8084,2.5706,12.1391,0.3142,0.8378,12.6628,0,0.9521,16.9472,2.961,62.933,1.9042,4.5415,44.4625,31,6.9693,39.6069,0.1714,0.7902,2.2945,0.0476
"Luxembourg",19.0209,5.2271,0.2079,1.3272,0.4005,0.6104,0.1639,0.07,0.0886,0.0096,0.0024,0.0053,0.0105,0.0048,9,1.193,0.0086,0.0968,0.5289,0.0925,0.0206,0.07,0.8001,1.7718,0.4408,0.0465,0.2558,0.2127,5.3637,19.6572,0.3282,2.041,1.2936,6.1121,0.1476,8.3223,4.1645,116.1856,0,0,37.1027,4.0533,6.6199,2.9619,86.9931,3.7975,1.7469,2.4531,2.6481,1.6462,66.1899,0.4159,0.0225,3.0309,9.1128,0.6899,2.3098,1.0991,27.3091,2.1172,13.4632,1.0627,15.2004,0.6679,0.0527,0.0211,0.263,0.0479,0.1198,0.9051,0.24,0.1461,2.213,0.2295,2.6006,0.8945,0.1222,3.1152,1.9529,0.1701,0.5931,4.0059,25.579,1.1317,1.6376,0.1725,1.2538,13.8359,0.1921,0.4269,1.24,0.8265,1.6376,0.2626,0.1634,0.1227,0.3057,0.2951,0.8835,0.2151,0.206,7.8575,0.0958,9.2396,0.0479,0.1998,0.0211,0.0709,0.1198,1.7138,16.7192,1.4924,0.8519,0.7215,3.3538,4.3346,2.156,3.5431,4.0524,3.3552,2.5561,33.6771,0.7187,1.0234,0.4058,1.8379,0.3287,1.2577,4.6953,1.0536,0.0259,8.8445,9,0,0.0527,7.364,33.495,28.3843,0,0.9808,1.7516,0.1294,0.6109,0.0158,0.0422,0.6372,0,0.0479,0.8528,0.149,3.167,0.0958,0.2285,2.2375,1.56,0.3507,1.9931,0.0086,0.0398,0.1155,0.0024
"France",1798.3999,324.3,21.365,75.71,5.0226,2.38,9.412,15.81,3.861,0.4074,0.552,2.53,5.72,1.5,0,282,0.425,10.979,14.0794,10.645,19.104,0.253,9.669,40.42,48.2,12.349,8.89,4.98,58.23,769.634,11.681,25.8374,166.3,80.64,10.135,236.1992,281.66,2156.8999,737.2973,37.1027,0,1167.2,1331.5901,143.81,0,31.567,89.3848,44.8,5.3,20.656,508.2,21.27,3.65,44.23,160.24,100.475,124.4,191.07,424.1399,167.32,290.7,1028.43,67.57,11.19,0,0.8,0.81,4.2,9.41,39.4822,97.0744,57.0533,35.778,89.6607,28.6653,68.14,55.8441,46.5784,0.093,7.269,50.9643,343.9549,1173.7379,184.74,35.969,46.09,155.1274,3.3258,24.77,40.8725,3.569,17.913,14.558,2.134,67.22,9.537,68.7,43.68,54.1312,12.963,2.073,259.3,0,3.1,1.4,43.636,16,35.408,8.6,200.01,262.2801,348.01,507.92,34.4034,734.2,203.78,612.85,29.834,45.85,213.01,70.43,8.9,54,54.5136,0.28,69.5735,39.7672,261.55,289.8,94.3866,9.69,218.9,0.58,188.9,4.18,3.3,1692.9001,99.0057,0,5.21,5.18,4.8683,0.99,9,3.93,43.21,1.54,1.44,1.8,38.36,360.3,6.76,75.56,108.6,84.12,5.388,52.64,4.4796,0,2.309,0.055
"Switzerland",1779.3,281,1.521,25.23,2.4489,2.58,3.683,4.83,3.142,0.5864,0,0,0.11,0.1,0,145.2,0.32,3.0742,7.1487,4.209,13.797,17.897,53.592,14.34,75.7,0.059,0.78,30.7,13.62,86.014,3.853,3.0255,25.8,49.18,3.093,846,45.33,537.3,80.547,4.0533,1167.2,0,21.18,49.5,0,197.626,361.8387,145.3,16.61,378.5547,529,8.8,2.42,122.69,77.99,3.941,114.74,48.29,196.73,50.74,26.1,116.21,63.64,16.912,0,0.2,1.32,0.2,7.59,9.4027,5.2321,1.1499,0.576,1.7473,9.7351,4.69,0.7885,1.9253,0.9,5.575,3.6881,11.3993,44.7956,7.55,1.415,0.74,0.0329,44.7728,2.39,0.0976,12.665,1.782,1.758,0.287,0.33,16.461,13.9,2.86,11.4398,0.547,2.154,126.6,0,0,1.7,1.205,0,3.586,0.4,25.96,22.17,18.53,319.79,6.3449,361.6,104.54,117.41,73.295,44.54,14.66,147.06,440.9,406.5,9.5723,2.09,77.2868,10.3846,16.76,40.9,27.9034,4.62,187.9,0.08,14.1,2.77,96.6,556,65.0483,0,77.61,32.31,1.4381,1.899,0.614,4.02,68.49,0,0,0.6,54.56,142.15,18.2,20.94,43.2,230.59,1.85,39.62,1.9528,0.7,0.944,0
"Spain",491.3001,167.44,9.04,196.365,1.0561,0.28,2.751,4.39,2.356,0.0224,0.175,0.041,0.046,0.03,0,1490.55,0.397,15.449,15.8073,3.115,15.489,15.404,8.891,34.86,49.81,3.766,0.41,42.93,22.61,558.498,2.76,33.3556,10.7,212.51,4.195,422.49,42.72,229.82,131.5501,6.6199,1331.5901,21.18,0,329.69,0,12.267,74.0511,36.31,18.87,3.9411,393.8101,29.59,4.711,43.76,69.89,30.128,0.545,43.9,101.553,1.68,55.75,6.79,32.63,22.777,0,0.743,0.098,1.9061,2.229,2.3713,28.1671,33.1948,7.998,1.0591,47.4831,58.947,0.0765,12.7149,0.642,12.91,3.5516,254.2688,731.4789,245.098,7.643,5.749,174.9684,19.1535,39.786,4.5631,1.664,0.009,0.648,0.368,1.806,0.585,250.705,4.015,1.0308,17.498,2.67,114.75,0.01,0.48,1.21,4.34,0.126,0.157,0.3,89.52,706.6,73.48,914.452,0.1143,677.95,253.14,1021.371,42.844,48.1,99.882,39.78,46.77,92.3,3.1029,6.381,64.3078,10.12,9.05,152.62,17.0235,0.258,410.75,0.19,40.93,0.212,26.62,672.42,90.5732,0,8.09,3.74,7.7676,5.71,9,0.039,7.01,0.847,0.099,1.52,55.95,13.75,0.06,26.39,16.28,29.12,20.437,2.65,0.046,0.01,0.316,0
"Portugal",143.81,15.04,0.718,3.588,0.055,0.56,0.233,0.29,0.347,0.0249,0.122,0,0,0,0,104.63,0.944,6.0574,0.3648,0.872,0.41,0.366,0.593,6.78,13.99,0.703,0.03,1.41,13.12,129.894,0.16,23.9492,16.73,96.25,6.52,330.21,22.46,84.93,58.8581,2.9619,143.81,49.5,329.69,0,0,23.522,15.0522,38.92,1.93,3.8035,122.3,2.6,0.033,1.32,8.37,6.113,3.179,6.39,18.716,48.01,127.04,56.25,80.18,32.611,0,4.156,10.263,0.02,0.056,5.6235,4.9617,16.2812,3.253,0.2,31.56,1.605,0.17,1.7852,0.81,0.06,6.9427,6.3645,264.5289,2.914,0.114,17.39,8.5201,5.5696,3.698,0.75,14.679,0.024,0.294,0.12,0.022,0.466,90.173,17.888,6.2599,25.558,2.773,32.69,9,0.01,9,4.73,0.011,0.337,0.05,0.1,146.67,12.89,8.398,2.5489,76.55,14.7,220.29,1.994,0.59,2.398,2.63,29.94,326.73,0.0802,1.804,5.8222,1.19,7.893,169.2,0.8674,0.077,7.13,0,10.15,0.169,7.07,171.57,3.7112,0,16.99,2.2,0.5376,1.605,0,0.03,27.58,0,0,0,18.54,3.14,0,0.88,12.69,17.56,1.508,1.23,0,0.4,3.525,0
"German Federal Republic",0,0,0,0,0,0,0,0,0,0,0,0,0,0,0,0,0,0,0,0,0,0,0,0,0,0,0,0,0,0,0,0,0,0,0,0,0,0,1728.7093,86.9931,0,0,0,0,0,0,0,0,0,0,0,0,0,0,0,0,0,0,0,0,0,0,0,0,0,0,0,0,0,0,0,0,0,0,0,0,0,0,0,0,0,0,0,0,0,0,0,0,0,0,0,0,0,0,0,0,0,0,0,0,0,0,0,0,0,0,0,0,0,0,0,0,0,0,0,0,0,0,0,0,0,0,0,0,0,0,0,0,0,0,0,0,0,0,0,0,0,0,0,0,0,0,0,0,0,0,0,0,0,0,0,0,0,0,0,0,0,0,0,0,0
"German Democratic Republic",49.011,68.363,0,44.6259,0.0016,0.27,0.116,0.12,0.025,0.0099,0.09,0,9,0,0,2.445,0.066,1.001,0.3856,0.007,24.149,31.718,27.521,5.047,2.519,4.576,0.14,5.701,12.304,30.017,0.107,0.015,11.651,9.843,3.519,65.616,9.967,62.142,75.4626,3.7975,31.567,197.626,12.267,23.522,0,0,49.5224,196.894,186.955,58.215,24.528,1.33,0.6033,8.066,18.966,1.181,48.5266,145.541,820.772,25.287,282.568,127.518,129.065,1.57,0,0.4879,0.022,0,0,0.8188,1.1063,0.7627,2.361,0.3524,0.017,0.8954,9,0.0572,0.081,1.71,1.56,1.9568,5.2866,0.149,0.089,0,1.4677,0,0.847,0.009,0.251,0.004,0.002,0.002,9,3.476,21.8863,7.8884,6.9336,5.749,9,0,9,9,9.06,5.072,0,0.052,9,1.12,45.435,14.554,7.3222,2.2667,30.301,10.208,130.479,0.48,52.59,13.39,3.149,0,7.8,1.2682,6.5066,6.822,0.07,0.211,8,9,6.5913,136.618,7.3862,1.738,1.9302,0,140.441,9.1634,0,1.551,7.14,0.308,0.519,0,0.1837,6.741,0.2656,1.2515,32.142,5.093,3.839,0,0.887,8.808,11.579,0.083,0.305,9,0,0.107,9
"Poland",94.8099,30.0077,0,1.9661,0.0648,0.02,1.4,0.23,0.108,0,0,0,0,0,0,2.1364,0.011,8.993,5.0891,0.023,4.119,10.8078,1.799,4.1511,1.7893,0,0.02,1.9226,9.84,21.1133,0.587,0.132,0,77.6727,1.4245,10.568,60.738,2.2034,34.7131,1.7469,89.3848,361.8387,74.0511,15.0522,0,49.5224,0,149.5723,25.4777,53.9585,54.3221,0.6605,2.7436,59.4921,5.9835,2.2043,94.9649,211.8452,516.3679,149.1225,68.6835,24.305,121.8755,5.0265,0,0,0,0,0,0.369,0.2337,0,0.038,0,0.7345,0,0,1.1387,0.187,0,8.7438,1.478,21.0439,0,0.011,0,0.1209,0.952,0.0264,0.5685,0.1555,0.085,0.038,0,0,1.961,4.2163,0.0616,0.0003,5.759,0,0,0,0,0,0.023,0,0.38,0,5.8139,7.434,26.6571,191.7465,0.6734,14.0723,26.3419,148.2299,4.4086,12.3807,15.2805,3.0858,0.0136,17.4,2.1369,0.1166,9.0633,0.157,0.0408,3,0.09,0.4112,31.7718,0.3364,19.899,1.9512,0,9.4706,6.8326,0,4.1339,3.0872,0.0299,7.2869,0,2.6838,3.1697,0.0902,0.1144,12.2365,13.2938,2.644,0,0.27,9.7914,88.339,0.034,24.3042,0,0,0.05,0
"Austria",116.9,63,0.788,15.84,0.4769,0.46,3.746,1.39,1.01,0.0125,0,0,0,0,0,62.5,0.042,6.1643,7.2508,13.926,0.125,13.378,11.242,17.54,30.9,0.578,0.2,6.84,0.73,166.569,3.1,2.0819,0.6,16.45,4.247,339,12.29,144.9,48.747,2.4531,44.8,145.3,36.31,38.92,0,196.894,149.5723,0,111.67,59.1874,101.5,4.96,2.15,154.49,35.22,8.058,109.79,1.41,224.14,44.79,46.2,16.77,59.28,2.622,0,0.1,0,0,0.22,1.0434,1.93,0.3176,0.21,0.4492,18.46,3.28,2.3505,0.0023,2.2,1,7.9788,31.4152,118.0647,17.93,0.722,0.5,0.8409,0.1983,1.37,0.9296,1.734,0.492,0.045,0.3,0.55,5.49,3.3,0.22,1.6133,8.659,1.817,24.1,0,9.1,9,0.7,0.1,0.22,0.1,6.09,54.8,12.53,151.01,2.9341,184.9,77.17,152.48,8.889,51.88,13.44,31.31,3.5,96.8,6.7669,3.41,48.787,1.8417,8.27,41.9,10.5297,1.36,106.9,1.11,59.3,9.47,7.4,506.5,10.3514,0,3.05,0.48,0.4793,2.615,0,0.46,3.66,0,0,0.3,19.3,10.41,0,1.09,15.2,56.22,0.676,6.22,0,0,0.348,0
"Hungary",3.78,2.92,0.256,61.174,0.0253,0.03,0.116,0.09,0.022,0.0048,9,0,9,0,0,3.88,0.025,20.955,2.1365,0.008,0.634,8.326,0.423,22.79,1.1,0.001,0,18.82,10.26,116.559,0,0.3572,0,8.82,6.585,45.16,3.82,26.39,52.6219,2.6481,5.3,16.61,18.87,1.93,0,186.955,25.4777,111.67,0,150.0213,78.78,2.62,1.016,5.2,13.16,3.951,11.224,120.08,685.649,4.82,18.63,2.21,3.9,0.206,0,0,0,0,0,0.2566,0.877,9,0.003,0,12.49,0,9,0.1143,0,0,0.0089,1.5737,32.9079,0,0.004,0,0.0846,0,0,0,0.059,0.032,0.089,0,9,2.298,5.898,0.314,0.0526,5.011,9,0,0,0,0,0.04,9,0.216,0,5.09,62.19,27.84,53.49,1.1734,40.42,41.79,109.493,15.439,33.49,44.543,6.88,3.2,37.3,0.4814,0,10.2488,0,9,0,0,0,39.08,0.025,0,0.455,0,86.7,8.736,0,4.18,5.61,0.0003,0.174,0,0,12.94,0,0,21.46,11.79,11.48,0,0.61,4.49,22.04,9.091,2.15,0,0,0.041,9
"Czechoslovakia",35.7834,17.4114,0.008,8.9848,0.7357,0.12,0.2966,1.04,0.198,0.0262,0,0,9,0,0,15.4186,0.089,10.1801,4.844,0.34,19.1697,29.6488,1.2691,20.235,7.7,0,0.07,0.3257,7.4265,72.4186,6.286,0.6413,0,60.1826,19.832,102.2408,5.8388,27.2602,32.7138,1.6462,20.656,378.5547,3.9411,3.8035,0,58.215,53.9585,59.1874,150.0213,0,29.3276,1.7177,0.6418,51.8934,5.0609,2.6402,6.9312,113.0462,256.7095,42.6854,19.4765,8.4488,30.728,0.4327,0,0,0,0,0.1925,2.3265,1.626,3.3655,0.913,0.4999,4.0174,0.706,0.2515,0.7854,0.303,0.8168,0,1.581,3.0261,1.7328,0.08,0,0.4027,0.175,0,0.054,0.087,0.239,0.57,0.002,0.175,0.784,4.0432,0.8985,2.0694,1.1054,9,0,0,2.7596,0,0,0,0.131,9,5.4017,2.0368,5.7585,162.3687,1.47,12.2964,11.7388,124.4399,2.0661,52.8768,28.4306,5.9451,0,31.3,2.0692,0,10.2809,0.2917,0.175,7.6664,0,36.7095,2.5187,1.2194,1.3419,2.1179,0,12.3534,19.4454,0,12.4644,2.0687,7.1875,4.5544,0,0.3851,11.4038,1.2835,0.1925,16.8258,29.0664,7.6797,0,0.8253,25.5977,22.3562,0.368,6.7976,9,0,0.329,0
